0   0.0
1   0.2266785353422165
2   0.1597551554441452
3   0.196257546544075
4   0.19057601690292358
5   0.14766381680965424
6   0.20924760401248932
7   0.16698865592479706
8   0.23372165858745575
9   1.2350680828094482
10   1.4418277740478516
11   1.1076164245605469
12   1.0004456043243408
13   1.530210256576538
14   1.4665570259094238
15   0.9041427969932556
16   1.0800803899765015
17   1.4642736911773682
18   1.4207987785339355
19   1.5596743822097778
20   1.1179370880126953
21   1.3817265033721924
22   1.4418848752975464
23   1.3159332275390625
24   1.0187546014785767
25   1.3489258289337158
26   1.5472362041473389
27   0.9358116984367371
28   0.9700160026550293
29   0.9959136247634888
30   1.3897147178649902
31   1.543959379196167
32   1.0663477182388306
33   1.5297281742095947
34   1.1782306432724
35   1.077988862991333
36   0.7236689329147339
37   1.024369478225708
38   1.204095721244812
39   0.9931325316429138
40   0.8878551125526428
41   0.7767845988273621
42   0.6478174328804016
43   1.2319834232330322
44   1.38948655128479
45   1.3770325183868408
46   1.2364592552185059
47   1.0995315313339233
48   0.843308687210083
49   1.1170287132263184
50   0.8433870077133179
51   0.6904112696647644
52   0.925377368927002
53   1.2516555786132813
54   1.2916792631149292
55   0.8920615911483765
56   1.0033485889434814
57   1.0932670831680298
58   1.40652334690094
59   1.031510353088379
60   1.1930052042007446
61   0.8750494122505188
62   1.017700433731079
63   1.6245826482772827
64   0.7335522174835205
65   1.1468439102172852
66   1.0601329803466797
67   1.3077532052993774
68   1.321739912033081
69   1.4265599250793457
70   1.0048975944519043
71   1.4139662981033325
72   1.0436458587646484
73   1.0569853782653809
74   0.9732499122619629
75   0.7495759725570679
76   1.0243369340896606
77   1.3015085458755493
78   0.8489646315574646
79   1.0380394458770752
80   0.9005715847015381
81   0.9382480382919312
82   0.8095210194587708
83   1.0407562255859375
84   1.03555428981781
85   0.9131828546524048
86   1.1601771116256714
87   0.9267401099205017
88   1.094975233078003
89   1.0168936252593994
90   0.8950039148330688
91   1.5349525213241577
92   1.1969263553619385
93   1.3307323455810547
94   1.185042381286621
95   1.158207654953003
96   1.1103451251983643
97   1.3497905731201172
98   0.7417055368423462
99   1.0057305097579956
100   1.138020634651184
101   1.1075531244277954
102   0.9596424698829651
103   0.8012384176254272
104   1.2729225158691406
105   1.0357297658920288
106   1.4318749904632568
107   1.1756017208099365
108   0.864764928817749
109   1.0233248472213745
110   1.2607871294021606
111   1.0153794288635254
112   1.0520918369293213
113   0.8116609454154968
114   1.1366726160049438
115   1.1276895999908447
116   1.1024587154388428
117   1.191654086112976
118   1.4386935234069824
119   1.129012107849121
120   1.0198529958724976
121   1.226366400718689
122   0.9210734963417053
123   1.490904688835144
124   1.3927785158157349
125   1.2564201354980469
126   0.9700030088424683
127   1.4541370868682861
128   0.9583852887153625
129   0.8820321559906006
130   1.0067243576049805
131   1.171065330505371
132   1.4701389074325562
133   1.3913511037826538
134   0.7901954054832458
135   1.0320549011230469
136   1.4852347373962402
137   1.3261165618896484
138   1.6450432538986206
139   1.0902386903762817
140   0.9826521873474121
141   1.0110737085342407
142   0.9064258933067322
143   1.0414146184921265
144   1.102160930633545
145   0.8258480429649353
146   1.302101492881775
147   1.0433555841445923
148   0.6069207787513733
149   0.7276588082313538
150   0.9765169024467468
151   1.1278150081634521
152   0.9123563170433044
153   0.9871706962585449
154   1.0195724964141846
155   1.1495461463928223
156   1.2682396173477173
157   1.1168396472930908
158   0.660061240196228
159   1.6739431619644165
160   1.232049584388733
161   0.9505888223648071
162   1.0904316902160645
163   1.1375099420547485
164   1.305411458015442
165   1.4002026319503784
166   0.9211047291755676
167   1.1250938177108765
168   1.350472092628479
169   0.9014946222305298
170   1.0696758031845093
171   0.9171627759933472
172   1.089241862297058
173   0.8430566191673279
174   1.4609169960021973
175   1.1421929597854614
176   1.403875708580017
177   1.0637357234954834
178   0.7876638174057007
179   0.9402653574943542
180   1.2010170221328735
181   1.2180932760238647
182   1.161945104598999
183   1.165230393409729
184   0.9998864531517029
185   1.1269330978393555
186   1.7463260889053345
187   1.1327996253967285
188   1.0553497076034546
189   1.2790621519088745
190   0.9494154453277588
191   0.7757186889648438
192   0.8107733130455017
193   1.1006526947021484
194   1.4930399656295776
195   1.0586187839508057
196   1.2565853595733643
197   0.8668283224105835
198   0.7815997004508972
199   1.461449146270752
200   0.8905755877494812
201   1.005656361579895
202   1.018826961517334
203   1.174057960510254
204   0.5761604309082031
205   1.5002989768981934
206   1.1744886636734009
207   1.211225986480713
208   1.0423985719680786
1   0.6999868750572205
2   1.0280340909957886
3   1.1757581233978271
4   1.3759959936141968
5   1.2765321731567383
6   1.2880712747573853
7   1.109269142150879
8   1.526939034461975
9   1.1205832958221436
10   1.3385459184646606
11   1.2247679233551025
12   1.425310730934143
13   1.3353129625320435
14   0.8377076983451843
15   1.1962451934814453
16   0.9054669737815857
17   1.245346188545227
18   1.1549798250198364
19   0.9608508944511414
20   1.1698857545852661
1   1.131897211074829
2   0.9787116646766663
3   1.1054986715316772
4   1.1158711910247803
5   1.0203443765640259
6   1.2989007234573364
7   1.2424665689468384
8   1.132233738899231
9   1.1507153511047363
10   1.2177876234054565
11   1.379894495010376
12   1.3066083192825317
13   1.2829320430755615
14   1.0812866687774658
15   1.1603593826293945
16   1.329195499420166
17   0.9790506958961487
18   1.1558886766433716
19   0.9869118928909302
20   1.4907786846160889
21   1.1436009407043457
22   1.081424593925476
23   1.0282787084579468
24   1.118402361869812
25   1.060768723487854
26   1.0619564056396484
27   1.1203211545944214
28   1.1655348539352417
29   1.0857800245285034
30   1.1359161138534546
31   1.243659496307373
32   1.216012954711914
33   1.1158663034439087
34   1.0666661262512207
35   1.133553147315979
36   1.0146832466125488
37   1.1228243112564087
38   1.0929698944091797
39   1.0839495658874512
40   1.0561031103134155
41   1.1778151988983154
42   1.1931811571121216
43   1.0054645538330078
44   1.1500523090362549
45   1.2352302074432373
46   1.1564297676086426
47   1.105294108390808
48   0.9727092981338501
49   1.0611717700958252
50   1.1899811029434204
51   1.2139592170715332
52   1.0700815916061401
53   1.0973612070083618
54   0.9533273577690125
55   1.1672942638397217
56   1.1984293460845947
57   1.0856918096542358
58   1.1988686323165894
59   1.04701566696167
60   0.9585729241371155
61   1.2255802154541016
62   1.110573410987854
63   1.0010533332824707
64   1.0244680643081665
65   1.2526742219924927
66   1.095347285270691
67   1.10891592502594
68   0.9984045624732971
69   0.8699508309364319
70   0.9968140721321106
71   0.9773758053779602
72   0.9619705080986023
73   1.0580929517745972
74   0.969178318977356
75   1.179938793182373
76   1.2425493001937866
77   1.1253876686096191
78   1.0657647848129272
79   1.1503938436508179
80   1.123220682144165
81   1.0801782608032227
82   1.050853967666626
83   1.3329097032546997
84   1.1604626178741455
85   1.099001169204712
86   0.9695585370063782
87   1.2784252166748047
88   0.9776031970977783
89   1.013873815536499
90   1.1524821519851685
91   1.0775479078292847
92   1.253878116607666
93   1.2395901679992676
94   1.0202134847640991
95   1.1093223094940186
96   1.3839225769042969
97   1.0985628366470337
98   1.0522609949111938
99   1.174217939376831
100   1.0509699583053589
101   1.0290693044662476
102   0.9621523022651672
103   1.080910325050354
104   1.1555280685424805
105   1.3277510404586792
106   1.1288795471191406
107   1.0341874361038208
108   1.1092652082443237
109   1.3220791816711426
110   1.0043408870697021
111   1.0094842910766602
112   1.3083690404891968
113   1.111504077911377
114   1.0753509998321533
115   1.0868536233901978
116   1.0342925786972046
117   1.0071905851364136
118   1.0446112155914307
119   1.1129244565963745
120   0.9877546429634094
121   0.9681747555732727
122   0.9552669525146484
123   1.0858365297317505
124   1.0947279930114746
125   1.0588933229446411
126   0.9474005103111267
127   0.9656431078910828
128   1.1858257055282593
129   1.2855939865112305
130   1.126523733139038
131   1.134448766708374
132   0.9664351344108582
133   0.9995607137680054
134   1.0096622705459595
135   1.087236762046814
136   1.2949061393737793
137   1.17118239402771
138   1.3817527294158936
139   1.1825050115585327
140   0.9998005628585815
141   1.1408170461654663
142   1.247391939163208
143   0.9167487621307373
144   1.109555721282959
145   1.2586338520050049
146   1.1727936267852783
147   1.2355293035507202
148   1.011099100112915
149   1.206159234046936
150   1.3194561004638672
151   0.9590799808502197
152   1.301545262336731
153   1.1556545495986938
154   1.013593316078186
155   0.9425395131111145
156   1.1901520490646362
157   1.226318120956421
158   1.239412784576416
159   1.2287708520889282
160   1.1164425611495972
1   1.1289783716201782
2   1.155903697013855
3   0.9750467538833618
4   1.0354435443878174
5   1.136706829071045
6   1.023187279701233
7   0.9598715305328369
8   1.1529567241668701
9   1.1792950630187988
10   1.078472375869751
11   1.1851582527160645
12   1.0995659828186035
13   1.1414062976837158
14   1.2735509872436523
15   1.1054472923278809
16   0.874206006526947
17   1.0064969062805176
18   1.1780414581298828
19   1.0937223434448242
20   1.0308490991592407
21   1.4031493663787842
22   0.8485288619995117
23   1.2443500757217407
24   1.3106592893600464
25   0.7548733949661255
26   1.5769997835159302
27   1.2074540853500366
28   1.1015602350234985
29   0.9562042951583862
30   1.0015507936477661
31   1.3094316720962524
32   1.1097427606582642
33   1.2862038612365723
34   0.9185072779655457
35   1.1651769876480103
36   1.7378151416778564
37   1.1187034845352173
38   1.095053791999817
39   1.2721534967422485
40   1.3766270875930786
41   1.329552412033081
42   0.9368335008621216
43   1.494386911392212
44   1.2418906688690186
45   1.00404953956604
46   0.9661928415298462
47   0.8430284261703491
48   1.4187959432601929
49   1.4664887189865112
50   1.4240339994430542
51   1.258371114730835
52   1.2420244216918945
53   1.3513438701629639
54   1.430859923362732
55   1.4610825777053833
56   1.235813021659851
57   1.0966424942016602
58   1.1765437126159668
59   1.087235450744629
60   1.0686522722244263
61   1.7212252616882324
62   1.1885430812835693
63   1.191712737083435
64   0.8936342000961304
65   1.3358224630355835
66   1.3481978178024292
67   1.1459723711013794
68   1.0615146160125732
69   1.3462988138198853
70   1.6225602626800537
71   1.4940906763076782
72   1.642817497253418
73   0.9913021922111511
74   1.8907829523086548
75   0.9499883651733398
76   1.4647741317749023
77   1.4193581342697144
78   1.627130389213562
79   1.6715563535690308
80   1.2716089487075806
81   1.3514806032180786
82   0.8236176371574402
83   1.202182412147522
84   1.1318624019622803
85   1.1272988319396973
86   1.2114765644073486
87   1.7588727474212646
88   2.093442916870117
89   1.2780998945236206
90   1.0476994514465332
91   1.3860503435134888
92   0.9678806066513062
93   0.7016299962997437
94   1.7702995538711548
95   1.1086024045944214
96   1.015906810760498
97   1.0456713438034058
98   1.064871072769165
99   1.158925175666809
100   0.8962154984474182
101   1.2830810546875
102   1.0686180591583252
103   1.036556601524353
104   1.1704716682434082
105   1.0404038429260254
106   1.2883226871490479
107   0.9735263586044312
108   1.3098541498184204
109   1.2104668617248535
110   1.0811142921447754
111   1.1797765493392944
112   0.9691954851150513
113   0.9322054982185364
114   1.2769466638565063
115   1.043147087097168
116   1.0477168560028076
117   1.3340634107589722
118   1.031158685684204
119   1.0723835229873657
120   1.0944931507110596
121   1.4103832244873047
122   0.8967941403388977
123   0.832158088684082
124   0.8510193228721619
125   1.209631085395813
126   1.111589789390564
127   1.3789927959442139
128   1.2923049926757813
129   1.0595216751098633
130   0.9948790669441223
131   1.2471436262130737
132   1.182755947113037
133   1.0976945161819458
134   1.1928263902664185
135   1.1278082132339478
136   1.1735652685165405
137   1.295488715171814
138   0.8981842994689941
139   1.1467031240463257
140   1.239759087562561
141   1.2912572622299194
142   1.1817700862884521
143   1.3168498277664185
144   1.1874959468841553
145   1.2159887552261353
146   1.1173847913742065
147   1.234979510307312
148   1.0790369510650635
149   1.0677204132080078
150   1.19839608669281
151   1.1036243438720703
152   1.2703115940093994
153   1.0481586456298828
154   0.9999228715896606
155   1.237038016319275
156   1.2184938192367554
157   1.0440863370895386
158   1.0583678483963013
159   1.0707887411117554
160   1.0095605850219727
161   1.1933262348175049
162   1.092966079711914
163   1.0029690265655518
164   1.1008367538452148
