0   0.0
1   0.19095240533351898
2   0.20338429510593414
3   0.1962343454360962
4   0.20808783173561096
5   0.2041013091802597
6   0.19973137974739075
7   0.1897324174642563
8   0.20362348854541779
9   0.9141312837600708
10   1.077688455581665
11   1.2738994359970093
12   1.056158423423767
13   1.1937172412872314
14   1.1989343166351318
15   1.1112027168273926
16   1.2527910470962524
17   1.2166047096252441
18   1.2209241390228271
19   1.4349435567855835
20   1.2965776920318604
21   1.3882637023925781
22   1.336817979812622
23   1.2379217147827148
24   1.1591167449951172
25   1.3236441612243652
26   1.108090877532959
27   1.5674903392791748
28   1.2416437864303589
29   1.3934988975524902
30   1.3841936588287354
31   1.3065077066421509
32   1.4252731800079346
33   1.3138506412506104
34   1.2863818407058716
35   1.4098540544509888
36   1.3412058353424072
37   1.23409903049469
38   1.1950104236602783
39   1.1079617738723755
40   1.159409761428833
41   1.172777533531189
42   1.2127455472946167
43   1.3826676607131958
44   1.4778081178665161
45   1.3990670442581177
46   1.2083858251571655
47   1.5346537828445435
48   1.3902064561843872
49   1.2419469356536865
50   1.0099667310714722
51   1.1811645030975342
52   1.215003490447998
53   1.2512526512145996
54   1.321835994720459
55   1.3382079601287842
56   1.2021971940994263
57   1.0818334817886353
58   1.2107232809066772
59   1.2010935544967651
60   1.275410771369934
61   1.1632215976715088
62   1.2545092105865479
63   1.1348215341567993
64   1.1409976482391357
65   1.263759970664978
66   1.1674309968948364
67   1.1797159910202026
68   1.2336176633834839
69   1.3676220178604126
70   1.107591986656189
71   1.3023552894592285
72   1.1637582778930664
73   1.1857739686965942
74   1.2887237071990967
75   1.2182538509368896
76   1.4040029048919678
77   1.2126587629318237
78   1.2537169456481934
79   1.081076979637146
80   1.2415270805358887
81   1.4154295921325684
82   1.1566739082336426
83   1.2855676412582397
84   1.3727883100509644
85   1.1786112785339355
86   1.331418752670288
87   1.1835620403289795
88   1.2706844806671143
89   1.2452566623687744
90   1.1648200750350952
91   1.3853187561035156
92   1.191550374031067
93   1.22823166847229
94   1.314581036567688
95   1.5245922803878784
96   1.2644786834716797
97   1.2556800842285156
98   1.2538483142852783
99   1.2228034734725952
100   1.41615629196167
101   1.4134070873260498
102   1.1454014778137207
103   1.124301552772522
104   1.1476880311965942
105   1.3813610076904297
106   1.2530860900878906
107   1.324592113494873
108   1.2300056219100952
109   1.2836723327636719
110   1.2664015293121338
111   1.2415740489959717
112   1.4630279541015625
113   1.206548810005188
114   1.3180514574050903
115   1.2661631107330322
116   1.3250254392623901
117   1.1995141506195068
118   1.306578278541565
119   1.222691297531128
120   1.360093593597412
121   1.3308614492416382
122   1.5434026718139648
123   1.3608731031417847
124   1.1421492099761963
125   1.2945327758789063
126   1.3011378049850464
127   1.2744321823120117
128   1.2848504781723022
129   1.2866106033325195
130   1.2304496765136719
131   1.1316449642181396
132   1.2544525861740112
133   1.336104154586792
134   1.2854911088943481
135   1.3023813962936401
136   1.113883137702942
137   1.1547613143920898
138   1.2665116786956787
139   1.18900728225708
140   1.181294560432434
141   1.2204304933547974
142   1.245227336883545
143   1.2528144121170044
144   1.163834571838379
145   1.2329068183898926
146   1.492468237876892
147   1.2460694313049316
148   1.3741226196289063
149   1.1231656074523926
150   1.2433838844299316
151   1.1469508409500122
152   1.1179471015930176
153   1.1958118677139282
154   1.2382618188858032
155   1.4293744564056396
156   1.3016958236694336
157   1.2717304229736328
158   1.2722169160842896
159   1.2584209442138672
160   1.2092629671096802
161   1.1290453672409058
162   1.159804344177246
163   1.2108886241912842
164   1.422472357749939
165   1.254018783569336
166   1.1222586631774902
167   1.155772089958191
168   1.1940562725067139
169   1.307124137878418
170   1.3502463102340698
171   1.1463236808776855
172   1.1363258361816406
173   1.1547346115112305
174   1.093139886856079
175   1.3563710451126099
176   1.3553589582443237
177   1.2402476072311401
178   1.2245206832885742
179   1.3267959356307983
180   1.1677058935165405
181   1.2143527269363403
182   1.469110369682312
183   1.3870763778686523
184   1.2008018493652344
185   1.245298981666565
186   1.2529921531677246
187   1.2245694398880005
188   1.2278608083724976
189   1.2140591144561768
190   1.2959500551223755
191   1.2672455310821533
192   1.2055480480194092
193   1.2406290769577026
194   1.4941084384918213
195   1.2103335857391357
196   1.2251421213150024
197   1.2378095388412476
198   1.2481876611709595
199   1.1779016256332397
200   1.1757642030715942
201   1.3421175479888916
202   1.2980974912643433
203   1.16199791431427
204   1.155285120010376
205   1.4048097133636475
206   1.3416354656219482
207   1.3447537422180176
208   1.292053461074829
1   1.3470754623413086
2   1.3582066297531128
3   1.4377434253692627
4   1.4172016382217407
5   1.4278532266616821
6   1.5170634984970093
7   1.4194166660308838
8   1.4485125541687012
9   1.3997822999954224
10   1.5738693475723267
11   1.578760027885437
12   1.391462802886963
13   1.4171701669692993
14   1.5835970640182495
15   1.5321458578109741
16   1.2191210985183716
17   1.3929800987243652
18   1.377465009689331
19   1.4426867961883545
20   1.229868769645691
1   1.3398302793502808
2   1.3249046802520752
3   1.4716699123382568
4   1.3673162460327148
5   1.4301385879516602
6   1.5873857736587524
7   1.597294569015503
8   1.5812147855758667
9   1.6958863735198975
10   1.5767419338226318
11   1.4137006998062134
12   1.4619675874710083
13   1.5082314014434814
14   1.390398383140564
15   1.6332225799560547
16   1.4754307270050049
17   1.3861390352249146
18   1.4093520641326904
19   1.5537923574447632
20   1.515030860900879
21   1.4847928285598755
22   1.3875044584274292
23   1.5505542755126953
24   1.665976643562317
25   1.5710148811340332
26   1.4447394609451294
27   1.492305040359497
28   1.4992259740829468
29   1.5376638174057007
30   1.315637469291687
31   1.6521543264389038
32   1.376533031463623
33   1.3294047117233276
34   1.5635735988616943
35   1.275773048400879
36   1.399742603302002
37   1.1295803785324097
38   1.5455875396728516
39   1.501680612564087
40   1.6684694290161133
41   1.373819351196289
42   1.3122830390930176
43   1.58425772190094
44   1.5517278909683228
45   1.3782551288604736
46   1.5817339420318604
47   1.3806252479553223
48   1.448620080947876
49   1.5319854021072388
50   1.5033379793167114
51   1.2338905334472656
52   1.3065723180770874
53   1.5374515056610107
54   1.4739561080932617
55   1.5829178094863892
56   1.4533984661102295
57   1.1874382495880127
58   1.5916980504989624
59   1.520775318145752
60   1.5722498893737793
61   1.7806974649429321
62   1.4844130277633667
63   1.4242867231369019
64   1.6383295059204102
65   1.7092127799987793
66   1.7976484298706055
67   1.4495359659194946
68   1.621974229812622
69   1.4655522108078003
70   1.5304555892944336
71   1.471630334854126
72   1.518678069114685
73   1.7455554008483887
74   1.4758851528167725
75   1.433984637260437
76   1.3591563701629639
77   1.4495693445205688
78   1.4446858167648315
79   1.614219069480896
80   1.5245417356491089
81   1.3655624389648438
82   1.4743973016738892
83   1.342769742012024
84   1.5840606689453125
85   1.3925106525421143
86   1.6239291429519653
87   1.3737128973007202
88   1.4920083284378052
89   1.3790991306304932
90   1.4756133556365967
91   1.4493345022201538
92   1.3077529668807983
93   1.4782942533493042
94   1.557701826095581
95   1.2675365209579468
96   1.4856735467910767
97   1.4794507026672363
98   1.5111937522888184
99   1.6280287504196167
100   1.604272723197937
101   1.4310526847839355
102   1.5167622566223145
103   1.4722446203231812
104   1.4407906532287598
105   1.432415246963501
106   1.4394783973693848
107   1.497645616531372
108   1.6935662031173706
109   1.5006681680679321
110   1.6498383283615112
111   1.4482396841049194
112   1.6308492422103882
113   1.620212435722351
114   1.3478668928146362
115   1.5283914804458618
116   1.2460731267929077
117   1.348063349723816
118   1.5580108165740967
119   1.5001357793807983
120   1.5356167554855347
121   1.6027952432632446
122   1.5209674835205078
123   1.675562858581543
124   1.4314278364181519
125   1.5052719116210938
126   1.540708303451538
127   1.6943886280059814
128   1.5311453342437744
129   1.526814341545105
130   1.6974397897720337
131   1.5405969619750977
132   1.5714976787567139
133   1.5402908325195313
134   1.7291215658187866
135   1.4442654848098755
136   1.6097153425216675
137   1.4602892398834229
138   1.4089258909225464
139   1.4524410963058472
140   1.5365006923675537
141   1.55062735080719
142   1.354383945465088
143   1.2553200721740723
144   1.323254942893982
145   1.6147735118865967
146   1.5991588830947876
147   1.535295009613037
148   1.850201964378357
149   1.4505641460418701
150   1.6586458683013916
151   1.6484081745147705
152   1.3458340167999268
153   1.4468913078308105
154   1.6310491561889648
155   1.639767050743103
156   1.5188158750534058
157   1.4226138591766357
158   1.412854552268982
159   1.681575059890747
160   1.5791836977005005
1   1.3029603958129883
2   1.3759361505508423
3   1.4113149642944336
4   1.3421218395233154
5   1.512194037437439
6   1.5422260761260986
7   1.5408740043640137
8   1.4974021911621094
9   1.6569246053695679
10   1.5760196447372437
11   1.4075565338134766
12   1.5015486478805542
13   1.7346943616867065
14   1.5368092060089111
15   1.587628722190857
16   1.4999901056289673
17   1.4236034154891968
18   1.5121817588806152
19   1.5751910209655762
20   1.543082356452942
21   2.0279409885406494
22   1.6248081922531128
23   1.5054105520248413
24   1.5443660020828247
25   1.6486732959747314
26   1.8635715246200562
27   1.779867172241211
28   1.718381643295288
29   1.471281886100769
30   1.640407919883728
31   1.5119093656539917
32   1.5362685918807983
33   1.529813528060913
34   1.6913739442825317
35   1.5173462629318237
36   1.9493874311447144
37   1.3008004426956177
38   1.76882803440094
39   2.0321342945098877
40   1.9241282939910889
41   1.7937766313552856
42   1.8390685319900513
43   1.6204850673675537
44   2.039339780807495
45   1.651321291923523
46   1.843119740486145
47   1.5627588033676147
48   1.7605650424957275
49   1.7908389568328857
50   1.7218130826950073
51   1.7252788543701172
52   1.767876386642456
53   1.8253915309906006
54   1.7435851097106934
55   1.9651768207550049
56   1.3410606384277344
57   1.4171603918075562
58   1.4729993343353271
59   1.503433346748352
60   1.8085532188415527
61   1.8154102563858032
62   1.6084184646606445
63   1.469583511352539
64   1.6156409978866577
65   1.536737322807312
66   1.6694958209991455
67   1.6610773801803589
68   1.7550830841064453
69   1.8198654651641846
70   1.5559996366500854
71   2.01077938079834
72   2.014469623565674
73   1.7818543910980225
74   2.1763205528259277
75   2.051954746246338
76   1.9837745428085327
77   1.743909478187561
78   1.9733062982559204
79   2.2462637424468994
80   1.905421257019043
81   1.8654286861419678
82   1.8569693565368652
83   1.6737971305847168
84   1.544998288154602
85   1.6804720163345337
86   1.9184372425079346
87   1.9390852451324463
88   2.15519642829895
89   1.6086540222167969
90   1.6784921884536743
91   1.6830909252166748
92   1.7794150114059448
93   1.6348421573638916
94   2.1617491245269775
95   1.5805147886276245
96   1.647384762763977
97   1.8791972398757935
98   1.6847001314163208
99   1.7275339365005493
100   1.7942272424697876
101   1.8479595184326172
102   1.6007922887802124
103   1.7620259523391724
104   1.588850736618042
105   1.8682600259780884
106   1.9138734340667725
107   1.634661316871643
108   1.889727234840393
109   2.124044418334961
110   1.7616974115371704
111   1.79683518409729
112   1.6684938669204712
113   1.8025659322738647
114   1.7605488300323486
115   1.6944551467895508
116   1.6258703470230103
117   1.5039286613464355
118   1.7682416439056396
119   1.7992013692855835
120   1.7490787506103516
121   1.8018168210983276
122   1.8844146728515625
123   1.6540762186050415
124   1.754804253578186
125   1.5723073482513428
126   1.7557156085968018
127   1.5861361026763916
128   1.6460496187210083
129   1.604353427886963
130   1.5795282125473022
131   1.4064576625823975
132   1.5167442560195923
133   1.7530596256256104
134   1.7341707944869995
135   1.8837926387786865
136   1.7991009950637817
137   1.6008269786834717
138   1.8702747821807861
139   1.7227140665054321
140   1.6188697814941406
141   1.7719124555587769
142   1.7145416736602783
143   1.364467740058899
144   1.5004793405532837
145   1.7540221214294434
146   1.7965612411499023
147   1.5495896339416504
148   1.6370093822479248
149   1.6351406574249268
150   1.5260475873947144
151   1.6089810132980347
152   1.5331289768218994
153   1.3798584938049316
154   1.5651921033859253
155   1.4845302104949951
156   1.5425400733947754
157   1.3738120794296265
158   1.4910467863082886
159   1.348794937133789
160   1.5393377542495728
161   1.5293586254119873
162   1.497238278388977
163   1.609201431274414
164   1.6216328144073486
