0   0.0
1   2.032487154006958
2   2.1224257946014404
3   2.2345457077026367
4   2.137270927429199
5   2.1726300716400146
6   2.219581127166748
7   2.101499557495117
8   2.0202367305755615
9   2.546494245529175
10   2.598156690597534
11   2.760075092315674
12   3.583392858505249
13   4.323788166046143
14   4.809510707855225
15   5.68317174911499
16   5.42243766784668
17   6.19615364074707
18   5.575944423675537
19   6.081684589385986
20   5.3330206871032715
21   6.434944152832031
22   6.472208023071289
23   5.078427791595459
24   5.309105396270752
25   5.191078186035156
26   5.436116695404053
27   5.422235012054443
28   4.810441970825195
29   5.683520793914795
30   5.8139142990112305
31   4.564138889312744
32   6.377593040466309
33   6.705023765563965
34   6.408504486083984
35   6.653171539306641
36   4.93898344039917
37   5.629549026489258
38   6.054617404937744
39   5.011742115020752
40   5.188875675201416
41   5.759924411773682
42   4.217733860015869
43   4.760468006134033
44   5.171353816986084
45   4.998868942260742
46   6.462233543395996
47   5.345404624938965
48   5.808845043182373
49   5.661447048187256
50   5.36763334274292
51   6.1288161277771
52   4.804328918457031
53   4.556258201599121
54   5.418673038482666
55   5.369465351104736
56   5.205930233001709
57   5.3715081214904785
58   5.139819145202637
59   5.192439079284668
60   5.453893184661865
61   5.345614433288574
62   6.223671913146973
63   6.0457868576049805
64   4.0662841796875
65   5.606782913208008
66   4.932528018951416
67   7.095126628875732
68   5.971752643585205
69   5.219268798828125
70   6.063652515411377
71   5.1968994140625
72   6.100161552429199
73   6.746013164520264
74   5.854720115661621
75   5.8678789138793945
76   6.645903587341309
77   6.368070125579834
78   4.818173885345459
79   6.017759323120117
80   5.40826940536499
81   5.947835445404053
82   6.2204694747924805
83   5.442498207092285
84   6.234996318817139
85   5.843814849853516
86   4.773123264312744
87   6.204744338989258
88   7.240920066833496
89   5.968142986297607
90   5.407044887542725
91   6.134687900543213
92   4.285857677459717
93   4.95594596862793
94   7.286383628845215
95   6.0361809730529785
96   6.130224704742432
97   5.1336894035339355
98   6.7344584465026855
99   5.7499470710754395
100   6.201094627380371
101   5.040980339050293
102   6.01726770401001
103   5.177318096160889
104   5.418020725250244
105   4.731372833251953
106   4.232461929321289
107   6.511479377746582
108   6.066678524017334
109   6.58123254776001
110   5.545452117919922
111   6.23707389831543
112   6.886869430541992
113   6.489896774291992
114   5.541934967041016
115   6.691286087036133
116   6.193174362182617
117   6.507383823394775
118   3.72076416015625
119   4.706756591796875
120   5.190842151641846
121   5.118009090423584
122   6.071965217590332
123   6.90601110458374
124   6.820704460144043
125   5.522497653961182
126   7.050328254699707
127   5.851721286773682
128   5.213376522064209
129   5.771608352661133
130   5.005520343780518
131   4.880651473999023
132   6.5928826332092285
133   6.688961029052734
134   4.87578821182251
135   5.6372761726379395
136   5.178070545196533
137   5.207021236419678
138   6.418686866760254
139   5.520657539367676
140   6.442118167877197
141   4.933494567871094
142   5.719627380371094
143   5.9188995361328125
144   4.8784589767456055
145   5.4574456214904785
146   5.525238037109375
147   5.912540912628174
148   5.017815113067627
149   6.667896270751953
150   5.737875938415527
151   5.72113037109375
152   6.135384559631348
153   6.25438117980957
154   6.400086879730225
155   6.3995771408081055
156   3.482841730117798
157   2.7564592361450195
158   4.2575860023498535
159   4.248437404632568
160   4.500931739807129
161   4.637187957763672
162   5.479288578033447
163   4.962653636932373
164   3.3005530834198
165   4.121150016784668
166   5.053260803222656
167   4.121903419494629
168   5.928759574890137
169   6.315330982208252
170   6.8027825355529785
171   6.292144298553467
172   6.521327972412109
173   6.689488887786865
174   6.688285827636719
175   6.40281867980957
176   6.148360729217529
177   5.978837966918945
178   5.719263553619385
179   6.25218391418457
180   6.034642219543457
181   6.10959529876709
182   5.08004093170166
183   4.659822940826416
184   5.261037349700928
185   5.6302313804626465
186   5.857608318328857
187   5.543537616729736
188   6.124619960784912
189   6.184158802032471
190   5.365066051483154
191   5.76699686050415
192   6.009696960449219
193   5.204722881317139
194   6.654461860656738
195   5.807406425476074
196   5.948062419891357
197   4.989875793457031
198   6.470994472503662
199   5.875275135040283
200   5.684329509735107
201   6.763684272766113
202   6.280904293060303
203   4.696835517883301
204   6.355529308319092
205   6.000349521636963
206   5.746509075164795
207   6.5702009201049805
208   6.299954891204834
209   6.623523712158203
210   5.940464019775391
211   5.985461235046387
212   6.564300060272217
213   5.9497480392456055
