0   0.0
1   1.1119284629821777
2   1.3511676788330078
3   1.3412957191467285
4   1.1891419887542725
5   1.0718022584915161
6   1.4146543741226196
7   1.1259359121322632
8   1.1788033246994019
9   1.418463110923767
10   1.4029722213745117
11   1.4138489961624146
12   1.4464129209518433
13   1.6791263818740845
14   4.159461975097656
15   2.8561720848083496
16   1.9055018424987793
17   2.5249223709106445
18   1.5269430875778198
19   3.6285784244537354
20   4.423288822174072
21   3.302452325820923
22   3.736406087875366
23   3.7277133464813232
24   3.241170883178711
25   3.361295461654663
26   4.032858371734619
27   4.546755313873291
28   2.494297742843628
29   2.8762664794921875
30   4.40052604675293
31   4.3799262046813965
32   3.2381186485290527
33   3.2650399208068848
34   3.2848706245422363
35   4.1382975578308105
36   6.165842056274414
37   3.3032774925231934
38   3.5176589488983154
39   3.303189516067505
40   4.338598251342773
41   3.528306007385254
42   3.796851873397827
43   3.0327250957489014
44   3.6565048694610596
45   3.3033947944641113
46   4.412224292755127
47   4.0545196533203125
48   4.277180194854736
49   3.734842538833618
50   3.349789619445801
51   3.795769214630127
52   3.173729658126831
53   2.8869194984436035
54   3.557204246520996
55   3.2422797679901123
56   4.149320602416992
57   3.541677474975586
58   3.457280158996582
59   3.163933277130127
60   3.368696689605713
61   3.3790361881256104
62   4.283416748046875
63   3.3832178115844727
64   2.824341058731079
65   2.817636489868164
66   4.477390289306641
67   3.959662437438965
68   4.186758518218994
69   3.2500534057617188
70   3.155571460723877
71   4.113185405731201
72   2.0975501537323
73   3.147697687149048
74   4.855292797088623
75   3.6980133056640625
76   1.6959856748580933
77   2.2195208072662354
78   2.6133153438568115
79   1.7268365621566772
80   1.9663219451904297
81   1.178682565689087
82   3.631608247756958
83   3.0157992839813232
84   3.548168420791626
85   1.918296217918396
86   4.229930877685547
87   2.4899463653564453
88   4.372685432434082
89   3.762131929397583
90   3.776775598526001
91   3.8557519912719727
92   3.2565205097198486
93   3.812272310256958
94   3.8201992511749268
95   3.670116424560547
96   3.942307233810425
97   3.0934581756591797
98   3.9989490509033203
99   2.5926854610443115
100   3.3876121044158936
101   3.6542294025421143
102   3.636671304702759
103   3.1343982219696045
104   3.890645742416382
105   5.0066680908203125
106   4.54091215133667
107   3.691251277923584
108   3.8604888916015625
109   3.6613357067108154
110   4.8703508377075195
111   3.9731130599975586
112   3.7787909507751465
113   4.7740983963012695
114   2.9194657802581787
115   4.4411773681640625
116   4.585110187530518
117   2.773711681365967
118   3.715580463409424
119   3.9172627925872803
120   3.100959300994873
121   3.406862497329712
122   4.40749454498291
123   3.5309715270996094
124   3.627581834793091
125   2.1160106658935547
126   1.949113368988037
127   1.0385220050811768
128   1.640445351600647
129   3.0584652423858643
130   3.2194056510925293
131   3.7746665477752686
132   3.3768727779388428
133   3.353851079940796
134   3.889359474182129
135   3.247744083404541
136   3.867741346359253
137   4.271719455718994
138   4.120665073394775
139   4.066855430603027
140   3.65244722366333
141   4.053450107574463
142   5.3087239265441895
143   3.664337158203125
144   4.361156463623047
145   3.866204261779785
146   3.6581239700317383
147   4.256350040435791
148   3.557589054107666
149   4.513259410858154
150   3.858466386795044
151   3.7389726638793945
152   3.7450037002563477
153   3.5465993881225586
154   3.5973525047302246
155   4.241106033325195
156   4.97231912612915
157   3.431713581085205
158   2.6423873901367188
159   2.403550624847412
160   4.1988205909729
161   3.328065872192383
162   4.819479465484619
163   3.5230774879455566
164   3.702164649963379
165   3.2829973697662354
166   4.252092361450195
167   4.415946006774902
168   4.1965107917785645
169   4.177903652191162
170   3.2333457469940186
171   3.329937696456909
172   3.5777523517608643
173   3.3965303897857666
174   3.230442762374878
175   4.171315670013428
176   4.6568193435668945
177   4.957420349121094
178   4.090184211730957
179   4.496949672698975
180   3.218552827835083
181   3.4979913234710693
182   3.983644962310791
183   2.769925594329834
184   3.752837896347046
185   2.997612237930298
186   4.182994365692139
187   4.1324896812438965
188   3.577082872390747
189   4.683262825012207
190   3.7048089504241943
191   3.050119400024414
192   3.2059011459350586
193   4.032532215118408
194   3.0983479022979736
195   3.3681256771087646
196   4.478829383850098
197   4.3596110343933105
198   3.396624803543091
199   2.9848341941833496
200   3.760117769241333
201   3.6249749660491943
202   3.3757927417755127
203   2.611100673675537
204   3.6496384143829346
205   3.9798471927642822
206   3.9729931354522705
207   4.273115158081055
208   2.4324967861175537
209   4.3563079833984375
210   3.2804365158081055
211   4.43824577331543
212   3.916199207305908
213   4.103639602661133
