0   0.0
1   0.20186753571033478
2   0.2050318717956543
3   0.20671072602272034
4   0.207406684756279
5   0.202032670378685
6   0.19664843380451202
7   0.20659154653549194
8   0.19731299579143524
9   0.2640646696090698
10   0.29935553669929504
11   0.440598726272583
12   0.5137205123901367
13   0.9994699358940125
14   1.808518886566162
15   2.2237343788146973
16   1.8770462274551392
17   2.169581174850464
18   1.8705466985702515
19   1.7388979196548462
20   1.9889698028564453
21   1.6363873481750488
22   1.7390497922897339
23   1.6918874979019165
24   1.5632379055023193
25   1.3810467720031738
26   1.4813027381896973
27   1.7666577100753784
28   1.5522412061691284
29   1.6402252912521362
30   1.9676038026809692
31   1.9120800495147705
32   1.6874459981918335
33   1.7062808275222778
34   1.7965240478515625
35   1.7921077013015747
36   2.303029775619507
37   1.613655924797058
38   1.7320117950439453
39   1.5072035789489746
40   1.786126732826233
41   1.6479681730270386
42   2.053370237350464
43   1.7399264574050903
44   1.5685746669769287
45   1.7705087661743164
46   2.5020103454589844
47   2.1377816200256348
48   2.0621490478515625
49   2.082458257675171
50   2.435279607772827
51   2.148465633392334
52   1.8393197059631348
53   1.7107162475585938
54   2.295421838760376
55   2.222543478012085
56   2.3702216148376465
57   2.592625856399536
58   2.343024730682373
59   2.2223691940307617
60   2.4109644889831543
61   2.125255823135376
62   2.3312134742736816
63   2.2797486782073975
64   2.117354154586792
65   1.5594151020050049
66   1.8336604833602905
67   1.679423213005066
68   1.931960940361023
69   1.6395808458328247
70   1.8927123546600342
71   1.7525999546051025
72   1.4870193004608154
73   1.8355790376663208
74   1.9281179904937744
75   1.451817512512207
76   1.7860804796218872
77   1.7153105735778809
78   1.6454260349273682
79   1.7390501499176025
80   1.6422407627105713
81   1.9115041494369507
82   2.0581178665161133
83   1.586836576461792
84   1.7590360641479492
85   1.9638391733169556
86   1.8714696168899536
87   1.5455366373062134
88   1.7754329442977905
89   1.6492054462432861
90   1.7421430349349976
91   1.75617516040802
92   1.3881105184555054
93   1.5164920091629028
94   2.0463669300079346
95   1.5951101779937744
96   1.9568840265274048
97   1.606683611869812
98   1.9617985486984253
99   1.4801950454711914
100   1.7784416675567627
101   1.8701763153076172
102   1.6951589584350586
103   1.9666579961776733
104   1.8631552457809448
105   2.4100284576416016
106   1.9849560260772705
107   1.8896006345748901
108   1.9455652236938477
109   1.8649245500564575
110   2.0700109004974365
111   2.0817112922668457
112   1.6949771642684937
113   1.879271388053894
114   1.510240912437439
115   2.241304397583008
116   2.38055682182312
117   1.7987126111984253
118   2.082841634750366
119   1.8682873249053955
120   1.7274184226989746
121   1.5556460618972778
122   1.761839747428894
123   1.6761949062347412
124   1.805264949798584
125   1.501420259475708
126   1.7103997468948364
127   1.6785465478897095
128   1.422457218170166
129   1.7427152395248413
130   1.7140235900878906
131   1.9060531854629517
132   1.9271459579467773
133   2.0900070667266846
134   2.07401704788208
135   1.9263421297073364
136   2.112076759338379
137   1.854096531867981
138   2.13041615486145
139   1.7733262777328491
140   1.8230721950531006
141   1.9976720809936523
142   2.44787335395813
143   1.7134419679641724
144   2.161407709121704
145   1.8698465824127197
146   1.9051347970962524
147   1.9501136541366577
148   1.871492624282837
149   2.239004373550415
150   1.608272671699524
151   1.6560240983963013
152   1.6536386013031006
153   1.5890753269195557
154   2.077401638031006
155   1.6802172660827637
156   1.8522576093673706
157   1.7673825025558472
158   1.2619670629501343
159   1.4305493831634521
160   1.9536446332931519
161   1.8722718954086304
162   2.037680149078369
163   1.764914870262146
164   2.068798542022705
165   1.75526762008667
166   1.6299324035644531
167   2.030679225921631
168   1.7620469331741333
169   1.8214081525802612
170   1.5471861362457275
171   1.7437344789505005
172   1.5960251092910767
173   1.8695497512817383
174   1.6189074516296387
175   1.842392921447754
176   1.947668433189392
177   2.0834591388702393
178   1.8025060892105103
179   1.9419629573822021
180   1.6212596893310547
181   1.687470555305481
182   2.0975048542022705
183   1.4669466018676758
184   1.4391134977340698
185   1.8087012767791748
186   2.1768364906311035
187   1.912304401397705
188   1.8314948081970215
189   2.0351388454437256
190   1.906740427017212
191   1.9434242248535156
192   1.4993373155593872
193   1.7758475542068481
194   1.5632215738296509
195   1.5983431339263916
196   1.9376789331436157
197   1.7277016639709473
198   1.695489764213562
199   1.7866491079330444
200   1.4629749059677124
201   1.734358310699463
202   1.6390182971954346
203   1.3311480283737183
204   1.5295802354812622
205   1.6936378479003906
206   1.7903300523757935
207   1.9406346082687378
208   1.5710262060165405
209   1.935938835144043
210   1.5973269939422607
211   1.7903528213500977
212   1.7243638038635254
213   1.8765305280685425
