0   0.0
1   0.20165091753005981
2   0.1824127584695816
3   0.19258339703083038
4   0.1957918256521225
5   0.19155745208263397
6   0.18996642529964447
7   0.19249913096427917
8   0.17558011412620544
9   0.2468053549528122
10   0.27556920051574707
11   0.40932610630989075
12   0.5041675567626953
13   1.0657566785812378
14   1.8043943643569946
15   2.1692545413970947
16   1.7447710037231445
17   2.0634307861328125
18   1.7090226411819458
19   1.61735999584198
20   1.9140279293060303
21   1.5082203149795532
22   1.5381606817245483
23   1.640803337097168
24   1.6118714809417725
25   1.384208083152771
26   1.4381639957427979
27   1.602515459060669
28   1.6544952392578125
29   1.7614692449569702
30   2.0596091747283936
31   1.721375823020935
32   1.6206721067428589
33   1.5761326551437378
34   1.7061234712600708
35   1.7496968507766724
36   2.4092071056365967
37   1.5900386571884155
38   1.6517642736434937
39   1.5561513900756836
40   1.802973747253418
41   1.5730732679367065
42   2.0264828205108643
43   1.7069404125213623
44   1.486630916595459
45   1.6456379890441895
46   2.3751227855682373
47   2.04597544670105
48   1.888500452041626
49   2.087285041809082
50   2.4926822185516357
51   2.133755683898926
52   1.989638090133667
53   1.8470559120178223
54   2.5192480087280273
55   2.189314365386963
56   2.2756266593933105
57   2.4438092708587646
58   2.3358237743377686
59   2.1927623748779297
60   2.416782855987549
61   2.070753574371338
62   2.2843945026397705
63   2.1366560459136963
64   2.0694077014923096
65   1.4640419483184814
66   1.8031415939331055
67   1.7561956644058228
68   1.8730474710464478
69   1.6151585578918457
70   1.8418279886245728
71   1.8637186288833618
72   1.4422452449798584
73   1.7758243083953857
74   1.9754313230514526
75   1.481152057647705
76   1.679887056350708
77   1.6637637615203857
78   1.508926272392273
79   1.7522590160369873
80   1.7440948486328125
81   1.8528989553451538
82   2.016941547393799
83   1.426009178161621
84   1.7199498414993286
85   2.0284664630889893
86   1.8847256898880005
87   1.4367702007293701
88   1.7750712633132935
89   1.6221789121627808
90   1.6268645524978638
91   1.7683342695236206
92   1.3431408405303955
93   1.4045367240905762
94   2.0983688831329346
95   1.5562561750411987
96   1.941548466682434
97   1.6010404825210571
98   2.004340648651123
99   1.5280745029449463
100   1.6091456413269043
101   1.6361335515975952
102   1.6541368961334229
103   1.7420567274093628
104   1.7797784805297852
105   2.3154385089874268
106   1.9278831481933594
107   1.8265163898468018
108   1.9031460285186768
109   1.859626054763794
110   2.2096855640411377
111   2.0225789546966553
112   1.7661325931549072
113   1.88047194480896
114   1.4383312463760376
115   2.3467555046081543
116   2.3862709999084473
117   1.740354061126709
118   2.05660080909729
119   1.8636260032653809
120   1.7142263650894165
121   1.5533668994903564
122   1.6810009479522705
123   1.6548649072647095
124   1.9013198614120483
125   1.5302814245224
126   1.735166072845459
127   1.7225145101547241
128   1.3789318799972534
129   1.685447335243225
130   1.651145577430725
131   1.850142478942871
132   1.9374721050262451
133   1.9213380813598633
134   1.909986972808838
135   1.7487136125564575
136   2.0337581634521484
137   1.7177629470825195
138   1.978033423423767
139   1.6679848432540894
140   1.7452480792999268
141   1.8806990385055542
142   2.3359105587005615
143   1.558516263961792
144   2.1137137413024902
145   1.7929102182388306
146   1.8885159492492676
147   1.8102302551269531
148   1.8592195510864258
149   2.133585214614868
150   1.5015891790390015
151   1.6349974870681763
152   1.5620025396347046
153   1.4447035789489746
154   2.0747392177581787
155   1.6845282316207886
156   1.9865446090698242
157   1.7585937976837158
158   1.169930100440979
159   1.3884679079055786
160   1.8259791135787964
161   1.8389664888381958
162   1.871932029724121
163   1.5684034824371338
164   2.257535934448242
165   1.5515878200531006
166   1.6372566223144531
167   2.0744569301605225
168   1.6435604095458984
169   1.751111626625061
170   1.497420072555542
171   1.7078958749771118
172   1.5623481273651123
173   1.8114604949951172
174   1.632614016532898
175   1.742607593536377
176   1.9888677597045898
177   2.026273488998413
178   1.7459373474121094
179   1.881312370300293
180   1.4753611087799072
181   1.6235568523406982
182   1.9861986637115479
183   1.4202511310577393
184   1.4956421852111816
185   1.8877438306808472
186   2.052501916885376
187   1.7591038942337036
188   1.7183839082717896
189   1.9619336128234863
190   1.9031400680541992
191   1.9412709474563599
192   1.3050074577331543
193   1.772359848022461
194   1.4962408542633057
195   1.52458918094635
196   1.9514094591140747
197   1.7503342628479004
198   1.7710598707199097
199   1.7926604747772217
200   1.486792802810669
201   1.7192788124084473
202   1.5970097780227661
203   1.3263319730758667
204   1.5073833465576172
205   1.607969880104065
206   1.7567193508148193
207   1.807247519493103
208   1.5640203952789307
209   1.9394410848617554
210   1.5117385387420654
211   1.804611325263977
212   1.6903352737426758
213   1.8136839866638184
