1   1.8358774185180664
2   1.7382766008377075
3   1.6758148670196533
4   1.963276982307434
5   1.7530229091644287
6   1.656385064125061
7   1.6405279636383057
8   1.7488439083099365
9   1.9125829935073853
10   1.9111390113830566
11   2.1152052879333496
12   1.8658801317214966
13   1.7462056875228882
14   1.7564979791641235
15   1.419861078262329
16   2.0026800632476807
17   1.6746718883514404
18   1.9124417304992676
19   1.7480823993682861
20   1.9336496591567993
21   1.9597164392471313
22   1.9133415222167969
23   1.9941951036453247
24   1.4918628931045532
25   1.8986961841583252
26   1.952235221862793
27   1.6337308883666992
28   2.032930612564087
29   1.8523083925247192
30   2.092726707458496
31   2.1545281410217285
32   2.0335540771484375
33   1.6356698274612427
34   2.0373263359069824
35   1.8498131036758423
36   1.6816285848617554
37   1.7078777551651
38   1.9574092626571655
39   2.042202949523926
40   1.927945613861084
41   1.8628841638565063
42   1.8993382453918457
43   1.7318758964538574
44   1.7982436418533325
45   1.7884291410446167
46   1.8829541206359863
47   1.67290198802948
48   1.8156592845916748
49   1.8388088941574097
50   1.8195037841796875
51   1.8330379724502563
52   1.8977636098861694
53   2.075894832611084
54   2.0939736366271973
55   1.7122323513031006
56   1.8527354001998901
57   1.8223791122436523
58   1.7434364557266235
59   1.992485761642456
60   2.2604100704193115
61   1.496517539024353
62   1.8999680280685425
63   2.019483804702759
64   1.9564659595489502
65   1.6270136833190918
66   1.6423873901367188
67   1.551834225654602
68   2.102004289627075
69   1.7298239469528198
70   1.6466621160507202
71   1.57805597782135
72   1.8005225658416748
73   1.6659661531448364
74   1.8130059242248535
75   1.7606009244918823
76   1.7295039892196655
77   1.6411088705062866
78   2.0047829151153564
79   1.7558207511901855
80   2.398831844329834
81   1.6900995969772339
82   1.7116554975509644
83   2.0658209323883057
84   1.9617503881454468
85   1.9564335346221924
86   2.0078272819519043
87   1.8936890363693237
88   1.7013686895370483
89   1.9138931035995483
90   1.703547477722168
91   1.6910475492477417
92   1.7604825496673584
93   1.7673062086105347
94   1.8791756629943848
95   1.9431359767913818
96   1.9994869232177734
97   1.46501886844635
98   2.0321085453033447
99   1.5698879957199097
100   1.7554891109466553
101   1.91079843044281
102   1.7497193813323975
103   1.7131587266921997
104   1.5865415334701538
105   1.800995111465454
106   1.8449572324752808
107   1.9879121780395508
108   1.8399865627288818
109   1.5896655321121216
110   2.1065738201141357
111   1.9341782331466675
112   1.6894193887710571
113   1.808805227279663
114   2.0372848510742188
115   1.708241581916809
116   1.800479769706726
117   1.6995538473129272
118   1.8151227235794067
119   1.691516637802124
120   1.8330988883972168
121   1.7755309343338013
122   1.8008666038513184
123   1.8129597902297974
124   1.9774307012557983
125   1.8756260871887207
126   1.7207486629486084
127   1.8044118881225586
128   1.6924833059310913
129   1.8535244464874268
130   1.708735704421997
131   1.8846619129180908
132   1.6446723937988281
133   1.8770239353179932
134   1.8025074005126953
135   1.7800946235656738
136   1.7386181354522705
137   1.8989291191101074
138   1.67349374294281
139   1.8381298780441284
140   1.970426082611084
141   1.8530677556991577
142   1.7257028818130493
143   1.8191149234771729
144   1.9025527238845825
145   1.7648128271102905
146   2.0654137134552
147   1.9314063787460327
148   1.7024526596069336
149   1.8662794828414917
150   2.152588367462158
151   1.9109165668487549
152   1.9612866640090942
153   1.719002366065979
154   1.81692636013031
155   1.7162877321243286
156   1.7812246084213257
157   1.6264499425888062
158   1.6579681634902954
159   1.6717945337295532
160   1.7974175214767456
