1   4.337139129638672
2   4.0105133056640625
3   2.4364748001098633
4   2.0843253135681152
5   3.4537694454193115
6   3.970446825027466
7   3.6497294902801514
8   3.8252198696136475
9   3.5056140422821045
10   3.9922921657562256
11   3.395944356918335
12   3.8090713024139404
13   4.349353790283203
14   3.5928165912628174
15   3.03888201713562
16   3.15727162361145
17   3.805840253829956
18   3.830915927886963
19   3.9988763332366943
20   4.000162601470947
21   5.062244415283203
22   3.0377697944641113
23   3.5203397274017334
24   3.975325345993042
25   3.318206787109375
26   3.3517696857452393
27   3.6827375888824463
28   3.726996660232544
29   4.026896953582764
30   3.9570302963256836
31   4.19247579574585
32   3.016469955444336
33   2.9189817905426025
34   3.3758673667907715
35   3.3303933143615723
36   3.807387590408325
37   3.4563255310058594
38   3.614135503768921
39   4.378470420837402
40   4.727827072143555
41   4.602644443511963
42   3.6429591178894043
43   3.6074321269989014
44   3.0383665561676025
45   3.1574196815490723
46   3.067167282104492
47   3.8605892658233643
48   3.4387943744659424
49   2.7456181049346924
50   1.9571558237075806
51   2.204146385192871
52   3.245540142059326
53   3.7147879600524902
54   4.453372478485107
55   3.823631525039673
56   4.139928340911865
57   4.5667290687561035
58   3.950709342956543
59   4.531343936920166
60   4.413188457489014
61   3.834113121032715
62   4.20782470703125
63   3.5767128467559814
64   4.003803253173828
65   3.501115083694458
66   3.9034736156463623
67   3.816951036453247
68   3.844580888748169
69   3.895939588546753
70   3.685516357421875
71   4.597886562347412
72   3.8203799724578857
73   3.840263605117798
74   3.9281439781188965
75   4.0525641441345215
76   4.110333442687988
77   3.5738911628723145
78   3.1692452430725098
79   3.134472370147705
80   3.3762311935424805
81   3.428318977355957
82   2.8753821849823
83   4.479594707489014
84   2.7470321655273438
85   2.708226442337036
86   2.6146583557128906
87   4.560654163360596
88   5.005924701690674
89   3.6669232845306396
90   4.1317901611328125
91   5.1719818115234375
92   3.1617960929870605
93   3.1882855892181396
94   5.082056045532227
95   3.958503246307373
96   3.2030348777770996
97   3.5181753635406494
98   3.9982964992523193
99   3.5887928009033203
100   3.8224380016326904
101   4.520689964294434
102   2.6893317699432373
103   4.275396823883057
104   3.4221572875976563
105   5.3204545974731445
106   4.232949256896973
107   3.531893730163574
108   4.012740135192871
109   3.299978017807007
110   1.7963236570358276
111   4.170999526977539
112   4.09159517288208
113   4.30217170715332
114   4.301785469055176
115   4.164502143859863
116   3.404242515563965
117   3.7474746704101563
118   4.1502685546875
119   3.569709062576294
120   3.075369119644165
121   3.7458932399749756
122   4.471838474273682
123   3.8950254917144775
124   4.751971244812012
125   3.440892219543457
126   3.8487675189971924
127   4.18617057800293
128   4.322983741760254
129   3.817246198654175
130   3.7584383487701416
131   4.777735233306885
132   1.7942111492156982
133   4.233631134033203
134   3.457947015762329
135   3.575150728225708
136   3.709733009338379
137   3.841933012008667
138   4.269750595092773
139   3.3276264667510986
140   3.1540749073028564
141   3.9618730545043945
142   2.8358397483825684
143   3.0667569637298584
144   3.7620174884796143
145   3.7143378257751465
146   3.906752586364746
147   4.414326190948486
148   4.455193042755127
149   3.9304959774017334
150   2.621882438659668
151   4.985233783721924
152   3.3169076442718506
153   3.802215814590454
154   3.1782774925231934
155   3.7956950664520264
156   2.947730302810669
157   4.6418890953063965
158   3.3047385215759277
159   3.697723865509033
160   3.837698459625244
