1   6.140931129455566
2   5.773969650268555
3   5.849130153656006
4   5.946828365325928
5   5.631770610809326
6   5.59806489944458
7   6.110786437988281
8   5.472898960113525
9   6.1010541915893555
10   5.074202060699463
11   6.876149654388428
12   6.310481071472168
13   5.915152072906494
14   5.517328262329102
15   5.897571563720703
16   6.492399215698242
17   6.999865531921387
18   4.646046161651611
19   6.601807594299316
20   6.601256370544434
21   6.5666022300720215
22   6.10208797454834
23   6.52244234085083
24   6.327919960021973
25   6.030008792877197
26   6.128105640411377
27   5.506221294403076
28   6.8012847900390625
29   4.842093467712402
30   5.546029567718506
31   6.430974006652832
32   6.386732578277588
33   5.948788642883301
34   5.86663293838501
35   5.243692874908447
36   6.195450305938721
37   6.4435625076293945
38   5.383431434631348
39   5.837263107299805
40   5.824103832244873
41   6.089632511138916
42   6.882668972015381
43   6.815136909484863
44   6.94146728515625
45   6.654311656951904
46   5.727829933166504
47   6.285759925842285
48   5.728142738342285
49   6.237310409545898
50   6.62448263168335
51   6.456313610076904
52   5.143222808837891
53   6.193168640136719
54   6.655197620391846
55   6.1310834884643555
56   6.213473320007324
57   6.267265796661377
58   6.551309585571289
59   5.095459461212158
60   5.914880752563477
61   6.114078044891357
62   4.88042688369751
63   6.163070201873779
64   6.329399108886719
65   6.717252254486084
66   5.095218181610107
67   6.310827255249023
68   7.006014347076416
69   5.986602783203125
70   5.077443599700928
71   5.78228759765625
72   4.365777969360352
73   4.389450550079346
74   4.617044448852539
75   4.152960300445557
76   6.708915710449219
77   5.482316970825195
78   4.487497329711914
79   4.204248905181885
80   3.870760917663574
81   3.1198184490203857
82   4.0116472244262695
83   3.0680675506591797
84   4.998566627502441
85   5.056553840637207
86   4.044750213623047
87   3.537827491760254
88   4.449921607971191
89   4.401803493499756
90   3.835733652114868
91   2.717003345489502
92   4.384732723236084
93   3.2540171146392822
94   2.9117302894592285
95   4.567664623260498
96   3.779449224472046
97   3.2140398025512695
98   4.752786636352539
99   4.030452251434326
100   5.071026802062988
101   3.6944289207458496
102   5.128248691558838
103   4.789011001586914
104   6.980699062347412
105   6.139031410217285
106   6.966225624084473
107   6.2004852294921875
108   6.794832706451416
109   6.530539512634277
110   7.156952857971191
111   6.518758296966553
112   6.058514595031738
113   5.170853137969971
114   5.139588832855225
115   6.907371997833252
116   6.514035701751709
117   5.059095859527588
118   5.692299842834473
119   7.242525577545166
120   6.365645885467529
121   6.3490891456604
122   5.786172389984131
123   5.804050445556641
124   5.5218305587768555
125   6.966190814971924
126   6.103102207183838
127   6.047085285186768
128   6.221531391143799
129   5.618321418762207
130   5.962061882019043
131   5.847773551940918
132   6.58399772644043
133   6.304070949554443
134   5.559957981109619
135   5.627305507659912
136   6.111282825469971
137   6.41079044342041
138   6.568383693695068
139   6.341441631317139
140   5.5873589515686035
141   6.082208633422852
142   6.34246826171875
143   5.877809047698975
144   5.786441326141357
145   6.514069080352783
146   5.364228248596191
147   6.130650997161865
148   4.625303268432617
149   5.509648323059082
150   5.940457344055176
151   6.707719326019287
152   5.660388946533203
153   5.716318607330322
154   5.806519985198975
155   6.073205471038818
156   6.162945747375488
157   4.904258728027344
158   5.608867168426514
159   6.741652011871338
160   6.544315338134766
