1   1.8719255924224854
2   1.8806413412094116
3   1.930027723312378
4   1.879593849182129
5   1.6365442276000977
6   1.4397348165512085
7   1.8430687189102173
8   1.7558118104934692
9   1.7754203081130981
10   1.4654978513717651
11   1.6308705806732178
12   1.7330479621887207
13   1.9195507764816284
14   1.771986484527588
15   1.4960930347442627
16   1.687469244003296
17   1.9952024221420288
18   1.4352729320526123
19   1.6475578546524048
20   1.905139446258545
21   1.9461915493011475
22   1.778146505355835
23   1.7015564441680908
24   1.7704277038574219
25   1.6297721862792969
26   1.7158647775650024
27   1.6808050870895386
28   1.6260911226272583
29   1.6498608589172363
30   1.7315082550048828
31   1.7407724857330322
32   1.5973457098007202
33   1.7208166122436523
34   1.5977829694747925
35   1.7648130655288696
36   1.8986217975616455
37   1.6085346937179565
38   1.4150058031082153
39   1.9922617673873901
40   1.9892127513885498
41   2.0651674270629883
42   2.1185717582702637
43   1.6445764303207397
44   1.6235508918762207
45   1.7005747556686401
46   1.4959450960159302
47   1.9637737274169922
48   1.7443145513534546
49   1.8414840698242188
50   1.815215826034546
51   1.8998111486434937
52   1.8868597745895386
53   2.0972025394439697
54   1.9302362203598022
55   1.758322834968567
56   1.6216233968734741
57   2.08976149559021
58   1.5058693885803223
59   1.967979073524475
60   2.3156039714813232
61   1.7868460416793823
62   2.0953288078308105
63   2.0522544384002686
64   1.8374192714691162
65   1.8704890012741089
66   1.7310580015182495
67   1.6707937717437744
68   1.7994005680084229
69   1.850511908531189
70   1.715652346611023
71   1.8318477869033813
72   1.75953209400177
73   1.5793569087982178
74   1.9641529321670532
75   1.571674108505249
76   1.923527717590332
77   1.7433092594146729
78   2.004577398300171
79   1.5747740268707275
80   1.7592593431472778
81   1.966359257698059
82   2.1402251720428467
83   1.7472506761550903
84   1.6932405233383179
85   1.7258546352386475
86   1.6619237661361694
87   2.068075180053711
88   2.4221150875091553
89   1.9509726762771606
90   2.0193920135498047
91   2.3758859634399414
92   1.5963526964187622
93   1.9718347787857056
94   2.314162254333496
95   1.7915767431259155
96   1.897220492362976
97   1.8892265558242798
98   1.820420742034912
99   1.6455937623977661
100   1.6490827798843384
101   2.2392427921295166
102   1.7425787448883057
103   2.097701072692871
104   1.7513707876205444
105   2.303410768508911
106   2.3718926906585693
107   1.9381434917449951
108   2.0615150928497314
109   1.6809170246124268
110   1.7043168544769287
111   1.6826016902923584
112   1.9050236940383911
113   2.04413104057312
114   1.9459081888198853
115   2.117819309234619
116   1.8190926313400269
117   2.0271544456481934
118   1.8474010229110718
119   1.6543996334075928
120   1.5184566974639893
121   2.056100606918335
122   2.0888607501983643
123   1.4490125179290771
124   1.998346209526062
125   1.702889084815979
126   2.303042411804199
127   2.0729432106018066
128   1.8794442415237427
129   1.8461346626281738
130   1.7589000463485718
131   2.123908519744873
132   1.4371287822723389
133   1.9878036975860596
134   1.5364000797271729
135   1.8994932174682617
136   1.606216549873352
137   1.7709811925888062
138   1.8173298835754395
139   1.6514302492141724
140   1.9221014976501465
141   1.8462088108062744
142   1.6414647102355957
143   1.732101559638977
144   1.5743813514709473
145   1.7692053318023682
146   1.8079712390899658
147   1.7259272336959839
148   1.665091633796692
149   1.9170348644256592
150   1.6736831665039063
151   1.8787709474563599
152   1.9390262365341187
153   1.6795034408569336
154   1.864046573638916
155   1.6485772132873535
156   1.758474349975586
157   1.7682147026062012
158   1.621517300605774
159   1.8345595598220825
160   1.7486157417297363
