1   1.7383630275726318
2   1.833085060119629
3   1.8631706237792969
4   1.8431293964385986
5   1.514264702796936
6   1.4210516214370728
7   1.7141259908676147
8   1.787732481956482
9   1.7413121461868286
10   1.4074115753173828
11   1.5804482698440552
12   1.7150113582611084
13   1.883457064628601
14   1.5847529172897339
15   1.4168853759765625
16   1.706263542175293
17   1.949313759803772
18   1.398444414138794
19   1.6015028953552246
20   1.8993117809295654
21   1.904880166053772
22   1.7288012504577637
23   1.648405909538269
24   1.7724398374557495
25   1.5722994804382324
26   1.69374680519104
27   1.6120870113372803
28   1.6460562944412231
29   1.5986499786376953
30   1.6840403079986572
31   1.769267201423645
32   1.651294231414795
33   1.6657484769821167
34   1.6412360668182373
35   1.7118147611618042
36   1.9554486274719238
37   1.5573018789291382
38   1.4352059364318848
39   1.9409637451171875
40   1.954704999923706
41   1.9935152530670166
42   2.186607837677002
43   1.6492924690246582
44   1.635495662689209
45   1.547926425933838
46   1.4530678987503052
47   2.0182065963745117
48   1.706325888633728
49   1.893375039100647
50   1.7442975044250488
51   1.8481519222259521
52   1.9261692762374878
53   1.982469916343689
54   1.9681177139282227
55   1.7414557933807373
56   1.6217857599258423
57   2.044480085372925
58   1.4462156295776367
59   1.8633394241333008
60   2.329235792160034
61   1.7631524801254272
62   1.8879739046096802
63   1.9811933040618896
64   1.7732259035110474
65   1.7809828519821167
66   1.666395664215088
67   1.6991032361984253
68   1.6686902046203613
69   1.8562089204788208
70   1.798029899597168
71   1.7836833000183105
72   1.7494052648544312
73   1.4101063013076782
74   1.8673101663589478
75   1.5642657279968262
76   1.8634366989135742
77   1.637543797492981
78   1.9080556631088257
79   1.5201438665390015
80   1.8240938186645508
81   2.109670639038086
82   2.243800640106201
83   1.7795560359954834
84   1.7624152898788452
85   1.7157325744628906
86   1.690534234046936
87   2.0317773818969727
88   2.371023654937744
89   1.9671117067337036
90   1.9969170093536377
91   2.4738144874572754
92   1.4431660175323486
93   2.0969903469085693
94   2.4403932094573975
95   1.809852957725525
96   1.8693413734436035
97   1.9161492586135864
98   1.6689056158065796
99   1.5989410877227783
100   1.6556233167648315
101   2.2739791870117188
102   1.6411902904510498
103   2.0593090057373047
104   1.7958805561065674
105   2.1823902130126953
106   2.150585412979126
107   1.732452154159546
108   1.8199855089187622
109   1.6115593910217285
110   1.6669398546218872
111   1.6279116868972778
112   1.8916842937469482
113   2.090585470199585
114   1.9551331996917725
115   2.01888370513916
116   1.7999751567840576
117   1.966819167137146
118   1.8248828649520874
119   1.5867061614990234
120   1.511696219444275
121   2.0307376384735107
122   1.9356904029846191
123   1.4367233514785767
124   2.073235034942627
125   1.6451295614242554
126   2.20300555229187
127   1.993739366531372
128   1.7905914783477783
129   1.841317892074585
130   1.7120906114578247
131   1.9697611331939697
132   1.3889095783233643
133   1.913497805595398
134   1.490166425704956
135   1.8568189144134521
136   1.535001516342163
137   1.7209415435791016
138   1.710221529006958
139   1.5750411748886108
140   1.8140422105789185
141   1.7553532123565674
142   1.5782438516616821
143   1.640842318534851
144   1.508607029914856
145   1.7252082824707031
146   1.7055182456970215
147   1.7143735885620117
148   1.5852020978927612
149   1.8575152158737183
150   1.6056784391403198
151   1.8677972555160522
152   1.7292453050613403
153   1.5899910926818848
154   1.7101776599884033
155   1.606189250946045
156   1.746095895767212
157   1.7500308752059937
158   1.611886978149414
159   1.8893628120422363
160   1.6824305057525635
