1   1.5911129713058472
2   1.951870083808899
3   1.6739606857299805
4   1.792994499206543
5   1.8621176481246948
6   1.6553230285644531
7   1.8426954746246338
8   1.802595853805542
9   1.8237028121948242
10   1.739678978919983
11   2.1035854816436768
12   1.6215375661849976
13   1.6887388229370117
14   1.8003199100494385
15   1.755687952041626
16   1.8290610313415527
17   1.7600384950637817
18   1.7492259740829468
19   1.6781160831451416
20   1.453462839126587
21   1.688541293144226
22   1.9414724111557007
23   2.1605560779571533
24   1.6295733451843262
25   1.7568986415863037
26   2.292778491973877
27   1.8501588106155396
28   1.4201308488845825
29   2.2896475791931152
30   1.873284935951233
31   1.6063227653503418
32   1.4770265817642212
33   1.544869303703308
34   2.3697803020477295
35   1.692229151725769
36   1.5176515579223633
37   1.4564377069473267
38   1.7594987154006958
39   1.959533452987671
40   1.9356364011764526
41   1.1435439586639404
42   1.652643084526062
43   1.7255215644836426
44   1.6392438411712646
45   1.7030537128448486
46   1.4851963520050049
47   1.6320908069610596
48   1.6053017377853394
49   1.8504265546798706
50   2.217452049255371
51   1.3886730670928955
52   2.3742849826812744
53   1.9913315773010254
54   2.78548264503479
55   1.4406849145889282
56   1.069690465927124
57   1.1031243801116943
58   2.471292734146118
59   1.904468297958374
60   1.5802274942398071
61   1.8724673986434937
62   1.9146614074707031
63   2.1166858673095703
64   2.2458510398864746
65   2.90277099609375
66   1.552077054977417
67   1.1368770599365234
68   0.7215395569801331
69   1.6486577987670898
70   0.6741393804550171
71   1.0283422470092773
72   2.572608232498169
73   1.6902170181274414
74   1.9318448305130005
75   3.0857369899749756
76   3.6316580772399902
77   2.7294840812683105
78   3.2655317783355713
79   1.0466703176498413
80   1.6385403871536255
81   2.8869271278381348
82   1.3082497119903564
83   1.6936004161834717
84   1.8868322372436523
85   1.443764567375183
86   2.1899778842926025
87   1.6817454099655151
88   2.7117919921875
89   2.1677587032318115
90   2.2058396339416504
91   2.1793501377105713
92   1.3201990127563477
93   2.358220338821411
94   1.4708884954452515
95   2.2699904441833496
96   2.7582290172576904
97   1.685105800628662
98   2.396843433380127
99   1.5596023797988892
100   2.3251049518585205
101   2.358368158340454
102   1.3789563179016113
103   2.573777437210083
104   1.8837847709655762
105   1.2685798406600952
106   2.0183193683624268
107   1.3995585441589355
108   2.1520590782165527
109   1.812209963798523
110   1.4935660362243652
111   1.4274654388427734
112   1.4599894285202026
113   3.1331169605255127
114   0.8660403490066528
115   1.961429238319397
116   1.1236305236816406
117   1.7128745317459106
118   1.920629620552063
119   2.2603952884674072
120   1.3702095746994019
121   2.086608409881592
122   1.957114815711975
123   1.9107732772827148
124   1.6721076965332031
125   2.4101219177246094
126   2.4047234058380127
127   1.657090425491333
128   2.0252437591552734
129   1.4756531715393066
130   1.3355756998062134
131   2.047224283218384
132   1.963215708732605
133   1.5555671453475952
134   1.8143105506896973
135   2.059720277786255
136   2.1649181842803955
137   2.0662388801574707
138   2.0486197471618652
139   1.6088356971740723
140   2.1787774562835693
141   1.9258108139038086
142   1.7851152420043945
143   1.7965552806854248
144   2.1702818870544434
145   2.167644739151001
146   1.9388307332992554
147   1.402381181716919
148   1.427697777748108
149   1.5864522457122803
150   1.49691903591156
151   1.7946791648864746
152   1.3491941690444946
153   1.510149598121643
154   1.8391306400299072
155   1.6916152238845825
156   1.6524721384048462
157   1.845523715019226
158   1.9174728393554688
159   1.8272156715393066
160   1.8121490478515625
161   1.6805915832519531
162   1.8100651502609253
163   1.6427500247955322
164   1.5300685167312622
