1   5.666290760040283
2   5.6704936027526855
3   6.492587089538574
4   5.897523403167725
5   6.3000006675720215
6   6.780247688293457
7   4.796370029449463
8   6.001170635223389
9   5.2066144943237305
10   6.226323127746582
11   5.927815914154053
12   5.95766019821167
13   6.293231964111328
14   6.065130710601807
15   6.8428192138671875
16   6.1863694190979
17   6.417775630950928
18   5.382309436798096
19   5.770959377288818
20   5.207180023193359
21   5.902414321899414
22   5.520230293273926
23   6.064108848571777
24   5.994411945343018
25   6.283249378204346
26   5.095421314239502
27   7.026602268218994
28   5.987418174743652
29   6.155102252960205
30   4.905014991760254
31   5.141618251800537
32   6.751591205596924
33   5.952361106872559
34   5.887807846069336
35   5.429207801818848
36   6.760313510894775
37   5.52550745010376
38   5.503922462463379
39   6.034069061279297
40   6.784947395324707
41   6.62325382232666
42   5.966003894805908
43   6.214094638824463
44   5.3715081214904785
45   6.419189929962158
46   6.237847805023193
47   5.757570743560791
48   6.1577534675598145
49   5.9804368019104
50   6.474050521850586
51   6.361928462982178
52   6.316184043884277
53   6.6620001792907715
54   5.858059883117676
55   4.867814064025879
56   5.989157676696777
57   5.14488410949707
58   4.5836334228515625
59   5.878626823425293
60   6.025096416473389
61   5.795957088470459
62   6.062412261962891
63   5.927183151245117
64   5.298767566680908
65   5.3187384605407715
66   5.477170467376709
67   5.562644958496094
68   4.925633907318115
69   5.369099140167236
70   5.640573501586914
71   6.301024913787842
72   5.449356555938721
73   5.615800380706787
74   6.372702121734619
75   5.552923679351807
76   5.578343391418457
77   6.24711799621582
78   5.472955703735352
79   4.9905548095703125
80   6.066129684448242
81   4.533174991607666
82   7.1944098472595215
83   6.951907634735107
84   4.978315353393555
85   5.506457328796387
86   5.600348949432373
87   4.898356914520264
88   5.649005889892578
89   5.520382881164551
90   5.890311241149902
91   6.193609237670898
92   6.465636730194092
93   6.130368232727051
94   6.419460296630859
95   5.0455803871154785
96   5.535348892211914
97   6.722519874572754
98   5.329373836517334
99   5.5608367919921875
100   5.953271865844727
101   5.437122344970703
102   6.72371768951416
103   6.717914581298828
104   6.2853193283081055
105   6.582163333892822
106   6.081487655639648
107   6.893131732940674
108   6.243792533874512
109   5.742024898529053
110   5.900705337524414
111   5.487890720367432
112   6.256356716156006
113   4.875496864318848
114   4.519956111907959
115   4.95892858505249
116   5.5373992919921875
117   5.111477375030518
118   5.77333927154541
119   5.509463310241699
120   5.172697067260742
121   6.479955196380615
122   5.80677604675293
123   5.53536319732666
124   5.747378826141357
125   5.766599178314209
126   5.4240570068359375
127   5.850448131561279
128   6.093659400939941
129   6.192447662353516
130   5.869073867797852
131   5.171053409576416
132   4.82569694519043
133   5.803142070770264
134   6.479738235473633
135   4.277033805847168
136   3.914733648300171
137   2.8837175369262695
138   3.3864853382110596
139   4.426220417022705
140   3.1807992458343506
141   5.100857734680176
142   5.204748630523682
143   5.36127233505249
144   5.225611686706543
145   2.8590400218963623
146   6.4091901779174805
147   6.590364933013916
148   6.918365955352783
149   6.7185516357421875
150   6.3803486824035645
151   6.374019622802734
152   5.958456993103027
153   6.578058242797852
154   5.115826606750488
155   4.667537212371826
156   6.146420955657959
157   6.428341388702393
158   5.219982624053955
159   5.484927177429199
160   6.153182029724121
161   6.180596828460693
162   6.380201816558838
163   6.2733845710754395
164   5.704007625579834
