1   4.327969551086426
2   3.791396379470825
3   3.2256669998168945
4   3.83532977104187
5   3.015909433364868
6   1.8925182819366455
7   4.968935966491699
8   2.37701153755188
9   4.21075439453125
10   3.7263333797454834
11   4.623148441314697
12   2.593173027038574
13   3.2808332443237305
14   3.169743537902832
15   3.602132797241211
16   3.8130223751068115
17   3.945049524307251
18   2.979626417160034
19   3.914531946182251
20   3.459205150604248
21   3.845935821533203
22   3.2446086406707764
23   4.298569202423096
24   4.070638656616211
25   3.3264212608337402
26   4.285766124725342
27   5.791776180267334
28   3.6367857456207275
29   4.852266788482666
30   4.066183567047119
31   3.2874903678894043
32   3.696850061416626
33   3.031017780303955
34   3.2735512256622314
35   5.01166296005249
36   3.2453651428222656
37   2.0023436546325684
38   3.688267946243286
39   3.6175107955932617
40   4.134517669677734
41   3.472073793411255
42   4.750451564788818
43   2.7933480739593506
44   3.0564498901367188
45   3.3320388793945313
46   2.1826107501983643
47   3.381627321243286
48   4.331329345703125
49   4.434526443481445
50   4.5819878578186035
51   3.410229444503784
52   2.6372482776641846
53   4.066895961761475
54   3.490727424621582
55   2.380945920944214
56   3.549561023712158
57   4.097452163696289
58   4.3530168533325195
59   3.777857780456543
60   3.9201111793518066
61   3.0565295219421387
62   3.7532622814178467
63   3.4367148876190186
64   4.657161712646484
65   2.7827870845794678
66   2.610126256942749
67   3.1767282485961914
68   2.6916606426239014
69   3.4106554985046387
70   3.898996591567993
71   3.483527898788452
72   3.125776529312134
73   1.243895411491394
74   3.541278123855591
75   4.9449357986450195
76   3.460704803466797
77   3.5143179893493652
78   3.5920279026031494
79   4.16503381729126
80   2.9621293544769287
81   3.7164413928985596
82   3.1862518787384033
83   3.858172655105591
84   3.418811559677124
85   3.8070385456085205
86   3.289107322692871
87   3.971118450164795
88   4.156052589416504
89   3.510437488555908
90   4.157137870788574
91   3.6792960166931152
92   4.147060394287109
93   2.666414260864258
94   3.9241442680358887
95   3.179220676422119
96   4.710160732269287
97   3.788935422897339
98   4.174834728240967
99   3.8953840732574463
100   2.5499868392944336
101   4.5814337730407715
102   2.8698203563690186
103   4.155455112457275
104   2.571861505508423
105   4.280890464782715
106   3.986811876296997
107   2.901294231414795
108   3.652430295944214
109   4.754612922668457
110   3.2998201847076416
111   4.206326484680176
112   3.0945541858673096
113   3.7027812004089355
114   3.463569402694702
115   4.878800868988037
116   3.7611374855041504
117   2.8551056385040283
118   3.6442880630493164
119   3.707280158996582
120   3.643066644668579
121   4.148692607879639
122   4.372848987579346
123   3.9226322174072266
124   4.707627296447754
125   3.4842514991760254
126   1.0491985082626343
127   3.2306020259857178
128   4.391443252563477
129   2.894570827484131
130   3.438762664794922
131   3.5254249572753906
132   3.1638238430023193
133   3.4611363410949707
134   3.2484757900238037
135   4.169215679168701
136   4.281187057495117
137   2.6365785598754883
138   3.94964861869812
139   3.2762954235076904
140   3.5150644779205322
141   3.8813555240631104
142   2.9600260257720947
143   2.882032871246338
144   2.7694265842437744
145   3.720970392227173
146   3.8370718955993652
147   4.574069499969482
148   3.319791793823242
149   3.7765626907348633
150   3.5492804050445557
151   4.345383167266846
152   2.8419928550720215
153   3.4406635761260986
154   4.398724555969238
155   3.5153615474700928
156   2.375253677368164
157   3.619069814682007
158   4.1999592781066895
159   3.9165186882019043
160   3.436976909637451
161   4.449044704437256
162   4.254651069641113
163   2.591801404953003
164   1.8364378213882446
