1   1.8503546714782715
2   1.769740104675293
3   1.6241921186447144
4   1.4706569910049438
5   1.7499821186065674
6   1.8293434381484985
7   1.8507879972457886
8   1.6444129943847656
9   1.711329460144043
10   1.4105514287948608
11   1.8928781747817993
12   1.6725105047225952
13   2.014460802078247
14   1.556698203086853
15   1.687389612197876
16   1.6822932958602905
17   1.4790472984313965
18   1.541982889175415
19   1.6195465326309204
20   1.5297919511795044
21   1.5940792560577393
22   1.6366801261901855
23   1.6303128004074097
24   1.9161314964294434
25   1.5461679697036743
26   1.9654844999313354
27   2.544625997543335
28   1.3653749227523804
29   1.8072360754013062
30   1.859565258026123
31   1.5368826389312744
32   1.6827715635299683
33   1.649145483970642
34   1.7190062999725342
35   2.2987656593322754
36   1.891745686531067
37   1.6500294208526611
38   1.8173447847366333
39   1.632807731628418
40   1.9530322551727295
41   1.7754666805267334
42   2.0742850303649902
43   1.751461386680603
44   1.6287871599197388
45   1.6532052755355835
46   1.7112804651260376
47   1.5299562215805054
48   1.6020010709762573
49   1.8732731342315674
50   1.9599436521530151
51   1.8109686374664307
52   1.9415680170059204
53   1.8474329710006714
54   2.009753942489624
55   1.3989360332489014
56   1.293090581893921
57   1.5434597730636597
58   1.6351860761642456
59   1.8194756507873535
60   1.884213924407959
61   1.7222317457199097
62   1.785286545753479
63   1.629825234413147
64   1.6688923835754395
65   1.4523478746414185
66   1.4957382678985596
67   1.3789300918579102
68   1.2780507802963257
69   1.3209089040756226
70   1.5772696733474731
71   1.560983657836914
72   2.213643789291382
73   1.4520705938339233
74   1.500795841217041
75   2.107149124145508
76   1.7422332763671875
77   1.4746906757354736
78   1.7227402925491333
79   1.33786940574646
80   1.3970980644226074
81   1.7029173374176025
82   1.7558053731918335
83   1.982602834701538
84   1.5091592073440552
85   1.6130942106246948
86   1.6500787734985352
87   1.63728666305542
88   2.3248989582061768
89   1.6962779760360718
90   1.857004165649414
91   1.8173398971557617
92   1.828923225402832
93   1.8714286088943481
94   2.034562587738037
95   1.5981658697128296
96   2.0550434589385986
97   1.9030143022537231
98   1.5877550840377808
99   1.4819198846817017
100   1.6019768714904785
101   1.97437584400177
102   1.7110280990600586
103   2.188476085662842
104   1.5887919664382935
105   1.961737036705017
106   1.765017032623291
107   1.707668423652649
108   1.7288076877593994
109   1.9461709260940552
110   1.508286952972412
111   1.7402148246765137
112   1.8223600387573242
113   1.9326790571212769
114   1.3685612678527832
115   1.7861462831497192
116   1.708329200744629
117   1.214565634727478
118   1.5649473667144775
119   1.690408706665039
120   1.9530041217803955
121   2.612515687942505
122   2.4180502891540527
123   1.6576282978057861
124   1.7582499980926514
125   1.939251184463501
126   1.8435717821121216
127   1.4205507040023804
128   2.19504976272583
129   1.529063105583191
130   1.7628344297409058
131   1.4938465356826782
132   1.7563098669052124
133   1.597090244293213
134   1.5233718156814575
135   1.625488042831421
136   1.9114214181900024
137   1.991013765335083
138   1.49229097366333
139   1.4054930210113525
140   1.640091896057129
141   1.735981822013855
142   1.3858460187911987
143   1.7678371667861938
144   1.5261485576629639
145   1.8008623123168945
146   1.6080362796783447
147   1.836840033531189
148   1.562966227531433
149   1.7034409046173096
150   1.8968342542648315
151   2.0195841789245605
152   1.7361501455307007
153   1.6145800352096558
154   1.6132903099060059
155   1.6168595552444458
156   1.8684825897216797
157   1.4945547580718994
158   1.7777760028839111
159   1.552823781967163
160   1.6935112476348877
161   1.6666606664657593
162   1.9124391078948975
163   1.8152178525924683
164   1.6973932981491089
