1   1.9569873809814453
2   1.8165947198867798
3   1.697981834411621
4   1.5465853214263916
5   1.8566901683807373
6   1.9315513372421265
7   1.8276187181472778
8   1.7245337963104248
9   1.6976799964904785
10   1.5516197681427002
11   1.9082468748092651
12   1.6393035650253296
13   1.9832324981689453
14   1.4832794666290283
15   1.699645757675171
16   1.752720594406128
17   1.3925433158874512
18   1.5666126012802124
19   1.7008880376815796
20   1.5960363149642944
21   1.661482810974121
22   1.7238961458206177
23   1.7230970859527588
24   2.0069310665130615
25   1.5308350324630737
26   1.8770049810409546
27   2.4681317806243896
28   1.6069904565811157
29   2.025989055633545
30   2.001906394958496
31   1.8118345737457275
32   1.9821659326553345
33   1.8794766664505005
34   1.8836944103240967
35   2.3509299755096436
36   2.017366886138916
37   1.7125494480133057
38   1.8826804161071777
39   1.6806609630584717
40   1.9761559963226318
41   1.8746565580368042
42   1.9920343160629272
43   1.8074287176132202
44   1.756134271621704
45   1.6834027767181396
46   1.801592469215393
47   1.6231898069381714
48   1.5817011594772339
49   2.003673791885376
50   1.944109320640564
51   1.9117810726165771
52   1.8864831924438477
53   1.7324432134628296
54   2.0421581268310547
55   1.4137048721313477
56   1.280121088027954
57   1.5415756702423096
58   1.7830182313919067
59   1.867493987083435
60   1.8533203601837158
61   1.7453073263168335
62   1.726786494255066
63   1.6490936279296875
64   1.8962396383285522
65   1.5192114114761353
66   1.5219403505325317
67   1.4573603868484497
68   1.3806829452514648
69   1.2883824110031128
70   1.6807968616485596
71   1.5700955390930176
72   2.3075387477874756
73   1.4890110492706299
74   1.6287095546722412
75   2.1198036670684814
76   1.7443674802780151
77   1.6794878244400024
78   1.6927825212478638
79   1.4876601696014404
80   1.394582748413086
81   1.7234500646591187
82   1.8057286739349365
83   2.0104362964630127
84   1.537648320198059
85   1.7121862173080444
86   1.6224446296691895
87   1.7110446691513062
88   2.3466687202453613
89   1.6480127573013306
90   1.9401519298553467
91   1.843340516090393
92   1.885607361793518
93   2.0474114418029785
94   2.1472058296203613
95   1.5626753568649292
96   2.082183837890625
97   2.085056781768799
98   1.7296826839447021
99   1.6170063018798828
100   1.7420251369476318
101   2.0749294757843018
102   1.6757162809371948
103   2.253418445587158
104   1.5904223918914795
105   1.9578205347061157
106   1.89055597782135
107   1.6825425624847412
108   1.8965394496917725
109   2.105865478515625
110   1.5003005266189575
111   1.9379315376281738
112   1.8775397539138794
113   2.1214792728424072
114   1.4559147357940674
115   1.8041296005249023
116   1.7930744886398315
117   1.3176159858703613
118   1.6476986408233643
119   1.6842291355133057
120   2.0870630741119385
121   2.715388298034668
122   2.489586353302002
123   1.8022791147232056
124   1.8519253730773926
125   1.9124583005905151
126   1.8496534824371338
127   1.4106316566467285
128   2.2733359336853027
129   1.5606060028076172
130   1.8696786165237427
131   1.6349163055419922
132   1.8155251741409302
133   1.5425546169281006
134   1.4986789226531982
135   1.5665574073791504
136   1.998353123664856
137   1.916900873184204
138   1.6328456401824951
139   1.4303526878356934
140   1.6937413215637207
141   1.7273601293563843
142   1.4725302457809448
143   1.819107174873352
144   1.6721690893173218
145   2.052891492843628
146   1.80594003200531
147   1.9692860841751099
148   1.7496662139892578
149   1.773532509803772
150   1.9967844486236572
151   2.050220489501953
152   1.8799289464950562
153   1.6464698314666748
154   1.70365571975708
155   1.7428773641586304
156   1.941606879234314
157   1.6397842168807983
158   1.843043327331543
159   1.570844054222107
160   1.725054383277893
161   1.748073935508728
162   2.0228934288024902
163   1.953535556793213
164   1.771286129951477
