# 1
#        -90         1       180  0

 -89.5  0
 -88.5  0
 -87.5  0
 -86.5  0
 -85.5  0
 -84.5  0
 -83.5  0
 -82.5  0
 -81.5  0
 -80.5  0
 -79.5  0
 -78.5  0
 -77.5  0
 -76.5  0
 -75.5  0
 -74.5  0
 -73.5  0
 -72.5  0
 -71.5  0
 -70.5  0
 -69.5  0
 -68.5  0
 -67.5  0
 -66.5  0
 -65.5  0
 -64.5  0
 -63.5  0
 -62.5  0
 -61.5  0
 -60.5  0
 -59.5  0
 -58.5  0
 -57.5  0
 -56.5  0
 -55.5  0
 -54.5  0
 -53.5  0
 -52.5  0
 -51.5  0
 -50.5  0
 -49.5  0
 -48.5  0
 -47.5  0
 -46.5  0
 -45.5  0
 -44.5  0
 -43.5  0
 -42.5  0
 -41.5  0
 -40.5  0
 -39.5  0
 -38.5  0
 -37.5  0
 -36.5  0
 -35.5  0
 -34.5  0
 -33.5  0
 -32.5  0
 -31.5  0
 -30.5  0
 -29.5  0
 -28.5  0
 -27.5  0
 -26.5  0
 -25.5  0
 -24.5  0
 -23.5  32
 -22.5  49
 -21.5  103
 -20.5  254
 -19.5  375
 -18.5  905
 -17.5  1548
 -16.5  3038
 -15.5  5035
 -14.5  8870
 -13.5  15065
 -12.5  24055
 -11.5  38410
 -10.5  59393
 -9.5  85215
 -8.5  118310
 -7.5  157012
 -6.5  201619
 -5.5  249523
 -4.5  292563
 -3.5  335874
 -2.5  370183
 -1.5  391506
 -0.5  390414
 0.5  379651
 1.5  351036
 2.5  314381
 3.5  279606
 4.5  234271
 5.5  187974
 6.5  148772
 7.5  113217
 8.5  80486
 9.5  57037
 10.5  36780
 11.5  25408
 12.5  16675
 13.5  10783
 14.5  6215
 15.5  3805
 16.5  2431
 17.5  1335
 18.5  677
 19.5  354
 20.5  226
 21.5  31
 22.5  0
 23.5  0
 24.5  0
 25.5  0
 26.5  0
 27.5  0
 28.5  0
 29.5  0
 30.5  0
 31.5  0
 32.5  0
 33.5  0
 34.5  0
 35.5  0
 36.5  0
 37.5  0
 38.5  0
 39.5  0
 40.5  0
 41.5  0
 42.5  0
 43.5  0
 44.5  0
 45.5  0
 46.5  0
 47.5  0
 48.5  0
 49.5  0
 50.5  0
 51.5  0
 52.5  0
 53.5  0
 54.5  0
 55.5  0
 56.5  0
 57.5  0
 58.5  0
 59.5  0
 60.5  0
 61.5  0
 62.5  0
 63.5  0
 64.5  0
 65.5  0
 66.5  0
 67.5  0
 68.5  0
 69.5  0
 70.5  0
 71.5  0
 72.5  0
 73.5  0
 74.5  0
 75.5  0
 76.5  0
 77.5  0
 78.5  0
 79.5  0
 80.5  0
 81.5  0
 82.5  0
 83.5  0
 84.5  0
 85.5  0
 86.5  0
 87.5  0
 88.5  0
 89.5  0
