0   0.0
1   0.19710838794708252
2   0.21528920531272888
3   0.22452762722969055
4   0.19862286746501923
5   0.17481629550457
6   0.2142721265554428
7   0.24901844561100006
8   0.15758061408996582
9   0.40807652473449707
10   0.2965071201324463
11   0.3621164858341217
12   0.5494741797447205
13   1.3298490047454834
14   1.1614750623703003
15   1.298822283744812
16   1.2298823595046997
17   1.0487195253372192
18   1.5620880126953125
19   0.7965837717056274
20   1.4108977317810059
21   1.293976902961731
22   1.252687931060791
23   1.5255497694015503
24   1.0738604068756104
25   1.2870056629180908
26   1.8050638437271118
27   1.422219157218933
28   1.852546215057373
29   1.5847476720809937
30   1.1229755878448486
31   1.6311739683151245
32   0.9744735360145569
33   1.5108965635299683
34   0.7261782884597778
35   1.2550565004348755
36   0.9579055905342102
37   1.3732450008392334
38   1.2267467975616455
39   1.1356135606765747
40   1.2164230346679688
41   0.9478670954704285
42   1.1868289709091187
43   0.8112724423408508
44   1.3998016119003296
45   1.4566071033477783
46   1.5139976739883423
47   1.7074508666992188
48   1.2280696630477905
49   1.6724261045455933
50   1.075092077255249
51   1.1068918704986572
52   0.9544354677200317
53   0.7162526845932007
54   0.8862007856369019
55   0.806010365486145
56   0.7994730472564697
57   1.7445247173309326
58   1.865511417388916
59   1.2511171102523804
60   1.2848514318466187
61   0.8165034055709839
62   1.0690395832061768
63   1.038361668586731
64   1.888668179512024
65   1.0431054830551147
66   1.241215467453003
67   0.7010442018508911
68   1.358486533164978
69   1.2708011865615845
70   0.46147796511650085
71   1.7824674844741821
72   1.903988003730774
73   0.884315550327301
74   0.6135445237159729
75   1.2536669969558716
76   1.1128848791122437
77   1.551507830619812
78   1.0820775032043457
79   0.7930458784103394
80   0.9383264183998108
81   0.5917834043502808
82   1.0160361528396606
83   0.5958240032196045
84   0.7883293032646179
85   0.7110848426818848
86   1.229935884475708
87   0.6449595093727112
88   1.5931634902954102
89   1.0986813306808472
90   0.7208641171455383
91   1.096531629562378
92   0.9686039686203003
93   1.4663366079330444
94   1.001792550086975
95   1.3661619424819946
96   1.57146155834198
97   1.6655118465423584
98   1.452921986579895
99   1.4580414295196533
100   1.7031970024108887
101   2.8029937744140625
102   1.5405842065811157
103   0.9900632500648499
104   1.2763718366622925
105   1.3258155584335327
106   1.5221015214920044
107   1.430444598197937
108   1.2118395566940308
109   0.9663941264152527
110   1.612013339996338
111   2.374473810195923
112   1.6855818033218384
113   1.223663330078125
114   1.175157904624939
115   0.9175800085067749
116   1.4767563343048096
117   1.0905288457870483
118   1.2291983366012573
119   1.4901875257492065
120   1.409623622894287
121   1.740329623222351
122   1.75059974193573
123   1.8614481687545776
124   1.5970826148986816
125   1.5013147592544556
126   1.6154780387878418
127   2.019388437271118
128   1.6050552129745483
129   1.4686657190322876
130   1.3566759824752808
131   1.449053406715393
132   1.2523219585418701
133   1.7086955308914185
134   1.6561230421066284
135   1.193418264389038
136   1.548166275024414
137   1.9664433002471924
138   1.4095463752746582
139   1.6699813604354858
140   1.8475474119186401
141   2.408426284790039
142   1.2835960388183594
143   1.8077788352966309
144   1.3531665802001953
145   1.1821497678756714
146   1.319860816001892
147   1.7286789417266846
148   1.3791037797927856
149   1.660585641860962
150   2.004049777984619
151   1.6322041749954224
152   1.715501070022583
153   1.3415995836257935
154   1.5705270767211914
155   1.2731391191482544
156   1.6307271718978882
157   1.81394362449646
158   1.183764934539795
159   1.9746923446655273
160   1.8366680145263672
161   1.889003872871399
162   0.879680871963501
163   0.8735540509223938
164   1.2084522247314453
165   1.3953862190246582
166   1.2706700563430786
167   1.484722375869751
168   1.7615785598754883
169   1.8800169229507446
170   0.83046954870224
171   1.3256475925445557
172   1.0054361820220947
173   1.190010905265808
174   1.2973215579986572
175   1.9879182577133179
176   2.227893114089966
177   2.622023582458496
178   1.473619818687439
179   1.3559234142303467
180   1.3956314325332642
181   1.701561689376831
182   1.081653118133545
183   1.4012399911880493
184   1.2692375183105469
185   0.9675482511520386
186   1.5246949195861816
187   1.6784497499465942
188   1.8947651386260986
189   0.9768590331077576
190   0.6678181290626526
191   1.4649933576583862
192   0.8087875843048096
193   1.2369829416275024
194   1.5205885171890259
195   1.7709823846817017
196   1.7878425121307373
197   1.6764017343521118
198   0.9899975061416626
199   1.4938665628433228
200   0.9967929720878601
201   1.5669103860855103
202   1.2214268445968628
203   2.1421315670013428
204   1.4594566822052002
205   1.4625186920166016
206   0.9291204810142517
207   0.9704662561416626
208   1.0019176006317139
209   1.3123795986175537
210   1.8205592632293701
211   1.9367667436599731
212   1.9083406925201416
213   2.2874090671539307
