0   0.0
1   2.2381482124328613
2   2.0966854095458984
3   2.240342378616333
4   2.2835941314697266
5   2.058624029159546
6   2.27933931350708
7   1.9699127674102783
8   2.4572746753692627
9   2.161414861679077
10   2.391723871231079
11   3.0305287837982178
12   3.3812966346740723
13   4.088873386383057
14   4.417640686035156
15   4.436944484710693
16   4.286862373352051
17   4.668133735656738
18   5.084749698638916
19   3.836200475692749
20   5.033933639526367
21   4.522788047790527
22   2.9527323246002197
23   4.418111801147461
24   3.899007558822632
25   4.737767696380615
26   4.741923809051514
27   4.470742702484131
28   4.957916736602783
29   4.355314254760742
30   4.654017448425293
31   3.5471200942993164
32   4.211098670959473
33   4.339977741241455
34   3.6587135791778564
35   4.206279277801514
36   3.33719539642334
37   5.232293605804443
38   6.007941722869873
39   5.363300800323486
40   3.98077392578125
41   4.168076515197754
42   4.374746799468994
43   5.221395969390869
44   4.263027191162109
45   5.522433757781982
46   6.4853715896606445
47   4.801061630249023
48   4.646618366241455
49   4.465331554412842
50   5.337967395782471
51   4.44448709487915
52   5.810056209564209
53   4.7867512702941895
54   5.362299919128418
55   6.461449146270752
56   6.271492004394531
57   5.371661186218262
58   5.531156063079834
59   4.836383819580078
60   3.6534557342529297
61   5.229832172393799
62   3.9964098930358887
63   5.027409553527832
64   5.338130474090576
65   5.568901062011719
66   6.7433552742004395
67   5.32680082321167
68   6.328401565551758
69   5.52338171005249
70   5.920561790466309
71   4.527883052825928
72   4.384865760803223
73   4.950042724609375
74   5.359928607940674
75   2.4795145988464355
76   4.250087261199951
77   4.269920349121094
78   4.6601433753967285
79   6.358683109283447
80   4.8545637130737305
81   4.408247470855713
82   6.400958061218262
83   6.400146961212158
84   4.105198860168457
85   4.881253242492676
86   5.293979644775391
87   5.924722194671631
88   5.170516014099121
89   5.188417434692383
90   5.602380752563477
91   5.207916736602783
92   5.373351573944092
93   4.635622978210449
94   5.874855041503906
95   4.9922075271606445
96   5.354874610900879
97   5.390707969665527
98   5.731356620788574
99   4.121152400970459
100   4.914375305175781
101   5.905186176300049
102   6.081178665161133
103   6.904912948608398
104   6.987421035766602
105   6.269941806793213
106   5.728878974914551
107   4.751098155975342
108   4.959720611572266
109   5.410539150238037
110   5.395020961761475
111   4.851252555847168
112   4.146419048309326
113   5.0949482917785645
114   5.346366882324219
115   5.231552600860596
116   4.3834547996521
117   4.666491508483887
118   5.0287251472473145
119   5.4108147621154785
120   6.392608642578125
121   5.601760387420654
122   5.402662754058838
123   5.995758056640625
124   5.610197067260742
125   5.95134162902832
126   5.849876880645752
127   4.773881912231445
128   5.879558563232422
129   5.3167243003845215
130   5.889149188995361
131   5.683114051818848
132   5.612486362457275
133   5.697918891906738
134   5.863611698150635
135   6.1811089515686035
136   6.024385929107666
137   5.5897908210754395
138   6.177543640136719
139   6.15552282333374
140   5.345885276794434
141   5.752035617828369
142   5.932807922363281
143   6.770694255828857
144   6.719844818115234
145   5.390108108520508
146   6.0425286293029785
147   5.6088480949401855
148   6.15260648727417
149   5.336358070373535
150   7.553025245666504
151   6.263228893280029
152   5.964422702789307
153   6.161978721618652
154   7.250047206878662
155   5.524539947509766
156   5.630754470825195
157   5.825936317443848
158   5.983918190002441
159   5.785653591156006
160   5.078612327575684
161   6.818910121917725
162   4.771114349365234
163   5.34260368347168
164   5.4710187911987305
165   5.375667095184326
166   5.0116424560546875
167   5.1600117683410645
168   6.7671284675598145
169   5.692092418670654
170   5.934075355529785
171   4.617201805114746
172   6.170417308807373
173   6.325666427612305
174   5.777101993560791
175   5.75629997253418
176   5.798155784606934
177   4.787553310394287
178   5.668412208557129
179   6.137228012084961
180   5.605239391326904
181   4.503606796264648
182   6.093185901641846
183   5.46775484085083
184   5.787020683288574
185   5.117358207702637
186   5.069174766540527
187   6.038449764251709
188   5.2411298751831055
189   5.325088977813721
190   5.432479381561279
191   5.093682765960693
192   4.568119525909424
193   5.004351615905762
194   5.715887069702148
195   5.980564117431641
196   5.73651647567749
197   4.195894718170166
198   4.959751129150391
199   6.985192775726318
200   5.284243583679199
201   4.775847911834717
202   4.669130325317383
203   5.787182807922363
204   5.432445526123047
205   6.657431602478027
206   5.740786075592041
207   5.895453453063965
208   6.140040874481201
209   5.247002124786377
210   5.771066188812256
211   5.559937953948975
212   6.066384792327881
213   5.576877117156982
