0   0.0
1   0.20371267199516296
2   0.20548652112483978
3   0.20183676481246948
4   0.20149940252304077
5   0.20472414791584015
6   0.20171459019184113
7   0.2017725557088852
8   0.19079600274562836
9   0.25720083713531494
10   0.2905595898628235
11   0.3965633809566498
12   0.500896692276001
13   1.0553910732269287
14   1.187530755996704
15   1.8812223672866821
16   1.5420293807983398
17   1.2523964643478394
18   1.2076692581176758
19   1.371188759803772
20   1.41042160987854
21   1.509073257446289
22   1.4180372953414917
23   1.5143533945083618
24   1.6543866395950317
25   1.7082420587539673
26   1.7042789459228516
27   1.417715311050415
28   1.810639500617981
29   1.8345298767089844
30   1.4554076194763184
31   1.920852541923523
32   1.6544153690338135
33   1.584664225578308
34   2.057814836502075
35   1.6960375308990479
36   1.8961780071258545
37   2.2522125244140625
38   1.565662145614624
39   1.729979395866394
40   1.853525996208191
41   2.04790997505188
42   1.5139728784561157
43   1.5893596410751343
44   2.7154877185821533
45   1.3626567125320435
46   2.2730278968811035
47   1.4951286315917969
48   1.8760080337524414
49   1.5701959133148193
50   1.2906988859176636
51   1.8736673593521118
52   1.548966407775879
53   1.6400572061538696
54   2.004002332687378
55   1.723889708518982
56   2.0393500328063965
57   1.9629353284835815
58   1.9437912702560425
59   1.7427257299423218
60   1.677255392074585
61   1.8354520797729492
62   1.5402758121490479
63   1.6630831956863403
64   1.9738067388534546
65   2.008117198944092
66   2.0680606365203857
67   1.7313672304153442
68   1.676431655883789
69   2.0405499935150146
70   1.9733737707138062
71   2.0258750915527344
72   2.377375364303589
73   1.7494378089904785
74   1.8301552534103394
75   1.4512025117874146
76   1.4470878839492798
77   2.101393938064575
78   1.5869122743606567
79   1.7369104623794556
80   2.125128984451294
81   1.6934763193130493
82   1.6779847145080566
83   1.4789007902145386
84   1.8767738342285156
85   1.462387204170227
86   1.4837801456451416
87   1.477875828742981
88   1.9357720613479614
89   1.7703020572662354
90   1.3957713842391968
91   1.5244402885437012
92   1.6311326026916504
93   2.2413642406463623
94   2.1305954456329346
95   1.9178873300552368
96   2.235299825668335
97   1.9699746370315552
98   2.22253680229187
99   1.7529293298721313
100   2.1255548000335693
101   2.149790048599243
102   2.3596701622009277
103   2.072638511657715
104   2.4710910320281982
105   2.6263997554779053
106   2.3724865913391113
107   2.228741407394409
108   2.2221362590789795
109   2.477086067199707
110   2.2852988243103027
111   2.197434663772583
112   2.017249584197998
113   2.1507134437561035
114   2.266648292541504
115   2.273074150085449
116   1.9739590883255005
117   1.8941055536270142
118   2.011291265487671
119   2.2254199981689453
120   2.3636984825134277
121   2.36698842048645
122   2.3281500339508057
123   2.3743414878845215
124   2.0989460945129395
125   2.410132646560669
126   2.395249128341675
127   2.552809953689575
128   2.118532419204712
129   2.182385206222534
130   2.0262842178344727
131   2.22594952583313
132   2.346967935562134
133   2.036231517791748
134   2.627736806869507
135   2.3556621074676514
136   2.468245506286621
137   2.3109614849090576
138   2.488809108734131
139   2.2617247104644775
140   2.5445868968963623
141   2.0902271270751953
142   2.35853910446167
143   2.1686644554138184
144   2.2502281665802
145   2.1004600524902344
146   2.491459608078003
147   2.3900904655456543
148   2.434650182723999
149   2.613940954208374
150   2.52419114112854
151   2.2840330600738525
152   2.278337001800537
153   2.440953254699707
154   2.513620615005493
155   1.831213355064392
156   2.295463800430298
157   2.1117663383483887
158   2.307788848876953
159   2.231902599334717
160   2.0857341289520264
161   2.02067494392395
162   1.8804218769073486
163   2.4562461376190186
164   2.513723373413086
165   2.4301810264587402
166   2.5616137981414795
167   2.263190746307373
168   2.0916049480438232
169   2.146296262741089
170   2.144705057144165
171   2.4248504638671875
172   1.9912168979644775
173   2.530501365661621
174   1.973675012588501
175   2.625373125076294
176   2.5140416622161865
177   2.3935887813568115
178   2.2118284702301025
179   2.136441469192505
180   1.9772822856903076
181   2.442019462585449
182   2.23525333404541
183   1.8948320150375366
184   1.8407431840896606
185   1.913209080696106
186   1.8306093215942383
187   1.915218472480774
188   1.9744985103607178
189   2.2359459400177
190   2.225130319595337
191   2.307502031326294
192   2.0860180854797363
193   2.17916202545166
194   1.9655576944351196
195   2.1106040477752686
196   2.144076108932495
197   1.545361876487732
198   1.9006924629211426
199   2.016608238220215
200   2.034388542175293
201   1.831773042678833
202   2.3145911693573
203   2.05365252494812
204   2.135939598083496
205   1.8814525604248047
206   2.230240821838379
207   2.016714096069336
208   1.9112313985824585
209   2.077705144882202
210   2.397111654281616
211   2.1760125160217285
212   2.7672314643859863
213   2.393834352493286
