1   1.7717446088790894
2   1.7711541652679443
3   1.4255229234695435
4   1.6653152704238892
5   1.6563972234725952
6   1.6422789096832275
7   1.6358453035354614
8   1.4742623567581177
9   1.636332631111145
10   1.5426582098007202
11   1.5693939924240112
12   1.7122414112091064
13   1.7122164964675903
14   1.631809949874878
15   1.6505433320999146
16   1.5303621292114258
17   1.7593320608139038
18   1.6950814723968506
19   1.6737060546875
20   1.5509674549102783
21   1.5290043354034424
22   1.5926321744918823
23   1.5930707454681396
24   1.705269455909729
25   1.645986557006836
26   1.356475591659546
27   1.620392084121704
28   1.602310061454773
29   1.6043927669525146
30   1.6502083539962769
31   1.6605207920074463
32   1.8510364294052124
33   1.7293587923049927
34   1.7333989143371582
35   1.5330324172973633
36   1.7194815874099731
37   1.6635546684265137
38   1.7375564575195313
39   1.7174018621444702
40   1.7180777788162231
41   1.5492879152297974
42   1.795926570892334
43   1.6417479515075684
44   1.6451184749603271
45   1.6464303731918335
46   1.802634596824646
47   1.6821041107177734
48   1.773348331451416
49   1.63056218624115
50   1.7060436010360718
51   1.6313443183898926
52   1.5390715599060059
53   1.7524367570877075
54   1.7129648923873901
55   1.7496566772460938
56   1.606562614440918
57   1.5718423128128052
58   1.6465924978256226
59   1.7489813566207886
60   1.8230668306350708
61   1.770294189453125
62   1.7526218891143799
63   1.7411339282989502
64   1.703051209449768
65   1.6142579317092896
66   1.912772297859192
67   1.7857859134674072
68   1.6857428550720215
69   1.8143553733825684
70   1.6147747039794922
71   1.6648085117340088
72   1.7698873281478882
73   1.6229759454727173
74   1.6440832614898682
75   1.5392873287200928
76   1.5781910419464111
77   1.5018516778945923
78   1.5553089380264282
79   1.6913045644760132
80   1.8525958061218262
81   1.8481478691101074
82   1.8610832691192627
83   1.8200944662094116
84   1.976743221282959
85   1.7409354448318481
86   1.69594407081604
87   1.686824083328247
88   1.742124080657959
89   1.7172807455062866
90   1.655980110168457
91   1.5901386737823486
92   1.730825424194336
93   1.8648276329040527
94   1.8563299179077148
95   1.6361991167068481
96   1.7634447813034058
97   1.8050458431243896
98   1.604248046875
99   1.7251008749008179
100   1.5897969007492065
101   1.5942901372909546
102   1.6499699354171753
103   1.8683357238769531
104   1.5053951740264893
105   1.6546168327331543
106   1.800600528717041
107   1.4845761060714722
108   1.6422845125198364
109   1.6937847137451172
110   1.6695603132247925
111   1.4849417209625244
112   1.758129596710205
113   1.5572030544281006
114   1.7531193494796753
115   1.7520543336868286
116   1.6826668977737427
117   1.7421448230743408
118   1.5044785737991333
119   1.6208529472351074
120   1.6896792650222778
121   1.7014609575271606
122   1.7098065614700317
123   1.6780121326446533
124   1.5913848876953125
125   1.6900570392608643
126   1.6597766876220703
127   1.6044373512268066
128   1.58797025680542
129   1.67880117893219
130   1.7162492275238037
131   1.6277434825897217
132   1.6602834463119507
133   1.7272974252700806
134   1.7955540418624878
135   1.5963941812515259
136   1.701701283454895
137   1.7363125085830688
138   1.6543817520141602
139   1.617278814315796
140   1.537537932395935
141   1.6389652490615845
142   1.6434472799301147
143   1.7693052291870117
144   1.5929807424545288
145   1.700535535812378
146   1.6062887907028198
147   1.4973787069320679
148   1.6306464672088623
149   1.5853315591812134
150   1.5729484558105469
151   1.567345142364502
152   1.5708011388778687
153   1.579119324684143
154   1.6823123693466187
155   1.4881644248962402
156   1.5777240991592407
157   1.6149401664733887
158   1.5328593254089355
159   1.6179566383361816
160   1.5171583890914917
