1   6.088793754577637
2   3.7815098762512207
3   3.757338285446167
4   2.9776992797851563
5   3.9366772174835205
6   4.0840044021606445
7   3.3874385356903076
8   2.9551305770874023
9   3.026352643966675
10   3.5817246437072754
11   3.194228410720825
12   3.7463486194610596
13   3.133108615875244
14   3.0664587020874023
15   3.287586212158203
16   3.56884503364563
17   3.2900004386901855
18   3.1803107261657715
19   3.9997456073760986
20   3.3191137313842773
21   3.176445484161377
22   2.7009198665618896
23   3.5511817932128906
24   3.6509861946105957
25   3.612278699874878
26   4.156129360198975
27   4.093934059143066
28   3.394456624984741
29   3.380681037902832
30   3.9713549613952637
31   3.6389100551605225
32   2.2027759552001953
33   3.2516157627105713
34   3.4471824169158936
35   3.7611019611358643
36   3.5801820755004883
37   3.0946273803710938
38   3.0568745136260986
39   3.642587184906006
40   2.943124532699585
41   3.503190040588379
42   2.3055946826934814
43   3.3801064491271973
44   3.392284393310547
45   3.763956308364868
46   3.4451098442077637
47   3.6051788330078125
48   3.15824294090271
49   4.05480432510376
50   3.849104166030884
51   3.5717272758483887
52   3.2075884342193604
53   3.840327739715576
54   3.1390109062194824
55   3.758126735687256
56   2.8970532417297363
57   4.136692523956299
58   3.5636093616485596
59   3.7634224891662598
60   3.455498218536377
61   2.8081753253936768
62   3.6710152626037598
63   4.317681312561035
64   3.5017249584198
65   4.127573013305664
66   2.8889036178588867
67   3.016986608505249
68   4.134397029876709
69   2.987255573272705
70   2.7524425983428955
71   3.033787250518799
72   2.652514696121216
73   3.326990842819214
74   2.8395299911499023
75   3.577925682067871
76   2.7302656173706055
77   3.462254762649536
78   3.2555081844329834
79   3.6379477977752686
80   3.707129716873169
81   2.862480401992798
82   2.8287594318389893
83   3.2370035648345947
84   3.9066174030303955
85   2.8730180263519287
86   3.620408058166504
87   2.8848819732666016
88   2.73014760017395
89   3.1572177410125732
90   3.2250490188598633
91   2.2433276176452637
92   3.5653464794158936
93   4.248563289642334
94   3.4120774269104004
95   2.5462632179260254
96   3.8339993953704834
97   3.4203648567199707
98   3.2449913024902344
99   3.540128707885742
100   3.234245538711548
101   4.285058975219727
102   2.70696759223938
103   3.386415481567383
104   4.036299228668213
105   3.5427465438842773
106   2.5177433490753174
107   4.075199604034424
108   3.2154769897460938
109   3.8873836994171143
110   3.4818859100341797
111   2.9623870849609375
112   3.4006354808807373
113   3.600111246109009
114   3.296121597290039
115   2.902683973312378
116   4.1105122566223145
117   3.5072598457336426
118   3.2236428260803223
119   3.222532272338867
120   3.603609561920166
121   2.4299962520599365
122   1.4076390266418457
123   3.0465316772460938
124   3.5515732765197754
125   3.088275194168091
126   3.10456919670105
127   3.3078739643096924
128   3.6831769943237305
129   3.438961982727051
130   3.7658019065856934
131   3.681077241897583
132   2.8610310554504395
133   3.9850988388061523
134   2.7134342193603516
135   3.357590675354004
136   3.3586418628692627
137   3.6345484256744385
138   4.5768961906433105
139   3.5295259952545166
140   3.1868584156036377
141   1.330580472946167
142   3.206939697265625
143   3.486172914505005
144   3.6895315647125244
145   3.7864277362823486
146   3.0490546226501465
147   3.3391852378845215
148   4.463428020477295
149   3.2510881423950195
150   2.7303307056427
151   1.5826740264892578
152   2.589048385620117
153   2.2739152908325195
154   3.565443515777588
155   2.707853317260742
156   3.0754880905151367
157   3.1677780151367188
158   3.4046833515167236
159   3.2110111713409424
160   3.2913689613342285
