1   6.732601642608643
2   6.489069938659668
3   6.08931827545166
4   6.916581630706787
5   6.965737819671631
6   5.405651569366455
7   5.9101033210754395
8   6.20198392868042
9   5.5493998527526855
10   5.358372211456299
11   5.609130382537842
12   6.562361717224121
13   5.4265851974487305
14   6.182961463928223
15   6.541686058044434
16   5.648105621337891
17   5.841581344604492
18   6.471523284912109
19   6.822490215301514
20   6.351194381713867
21   5.868250370025635
22   5.779407978057861
23   5.950253486633301
24   5.665842533111572
25   5.61857795715332
26   5.386672019958496
27   5.975291728973389
28   5.306293487548828
29   6.485722064971924
30   6.234229564666748
31   6.363348484039307
32   5.9799065589904785
33   6.514169216156006
34   6.709200859069824
35   6.5712432861328125
36   6.38378381729126
37   6.173760414123535
38   6.635287284851074
39   6.982591152191162
40   6.859584808349609
41   6.255077362060547
42   5.950255870819092
43   7.145885944366455
44   7.006105422973633
45   6.898029327392578
46   6.629037857055664
47   6.380047798156738
48   7.154958248138428
49   7.941189289093018
50   6.441863059997559
51   5.83505916595459
52   5.9759345054626465
53   6.115808010101318
54   7.0003981590271
55   7.084836006164551
56   5.393702507019043
57   6.404840469360352
58   6.000367641448975
59   6.198950290679932
60   6.081970691680908
61   7.011591911315918
62   6.314240455627441
63   7.663439750671387
64   6.296789646148682
65   7.434898853302002
66   6.867732048034668
67   6.589694499969482
68   6.827057361602783
69   7.139790058135986
70   7.44211483001709
71   7.842360496520996
72   5.659189701080322
73   6.025500774383545
74   5.985264301300049
75   5.550307273864746
76   6.157898426055908
77   7.00714111328125
78   5.933681964874268
79   6.586943626403809
80   6.969301700592041
81   6.159056186676025
82   6.639937400817871
83   6.88700008392334
84   7.174543857574463
85   6.4285054206848145
86   6.865027904510498
87   7.23861837387085
88   7.388318061828613
89   7.212377548217773
90   7.316214561462402
91   6.506867408752441
92   7.401768684387207
93   7.247928142547607
94   6.956667900085449
95   6.475718021392822
96   6.917532444000244
97   7.332092761993408
98   6.311686992645264
99   7.5833210945129395
100   7.365914344787598
101   7.136921405792236
102   6.642637729644775
103   7.6826300621032715
104   8.146132469177246
105   7.469175815582275
106   6.193777561187744
107   5.623576641082764
108   6.102189540863037
109   6.40921688079834
110   6.056310653686523
111   7.344484329223633
112   5.4962334632873535
113   5.772348403930664
114   6.182295799255371
115   5.36968994140625
116   6.214085578918457
117   6.110288143157959
118   6.4100236892700195
119   6.806832313537598
120   6.122833728790283
121   6.45527458190918
122   5.468062400817871
123   5.502923488616943
124   5.246064186096191
125   5.143893718719482
126   6.681307315826416
127   5.907071590423584
128   6.0917582511901855
129   6.159612655639648
130   6.3719305992126465
131   5.8670125007629395
132   6.361055374145508
133   5.330601215362549
134   4.989408016204834
135   5.800628185272217
136   6.706630229949951
137   5.989844799041748
138   6.475717067718506
139   5.681324005126953
140   5.656919479370117
141   5.255074501037598
142   6.492438793182373
143   6.525819301605225
144   5.439228534698486
145   5.797569751739502
146   5.601619720458984
147   5.785207748413086
148   6.320845603942871
149   5.841135025024414
150   6.024982452392578
151   6.309657573699951
152   7.326667785644531
153   7.376636505126953
154   6.893838405609131
155   5.7918009757995605
156   4.992986679077148
157   5.94917631149292
158   5.740553379058838
159   6.455811023712158
160   6.400852680206299
