1   3.156883716583252
2   2.459639072418213
3   2.3864197731018066
4   2.534371852874756
5   2.4257352352142334
6   2.3665974140167236
7   2.347233295440674
8   2.3247900009155273
9   2.3715386390686035
10   2.401582717895508
11   2.379189968109131
12   2.391468048095703
13   2.5990216732025146
14   2.4721872806549072
15   2.541935920715332
16   2.440871000289917
17   2.575212001800537
18   2.475457191467285
19   2.663004159927368
20   2.4427106380462646
21   2.3331422805786133
22   2.449470043182373
23   2.4875826835632324
24   2.322800874710083
25   2.1375133991241455
26   1.962668776512146
27   2.182835102081299
28   2.2689831256866455
29   2.496892213821411
30   2.3576512336730957
31   2.290719509124756
32   2.576070785522461
33   2.5515294075012207
34   2.4613351821899414
35   2.576530933380127
36   2.486704111099243
37   2.5391461849212646
38   2.442775011062622
39   2.6248550415039063
40   2.547274351119995
41   2.6094377040863037
42   2.745918035507202
43   2.4577620029449463
44   2.700261354446411
45   2.5943443775177
46   2.3777987957000732
47   2.289848804473877
48   2.612570285797119
49   2.420942544937134
50   2.453491687774658
51   2.2023816108703613
52   2.5191099643707275
53   2.29093074798584
54   2.259857416152954
55   2.4893248081207275
56   2.3726260662078857
57   2.6510820388793945
58   2.735999822616577
59   2.5730600357055664
60   2.5099809169769287
61   2.6496171951293945
62   2.6065595149993896
63   2.696141242980957
64   2.537574291229248
65   3.095033645629883
66   2.699042558670044
67   2.8038954734802246
68   2.8478777408599854
69   2.7494516372680664
70   2.7438271045684814
71   2.2984628677368164
72   2.0760610103607178
73   2.181514263153076
74   2.4342191219329834
75   2.3608338832855225
76   2.8232831954956055
77   3.0503008365631104
78   2.8237218856811523
79   3.3733322620391846
80   3.0401298999786377
81   2.887946128845215
82   2.6361043453216553
83   3.1514618396759033
84   3.116349220275879
85   2.700249671936035
86   2.8414201736450195
87   2.974900245666504
88   3.4922451972961426
89   3.188636302947998
90   3.2307844161987305
91   2.960223913192749
92   2.96999192237854
93   3.5629429817199707
94   2.9331414699554443
95   2.9222068786621094
96   3.5549299716949463
97   3.3158936500549316
98   2.7550249099731445
99   3.248514175415039
100   2.6259052753448486
101   3.1671226024627686
102   2.7346761226654053
103   2.774350643157959
104   2.670517921447754
105   2.6626083850860596
106   2.2495810985565186
107   2.5806875228881836
108   2.4863288402557373
109   2.6480929851531982
110   2.871368169784546
111   2.587625503540039
112   2.444575309753418
113   2.541794776916504
114   2.436753034591675
115   2.2114758491516113
116   2.4302165508270264
117   2.292938709259033
118   2.348870277404785
119   2.3649823665618896
120   2.4180526733398438
121   2.4279088973999023
122   2.3514978885650635
123   2.4615495204925537
124   2.246896743774414
125   2.564178466796875
126   2.3927433490753174
127   2.2874038219451904
128   2.382321834564209
129   2.4881937503814697
130   2.439362049102783
131   2.3504815101623535
132   2.3622934818267822
133   2.3231520652770996
134   2.5806643962860107
135   2.378020763397217
136   2.3833532333374023
137   2.426635980606079
138   2.4511711597442627
139   2.2770960330963135
140   2.5285024642944336
141   2.3787014484405518
142   2.517911434173584
143   2.1802873611450195
144   2.139486789703369
145   2.2576427459716797
146   2.305649757385254
147   1.9160834550857544
148   2.3345048427581787
149   2.0275018215179443
150   2.0270073413848877
151   2.060026168823242
152   2.4095191955566406
153   2.3595786094665527
154   2.2800283432006836
155   2.268291711807251
156   2.093291759490967
157   2.1442110538482666
158   2.2443299293518066
159   2.353126049041748
160   2.5943658351898193
