1   3.350537061691284
2   2.578468084335327
3   2.3315773010253906
4   2.517204523086548
5   2.4736247062683105
6   2.445491075515747
7   2.3650240898132324
8   2.2850208282470703
9   2.281956672668457
10   2.408632516860962
11   2.433814764022827
12   2.379392385482788
13   2.6858839988708496
14   2.4045865535736084
15   2.540081024169922
16   2.4410181045532227
17   2.5242130756378174
18   2.4490373134613037
19   2.652388334274292
20   2.455932378768921
21   2.342120885848999
22   2.482600212097168
23   2.3746187686920166
24   2.3443002700805664
25   2.1452584266662598
26   1.8808609247207642
27   2.1291909217834473
28   2.2090556621551514
29   2.462390422821045
30   2.353930711746216
31   2.275111675262451
32   2.767239809036255
33   2.6519131660461426
34   2.371631145477295
35   2.6613800525665283
36   2.5348167419433594
37   2.5602166652679443
38   2.4239187240600586
39   2.7052836418151855
40   2.515470027923584
41   2.5751612186431885
42   2.8737642765045166
43   2.5069241523742676
44   2.7521989345550537
45   2.620190382003784
46   2.4298698902130127
47   2.457655191421509
48   2.714848279953003
49   2.438481569290161
50   2.5183870792388916
51   2.2830021381378174
52   2.6225526332855225
53   2.2186837196350098
54   2.2254927158355713
55   2.548513174057007
56   2.4009265899658203
57   2.702819585800171
58   2.7326323986053467
59   2.624523878097534
60   2.63213849067688
61   2.724785566329956
62   2.7537286281585693
63   2.7527530193328857
64   2.591402530670166
65   3.165576457977295
66   2.8728134632110596
67   2.9992356300354004
68   3.003831148147583
69   2.8567183017730713
70   2.8569905757904053
71   2.297154426574707
72   2.146595001220703
73   2.237823724746704
74   2.5114755630493164
75   2.256296157836914
76   2.8590049743652344
77   2.9248108863830566
78   2.864203453063965
79   3.523033857345581
80   3.0822927951812744
81   3.0243570804595947
82   2.8072776794433594
83   3.3804564476013184
84   3.455026149749756
85   2.815263032913208
86   2.9642622470855713
87   3.1663644313812256
88   3.7930545806884766
89   3.385545492172241
90   3.373544216156006
91   2.86968994140625
92   2.9976508617401123
93   3.717505931854248
94   3.0769283771514893
95   3.1692237854003906
96   3.693056344985962
97   3.482322931289673
98   2.730363607406616
99   3.361118793487549
100   2.6291658878326416
101   3.426661491394043
102   2.972158908843994
103   2.7809715270996094
104   2.7652430534362793
105   2.7185797691345215
106   2.2375431060791016
107   2.7759406566619873
108   2.5101475715637207
109   2.6175153255462646
110   2.8534696102142334
111   2.4868004322052
112   2.277081251144409
113   2.4488627910614014
114   2.447801351547241
115   2.324756145477295
116   2.4498629570007324
117   2.2497806549072266
118   2.3609559535980225
119   2.330960512161255
120   2.4378483295440674
121   2.429438591003418
122   2.305771589279175
123   2.5469777584075928
124   2.2668349742889404
125   2.5810375213623047
126   2.4227747917175293
127   2.323687791824341
128   2.340886354446411
129   2.5629055500030518
130   2.5090830326080322
131   2.359065055847168
132   2.289867401123047
133   2.2621023654937744
134   2.638241767883301
135   2.365544557571411
136   2.4539711475372314
137   2.4722208976745605
138   2.510894536972046
139   2.2524123191833496
140   2.469905376434326
141   2.3293986320495605
142   2.5117075443267822
143   2.2123770713806152
144   2.259134292602539
145   2.3493189811706543
146   2.391627073287964
147   2.0012621879577637
148   2.4313714504241943
149   2.105004072189331
150   2.082859516143799
151   2.081155300140381
152   2.417479991912842
153   2.40451979637146
154   2.2820093631744385
155   2.2507236003875732
156   2.120790719985962
157   2.152355194091797
158   2.261413335800171
159   2.3939266204833984
160   2.599395275115967
