1   1.6157612800598145
2   1.5899749994277954
3   1.5709844827651978
4   1.7155264616012573
5   1.6638165712356567
6   1.6022454500198364
7   1.6727467775344849
8   1.601398229598999
9   1.611258625984192
10   1.503989815711975
11   1.814054012298584
12   1.5456914901733398
13   1.4984263181686401
14   1.5631378889083862
15   1.6176332235336304
16   1.7452079057693481
17   1.7815595865249634
18   1.7407307624816895
19   1.595429539680481
20   1.579318642616272
21   1.4327726364135742
22   1.493543028831482
23   1.4394651651382446
24   1.5975604057312012
25   1.8919671773910522
26   1.962094783782959
27   1.7691073417663574
28   1.6865079402923584
29   1.8926063776016235
30   1.9533839225769043
31   1.826454520225525
32   1.7523117065429688
33   1.4693882465362549
34   1.632159948348999
35   1.5571014881134033
36   2.0459094047546387
37   1.472259283065796
38   1.5422022342681885
39   1.9542661905288696
40   1.4756088256835938
41   1.7954272031784058
42   1.5362149477005005
43   1.9708260297775269
44   2.0013296604156494
45   1.9886324405670166
46   1.4079349040985107
47   1.8703210353851318
48   1.333207368850708
49   1.4903626441955566
50   1.7219637632369995
51   1.441823959350586
52   1.6337354183197021
53   1.4710447788238525
54   1.9456734657287598
55   1.60914945602417
56   1.3070390224456787
57   1.7148022651672363
58   2.4380929470062256
59   2.206052780151367
60   1.564312219619751
61   1.1478980779647827
62   1.3085640668869019
63   1.387424349784851
64   0.9995191097259521
65   1.4878398180007935
66   1.2614465951919556
67   1.3102431297302246
68   1.6085783243179321
69   1.3787761926651
70   1.5613906383514404
71   1.614699363708496
72   1.8595826625823975
73   1.7422797679901123
74   1.674564003944397
75   1.839322805404663
76   1.5262963771820068
77   1.7606803178787231
78   1.306911826133728
79   1.195794939994812
80   1.5205163955688477
81   1.8908618688583374
82   1.5122966766357422
83   1.420445203781128
84   1.5008896589279175
85   1.5783079862594604
86   1.2433720827102661
87   1.7580386400222778
88   2.118176221847534
89   1.858555555343628
90   2.092604160308838
91   1.7433406114578247
92   1.7568498849868774
93   1.2267746925354004
94   2.067232847213745
95   1.1920746564865112
96   2.104696273803711
97   2.31907320022583
98   1.6128051280975342
99   1.1998610496520996
100   1.3504998683929443
101   1.8627474308013916
102   1.10749351978302
103   1.1999021768569946
104   1.5793734788894653
105   1.8030842542648315
106   1.3274601697921753
107   2.146890163421631
108   2.6159756183624268
109   1.4226218461990356
110   0.8954882621765137
111   3.3751115798950195
112   2.1018598079681396
113   1.8320614099502563
114   1.3710533380508423
115   1.9641648530960083
116   1.4916163682937622
117   1.566510796546936
118   1.4917361736297607
119   1.1898826360702515
120   1.6379752159118652
121   1.5072667598724365
122   1.586686372756958
123   1.513831615447998
124   1.6634862422943115
125   1.4655977487564087
126   1.7123680114746094
127   1.5688618421554565
128   1.7214590311050415
129   1.4566611051559448
130   1.5018129348754883
131   1.7398289442062378
132   1.7193504571914673
133   1.434656023979187
134   1.7865774631500244
135   1.88041353225708
136   1.486310362815857
137   1.6292052268981934
138   1.69693922996521
139   1.4633818864822388
140   1.5809123516082764
141   1.5167734622955322
142   1.6402363777160645
143   1.6180334091186523
144   1.789650559425354
145   1.4729241132736206
146   1.3330436944961548
147   1.4399888515472412
148   1.701085090637207
149   1.4787338972091675
150   1.4762437343597412
151   1.5295814275741577
152   1.6705073118209839
153   1.403635859489441
154   1.5701807737350464
155   1.6798100471496582
156   1.5811024904251099
157   1.7122153043746948
158   1.590880274772644
159   1.7147741317749023
160   1.5940021276474
161   1.5529638528823853
162   1.5910985469818115
163   1.6538832187652588
164   1.6070691347122192
