1   6.672143936157227
2   5.336177825927734
3   5.97466516494751
4   6.480013847351074
5   6.504152774810791
6   6.379758834838867
7   6.785263538360596
8   5.946160793304443
9   6.252474308013916
10   6.438304901123047
11   6.254173278808594
12   6.497851848602295
13   6.285423278808594
14   7.029781818389893
15   5.828747272491455
16   7.279716968536377
17   5.82983922958374
18   6.156177520751953
19   6.477548122406006
20   6.104206085205078
21   5.195807933807373
22   5.836390018463135
23   6.811429500579834
24   6.687683582305908
25   7.51062536239624
26   6.39946985244751
27   6.126493453979492
28   7.105930805206299
29   7.138238430023193
30   7.376302719116211
31   6.483239650726318
32   7.531874179840088
33   6.449238300323486
34   5.935624122619629
35   6.4692840576171875
36   6.890240669250488
37   6.102194309234619
38   5.958826541900635
39   6.5060811042785645
40   6.928904056549072
41   6.769342422485352
42   5.8422675132751465
43   6.533301830291748
44   5.857919692993164
45   5.815017223358154
46   6.339743137359619
47   5.820494174957275
48   6.307737827301025
49   5.872453689575195
50   5.9565534591674805
51   5.755681991577148
52   5.689106464385986
53   6.368346214294434
54   6.837043285369873
55   6.5699567794799805
56   6.889713764190674
57   6.360933780670166
58   7.223207950592041
59   6.378985404968262
60   5.141021251678467
61   6.663238048553467
62   6.437763214111328
63   6.579128742218018
64   7.285445213317871
65   5.812150001525879
66   6.3629984855651855
67   6.491493225097656
68   6.892232894897461
69   6.396519660949707
70   6.5173234939575195
71   5.731714248657227
72   6.622790336608887
73   6.514927387237549
74   6.763394832611084
75   5.415218830108643
76   5.893021583557129
77   5.65121603012085
78   5.58119535446167
79   6.526010036468506
80   6.118804454803467
81   5.686540603637695
82   6.036722183227539
83   6.082616806030273
84   5.958957195281982
85   5.963738441467285
86   6.283385753631592
87   5.866384983062744
88   5.504700183868408
89   5.284776210784912
90   7.350657939910889
91   7.043529987335205
92   6.834000110626221
93   6.416141033172607
94   5.983280181884766
95   6.5750908851623535
96   7.053947448730469
97   7.363999366760254
98   7.216551780700684
99   6.3398027420043945
100   6.079434394836426
101   5.63932991027832
102   5.63095760345459
103   4.813387393951416
104   5.4547119140625
105   4.158953666687012
106   5.340812683105469
107   5.269556522369385
108   6.024174690246582
109   4.937902927398682
110   5.604485034942627
111   6.006628036499023
112   6.425564765930176
113   5.816345691680908
114   4.695949554443359
115   4.238611221313477
116   6.35474157333374
117   4.175476551055908
118   6.427007675170898
119   6.584569454193115
120   5.473695278167725
121   6.391472816467285
122   5.827273368835449
123   6.021820545196533
124   6.933098793029785
125   7.18497896194458
126   6.361353397369385
127   6.777831077575684
128   5.718750476837158
129   6.380827903747559
130   6.580221176147461
131   6.377264499664307
132   6.525317668914795
133   6.064204216003418
134   7.085206508636475
135   6.262039661407471
136   6.254286289215088
137   5.85683012008667
138   5.95002555847168
139   6.433591842651367
140   6.039132595062256
141   6.982860088348389
142   6.459519863128662
143   6.081070423126221
144   6.091239929199219
145   7.137795925140381
146   6.443882942199707
147   6.24318790435791
148   6.75738525390625
149   7.192041397094727
150   6.441650390625
151   5.87074089050293
152   6.67752742767334
153   7.074785232543945
154   6.239776134490967
155   6.092367172241211
156   5.968474388122559
157   6.357973098754883
158   6.676349639892578
159   6.366663932800293
160   5.801821708679199
161   5.860650539398193
162   6.844221591949463
163   6.92782735824585
164   7.201582431793213
