1   4.890790939331055
2   1.9286569356918335
3   3.6025967597961426
4   3.4382026195526123
5   3.749730348587036
6   3.1623027324676514
7   2.752957582473755
8   4.195249557495117
9   2.9583942890167236
10   3.4860799312591553
11   2.698065757751465
12   3.3147308826446533
13   3.8750627040863037
14   3.9754908084869385
15   3.5073323249816895
16   3.859271764755249
17   3.5222785472869873
18   3.40071964263916
19   3.657384157180786
20   4.296838760375977
21   3.3748512268066406
22   3.467075824737549
23   4.502547264099121
24   3.279836416244507
25   3.635340929031372
26   3.765369415283203
27   3.2983717918395996
28   3.235790252685547
29   3.4727678298950195
30   2.8351428508758545
31   3.1116974353790283
32   3.8527491092681885
33   3.6232759952545166
34   1.8371062278747559
35   1.5911176204681396
36   3.7806429862976074
37   3.701183795928955
38   3.7051749229431152
39   4.834001541137695
40   4.095974445343018
41   3.5193088054656982
42   3.8276426792144775
43   4.108117580413818
44   2.9080915451049805
45   3.893249988555908
46   4.00770902633667
47   4.716557025909424
48   2.5872819423675537
49   3.434425115585327
50   3.6546006202697754
51   2.174085855484009
52   4.512913227081299
53   3.353515386581421
54   2.8155834674835205
55   2.9603631496429443
56   2.8906166553497314
57   2.9536263942718506
58   3.2788124084472656
59   2.3770735263824463
60   1.734467625617981
61   4.329520225524902
62   3.7458834648132324
63   2.8832316398620605
64   3.1688969135284424
65   3.1458261013031006
66   3.143279552459717
67   2.526951551437378
68   1.8424571752548218
69   2.0699241161346436
70   1.8841062784194946
71   1.8219174146652222
72   2.5548133850097656
73   3.592418670654297
74   3.0811257362365723
75   3.3103604316711426
76   2.511442184448242
77   3.0382230281829834
78   2.8775131702423096
79   3.277669906616211
80   3.276677131652832
81   3.310286045074463
82   3.534621238708496
83   3.992133855819702
84   3.4936740398406982
85   3.491828203201294
86   3.466395139694214
87   2.9483983516693115
88   2.9626848697662354
89   2.5583653450012207
90   4.210770130157471
91   3.4208292961120605
92   3.200309991836548
93   3.6827797889709473
94   4.066748142242432
95   3.63895583152771
96   3.6439049243927
97   3.5249550342559814
98   3.6061065196990967
99   3.1086103916168213
100   3.692216396331787
101   3.561934232711792
102   3.2074949741363525
103   4.168473720550537
104   2.803182363510132
105   2.7840659618377686
106   3.0331220626831055
107   3.7910375595092773
108   4.403299331665039
109   3.805762767791748
110   3.6080541610717773
111   4.251338005065918
112   2.457073211669922
113   3.8895437717437744
114   3.887042284011841
115   2.8466057777404785
116   3.492490291595459
117   2.926206588745117
118   2.96950101852417
119   3.3904573917388916
120   3.0791492462158203
121   3.11275315284729
122   2.30794358253479
123   2.8226583003997803
124   2.678694725036621
125   3.1861767768859863
126   4.493034839630127
127   4.041133880615234
128   3.236851930618286
129   3.1783761978149414
130   1.9507601261138916
131   2.7747795581817627
132   2.58408784866333
133   3.5211143493652344
134   3.0338847637176514
135   3.5371580123901367
136   3.6276543140411377
137   3.4566547870635986
138   3.719714403152466
139   3.6979000568389893
140   3.6196234226226807
141   3.4363515377044678
142   3.306339979171753
143   3.254035472869873
144   3.623795986175537
145   3.2519712448120117
146   3.932278871536255
147   3.138915777206421
148   3.5333845615386963
149   3.471764326095581
150   3.578174352645874
151   3.243767738342285
152   3.793142557144165
153   2.691331624984741
154   3.792085886001587
155   3.534801721572876
156   3.3839282989501953
157   3.213390827178955
158   3.431856632232666
159   3.760227918624878
160   4.66664981842041
161   2.3760335445404053
162   3.3815226554870605
163   3.213777542114258
164   3.5371177196502686
