1   3.1058950424194336
2   2.3773248195648193
3   2.5422146320343018
4   2.8050239086151123
5   2.5754990577697754
6   2.5479817390441895
7   2.655977964401245
8   2.3624885082244873
9   2.554887533187866
10   2.4160919189453125
11   2.446193218231201
12   2.4298574924468994
13   2.322715997695923
14   2.732083797454834
15   2.3528852462768555
16   2.7341525554656982
17   2.3963091373443604
18   2.5005435943603516
19   2.3749990463256836
20   2.1283490657806396
21   1.775804042816162
22   2.010957717895508
23   2.5068628787994385
24   2.205838680267334
25   2.4728853702545166
26   1.919425129890442
27   2.1881816387176514
28   2.391639232635498
29   2.0730152130126953
30   2.156350612640381
31   2.479254961013794
32   2.8950493335723877
33   2.503974437713623
34   2.2429146766662598
35   2.2982940673828125
36   3.0419392585754395
37   2.648817300796509
38   2.501737117767334
39   2.7653326988220215
40   2.335211992263794
41   2.243948221206665
42   2.4909093379974365
43   2.703855276107788
44   2.4129931926727295
45   2.415567398071289
46   2.4654998779296875
47   2.4965248107910156
48   2.5369229316711426
49   2.587765693664551
50   2.5022261142730713
51   2.2855331897735596
52   2.4606986045837402
53   2.5456812381744385
54   2.2909724712371826
55   2.3206732273101807
56   2.594852924346924
57   2.423410415649414
58   2.5746588706970215
59   2.5949606895446777
60   1.979288101196289
61   2.7154653072357178
62   2.4872686862945557
63   2.453307628631592
64   2.413473606109619
65   2.5064949989318848
66   2.5587446689605713
67   2.4531233310699463
68   2.221921682357788
69   2.2936675548553467
70   2.122527837753296
71   2.473235607147217
72   2.5897786617279053
73   2.431516408920288
74   2.332446575164795
75   2.352797508239746
76   2.351865530014038
77   2.123264789581299
78   2.3454461097717285
79   2.4217047691345215
80   2.4187331199645996
81   2.3036184310913086
82   2.749950408935547
83   2.416429281234741
84   2.552184581756592
85   2.593869686126709
86   2.2739548683166504
87   2.3368680477142334
88   2.6444473266601563
89   2.4939024448394775
90   2.7456977367401123
91   2.5046467781066895
92   2.4067418575286865
93   2.278373956680298
94   2.5147664546966553
95   2.3385791778564453
96   2.455301284790039
97   2.5847628116607666
98   2.4814229011535645
99   2.2006027698516846
100   1.7977603673934937
101   1.5607640743255615
102   1.4021813869476318
103   1.7906380891799927
104   1.5114834308624268
105   1.3021950721740723
106   1.7240804433822632
107   2.069200038909912
108   1.919830560684204
109   1.491234302520752
110   1.4954044818878174
111   2.178314208984375
112   1.6915887594223022
113   1.8583922386169434
114   1.6554677486419678
115   1.5406500101089478
116   2.034416437149048
117   1.9264590740203857
118   2.350245952606201
119   2.108076810836792
120   2.0717382431030273
121   2.755019187927246
122   2.0591845512390137
123   2.4302608966827393
124   2.598806142807007
125   2.624481439590454
126   2.5540928840637207
127   2.5836377143859863
128   2.339806318283081
129   2.5795483589172363
130   2.3656370639801025
131   2.446812391281128
132   2.6616897583007813
133   2.3231077194213867
134   2.3120665550231934
135   2.4431889057159424
136   2.327719211578369
137   2.4365007877349854
138   2.3822925090789795
139   2.6866300106048584
140   2.4559078216552734
141   2.6489200592041016
142   2.456406354904175
143   2.372488021850586
144   2.4617409706115723
145   2.390629768371582
146   2.4464712142944336
147   2.2947983741760254
148   2.303535223007202
149   2.5377233028411865
150   2.6547188758850098
151   2.6472086906433105
152   2.6239442825317383
153   2.521228790283203
154   2.5786900520324707
155   2.4611709117889404
156   2.352003335952759
157   2.4064126014709473
158   2.490509510040283
159   2.483930826187134
160   2.1487395763397217
161   2.323099136352539
162   2.353741407394409
163   2.2336580753326416
164   2.4378645420074463
