# 1
#        -90         1       180  0

 -89.5  0
 -88.5  0
 -87.5  0
 -86.5  0
 -85.5  0
 -84.5  0
 -83.5  0
 -82.5  0
 -81.5  0
 -80.5  0
 -79.5  0
 -78.5  0
 -77.5  0
 -76.5  0
 -75.5  0
 -74.5  0
 -73.5  0
 -72.5  0
 -71.5  0
 -70.5  0
 -69.5  0
 -68.5  0
 -67.5  0
 -66.5  0
 -65.5  0
 -64.5  0
 -63.5  0
 -62.5  0
 -61.5  0
 -60.5  0
 -59.5  0
 -58.5  0
 -57.5  0
 -56.5  0
 -55.5  0
 -54.5  0
 -53.5  0
 -52.5  0
 -51.5  0
 -50.5  0
 -49.5  0
 -48.5  0
 -47.5  0
 -46.5  0
 -45.5  0
 -44.5  0
 -43.5  0
 -42.5  0
 -41.5  0
 -40.5  0
 -39.5  0
 -38.5  0
 -37.5  0
 -36.5  0
 -35.5  0
 -34.5  0
 -33.5  0
 -32.5  0
 -31.5  0
 -30.5  0
 -29.5  0
 -28.5  0
 -27.5  0
 -26.5  0
 -25.5  0
 -24.5  0
 -23.5  0
 -22.5  0
 -21.5  0
 -20.5  0
 -19.5  0
 -18.5  0
 -17.5  0
 -16.5  0
 -15.5  0
 -14.5  79
 -13.5  69
 -12.5  188
 -11.5  299
 -10.5  735
 -9.5  1651
 -8.5  3432
 -7.5  5506
 -6.5  10026
 -5.5  16489
 -4.5  27196
 -3.5  42767
 -2.5  64375
 -1.5  91701
 -0.5  127665
 0.5  169516
 1.5  217849
 2.5  263800
 3.5  307446
 4.5  345351
 5.5  372961
 6.5  387914
 7.5  390886
 8.5  377397
 9.5  350741
 10.5  316109
 11.5  270909
 12.5  220899
 13.5  179444
 14.5  139775
 15.5  102505
 16.5  71101
 17.5  48880
 18.5  31024
 19.5  19141
 20.5  11158
 21.5  6050
 22.5  3457
 23.5  2034
 24.5  894
 25.5  661
 26.5  231
 27.5  139
 28.5  34
 29.5  18
 30.5  0
 31.5  0
 32.5  0
 33.5  0
 34.5  0
 35.5  0
 36.5  0
 37.5  0
 38.5  0
 39.5  0
 40.5  0
 41.5  0
 42.5  0
 43.5  0
 44.5  0
 45.5  0
 46.5  0
 47.5  0
 48.5  0
 49.5  0
 50.5  0
 51.5  0
 52.5  0
 53.5  0
 54.5  0
 55.5  0
 56.5  0
 57.5  0
 58.5  0
 59.5  0
 60.5  0
 61.5  0
 62.5  0
 63.5  0
 64.5  0
 65.5  0
 66.5  0
 67.5  0
 68.5  0
 69.5  0
 70.5  0
 71.5  0
 72.5  0
 73.5  0
 74.5  0
 75.5  0
 76.5  0
 77.5  0
 78.5  0
 79.5  0
 80.5  0
 81.5  0
 82.5  0
 83.5  0
 84.5  0
 85.5  0
 86.5  0
 87.5  0
 88.5  0
 89.5  0
