0   0.0
1   0.18763796985149384
2   0.1759706735610962
3   0.19011668860912323
4   0.17805877327919006
5   0.1822868138551712
6   0.17797860503196716
7   0.16885901987552643
8   0.18043720722198486
9   0.9042189121246338
10   1.0191677808761597
11   1.0784295797348022
12   1.0773545503616333
13   1.140984296798706
14   1.2054615020751953
15   1.0848355293273926
16   1.2086437940597534
17   1.4478799104690552
18   1.2731083631515503
19   1.1402145624160767
20   1.1262309551239014
21   1.1612502336502075
22   1.0277572870254517
23   1.2629029750823975
24   1.1380329132080078
25   1.1489397287368774
26   1.1380550861358643
27   1.291897177696228
28   1.5077370405197144
29   1.4126485586166382
30   1.1377850770950317
31   1.16046941280365
32   1.2043585777282715
33   1.1132241487503052
34   1.198766827583313
35   1.1671704053878784
36   1.1111702919006348
37   1.4653370380401611
38   1.2176690101623535
39   1.1863552331924438
40   1.2010343074798584
41   1.3021973371505737
42   1.2586148977279663
43   1.0721601247787476
44   1.2541617155075073
45   1.0799319744110107
46   0.9714353680610657
47   1.0768717527389526
48   0.9814620614051819
49   1.0774153470993042
50   1.0762834548950195
51   1.2011535167694092
52   1.0887658596038818
53   1.286815881729126
54   1.3328319787979126
55   1.2407337427139282
56   1.1437126398086548
57   1.1924399137496948
58   1.3032339811325073
59   1.084068775177002
60   1.2653272151947021
61   0.9963284730911255
62   1.01840078830719
63   1.0265048742294312
64   1.3311333656311035
65   1.2326109409332275
66   1.2408699989318848
67   1.0739151239395142
68   1.1146823167800903
69   1.084751009941101
70   1.2127732038497925
71   1.1559542417526245
72   1.039770245552063
73   1.3520352840423584
74   1.1208937168121338
75   1.0268046855926514
76   1.1783521175384521
77   1.154418706893921
78   1.1656227111816406
79   1.0866488218307495
80   1.07932448387146
81   1.1834033727645874
82   1.0763530731201172
83   1.1527624130249023
84   1.1032350063323975
85   1.1897366046905518
86   1.27597177028656
87   1.132662296295166
88   1.0421737432479858
89   0.9933582544326782
90   1.244232416152954
91   1.223921298980713
92   1.1067662239074707
93   1.115477442741394
94   1.252522587776184
95   1.1239477396011353
96   1.013944387435913
97   1.1053403615951538
98   1.0839135646820068
99   1.073419451713562
100   1.180357575416565
101   1.0553250312805176
102   1.082119345664978
103   1.1760003566741943
104   1.1650751829147339
105   1.2300493717193604
106   1.194150447845459
107   1.4012118577957153
108   1.4722521305084229
109   1.2958792448043823
110   1.221733570098877
111   1.3056681156158447
112   1.0338964462280273
113   1.2176326513290405
114   1.220435619354248
115   0.9912554621696472
116   0.9585592150688171
117   1.05446195602417
118   1.3402435779571533
119   1.1816965341567993
120   1.2293469905853271
121   1.454940676689148
122   1.0971928834915161
123   1.144776701927185
124   1.1989089250564575
125   1.2248835563659668
126   1.1344499588012695
127   1.2823840379714966
128   1.2151118516921997
129   1.2356276512145996
130   1.2118474245071411
131   1.1049895286560059
132   1.2901078462600708
133   1.193530797958374
134   1.3114482164382935
135   1.1448659896850586
136   1.2396048307418823
137   1.0945205688476563
138   1.2271078824996948
139   1.373409390449524
140   1.030214786529541
141   1.111879825592041
142   1.1710792779922485
143   1.0336552858352661
144   1.0113917589187622
145   1.0394270420074463
146   1.335053563117981
147   1.2764918804168701
148   1.2180198431015015
149   1.409647822380066
150   1.1520053148269653
151   1.1527538299560547
152   1.265426754951477
153   1.0521583557128906
154   1.1277419328689575
155   1.133245825767517
156   1.2060530185699463
157   1.2814229726791382
158   1.1330384016036987
159   1.0197936296463013
160   1.3014872074127197
161   1.1003891229629517
162   1.1911876201629639
163   1.2144047021865845
164   1.1304383277893066
165   1.2863397598266602
166   1.2548433542251587
167   1.1670351028442383
168   1.0895203351974487
169   1.4919357299804688
170   1.1146173477172852
171   1.4364099502563477
172   1.027546763420105
173   1.0751835107803345
174   1.1181317567825317
175   1.1964995861053467
176   1.2647535800933838
177   1.2528544664382935
178   1.152869462966919
179   1.06742262840271
180   1.5201915502548218
181   1.2460064888000488
182   1.106548547744751
183   1.2105326652526855
184   1.4337940216064453
185   1.1057862043380737
186   1.215248942375183
187   1.1462618112564087
188   1.287048578262329
189   1.1619980335235596
190   1.101665735244751
191   1.0753785371780396
192   1.1754729747772217
193   1.3568639755249023
194   1.281658411026001
195   1.305561900138855
196   1.2110567092895508
197   1.315202236175537
198   1.2907798290252686
199   1.2257369756698608
200   1.066916823387146
201   1.3376476764678955
202   1.3756821155548096
203   1.2009581327438354
204   1.1234873533248901
205   1.1676312685012817
206   1.2634186744689941
207   1.3256785869598389
208   1.4435603618621826
