0   0.0
1   0.20212051272392273
2   0.19832853972911835
3   0.20703540742397308
4   0.2051936835050583
5   0.20370592176914215
6   0.19966481626033783
7   0.19003117084503174
8   0.20078691840171814
9   1.0299491882324219
10   1.0687248706817627
11   1.1186909675598145
12   1.0863752365112305
13   1.093056321144104
14   1.3477208614349365
15   1.2850720882415771
16   1.3434916734695435
17   1.5346912145614624
18   1.3554224967956543
19   1.320043921470642
20   1.3299452066421509
21   1.2917299270629883
22   1.0787385702133179
23   1.3579202890396118
24   1.3106110095977783
25   1.3442565202713013
26   1.3009264469146729
27   1.4384713172912598
28   1.577599048614502
29   1.4006292819976807
30   1.2329843044281006
31   1.1770461797714233
32   1.2812135219573975
33   1.2671934366226196
34   1.3351203203201294
35   1.2404096126556396
36   1.245072841644287
37   1.5805461406707764
38   1.3888788223266602
39   1.3053390979766846
40   1.4000027179718018
41   1.391588807106018
42   1.3954672813415527
43   1.177590012550354
44   1.223122477531433
45   1.1280672550201416
46   1.078294277191162
47   1.2381914854049683
48   1.1708816289901733
49   1.2634683847427368
50   1.2789098024368286
51   1.3157347440719604
52   1.2781953811645508
53   1.4212442636489868
54   1.3892180919647217
55   1.2685809135437012
56   1.222543478012085
57   1.3855854272842407
58   1.4389762878417969
59   1.13892662525177
60   1.2684605121612549
61   1.1407554149627686
62   1.1671067476272583
63   1.172347903251648
64   1.365473985671997
65   1.3587794303894043
66   1.4604535102844238
67   1.156786561012268
68   1.1734155416488647
69   1.1480200290679932
70   1.2474675178527832
71   1.292798638343811
72   1.1872056722640991
73   1.4364367723464966
74   1.1759239435195923
75   1.0996460914611816
76   1.2834206819534302
77   1.1874936819076538
78   1.317551851272583
79   1.2170358896255493
80   1.3594318628311157
81   1.3251655101776123
82   1.198525071144104
83   1.3759843111038208
84   1.2287483215332031
85   1.3237473964691162
86   1.3946176767349243
87   1.2518450021743774
88   1.2962169647216797
89   1.0953807830810547
90   1.3113951683044434
91   1.3833016157150269
92   1.2400290966033936
93   1.2646019458770752
94   1.4919294118881226
95   1.17229163646698
96   1.125170111656189
97   1.1298644542694092
98   1.237762689590454
99   1.1941157579421997
100   1.195464015007019
101   1.168593406677246
102   1.255926251411438
103   1.2895777225494385
104   1.390443205833435
105   1.3310480117797852
106   1.3139073848724365
107   1.5125683546066284
108   1.4877030849456787
109   1.354925274848938
110   1.391090989112854
111   1.4329537153244019
112   1.1373915672302246
113   1.2526906728744507
114   1.329740047454834
115   1.0496749877929688
116   1.0705679655075073
117   1.2469230890274048
118   1.4178383350372314
119   1.3156559467315674
120   1.4485470056533813
121   1.5273499488830566
122   1.2353333234786987
123   1.2812767028808594
124   1.299910068511963
125   1.4058480262756348
126   1.3655649423599243
127   1.4134149551391602
128   1.2534903287887573
129   1.2750967741012573
130   1.3690918684005737
131   1.2273472547531128
132   1.3141367435455322
133   1.2722420692443848
134   1.3860725164413452
135   1.3218361139297485
136   1.370140552520752
137   1.2723724842071533
138   1.3642947673797607
139   1.3944640159606934
140   1.1404844522476196
141   1.2740297317504883
142   1.330051302909851
143   1.2054961919784546
144   1.0072072744369507
145   1.1164284944534302
146   1.3013962507247925
147   1.2210980653762817
148   1.3401103019714355
149   1.5569201707839966
150   1.2643026113510132
151   1.3382974863052368
152   1.2546675205230713
153   1.1918565034866333
154   1.2248369455337524
155   1.1855263710021973
156   1.2145661115646362
157   1.3838945627212524
158   1.1574314832687378
159   1.2088139057159424
160   1.275275468826294
161   1.121354341506958
162   1.2742575407028198
163   1.2023115158081055
164   1.1604548692703247
165   1.3248811960220337
166   1.2354017496109009
167   1.2241545915603638
168   1.2248258590698242
169   1.5832575559616089
170   1.2762664556503296
171   1.354988932609558
172   1.1881320476531982
173   1.0590417385101318
174   1.1994776725769043
175   1.2087054252624512
176   1.295051097869873
177   1.37470543384552
178   1.1056342124938965
179   1.137555480003357
180   1.536445140838623
181   1.311423897743225
182   1.4437925815582275
183   1.2691482305526733
184   1.5372507572174072
185   1.168726921081543
186   1.2864574193954468
187   1.178299069404602
188   1.3507930040359497
189   1.205621600151062
190   1.2240235805511475
191   1.110579013824463
192   1.2027230262756348
193   1.3956743478775024
194   1.4645912647247314
195   1.3108681440353394
196   1.2654625177383423
197   1.3314294815063477
198   1.3644465208053589
199   1.3843185901641846
200   1.2585879564285278
201   1.3168435096740723
202   1.386623740196228
203   1.2592450380325317
204   1.2720340490341187
205   1.1836652755737305
206   1.3409652709960938
207   1.3845518827438354
208   1.3511455059051514
