1   1.5497462749481201
2   1.6123871803283691
3   1.5233874320983887
4   1.3088510036468506
5   1.415144920349121
6   1.6445534229278564
7   1.536903738975525
8   1.4955875873565674
9   1.4056025743484497
10   1.4601383209228516
11   1.2527135610580444
12   1.4569820165634155
13   1.4564101696014404
14   1.4519047737121582
15   1.5842703580856323
16   1.4818934202194214
17   1.551034688949585
18   1.5872230529785156
19   1.4189000129699707
20   1.437494158744812
21   1.4023351669311523
22   1.689584493637085
23   1.6832576990127563
24   1.5942604541778564
25   1.578823447227478
26   1.6138691902160645
27   1.5928183794021606
28   1.7708686590194702
29   1.5858240127563477
30   1.7053184509277344
31   1.468766212463379
32   1.4557607173919678
33   1.797672152519226
34   1.6016050577163696
35   1.4952200651168823
36   1.4034719467163086
37   1.725464940071106
38   1.3100849390029907
39   1.3975523710250854
40   1.3221396207809448
41   1.3345860242843628
42   1.4750239849090576
43   1.5367237329483032
44   1.4164233207702637
45   1.6568604707717896
46   1.4845913648605347
47   1.541921854019165
48   1.5725878477096558
49   1.2266197204589844
50   1.6578487157821655
51   1.4407835006713867
52   1.2269223928451538
53   1.4229952096939087
54   1.6519715785980225
55   1.6433343887329102
56   1.4014604091644287
57   1.5179811716079712
58   1.696655035018921
59   1.6245760917663574
60   1.7858929634094238
61   1.6237465143203735
62   1.4134066104888916
63   1.5621285438537598
64   1.5908743143081665
65   1.3823658227920532
66   1.4346851110458374
67   1.472957730293274
68   1.5254018306732178
69   1.4332019090652466
70   1.3427684307098389
71   1.4271858930587769
72   1.4626222848892212
73   1.5563373565673828
74   1.7474782466888428
75   1.561153769493103
76   1.5629942417144775
77   1.6642439365386963
78   1.7785981893539429
79   1.1999244689941406
80   1.8631173372268677
81   1.7009683847427368
82   1.3199462890625
83   1.3286975622177124
84   1.4570332765579224
85   1.2832103967666626
86   1.462538719177246
87   1.5491054058074951
88   1.7237948179244995
89   1.4233417510986328
90   1.4902734756469727
91   1.61155104637146
92   1.3298602104187012
93   1.353762149810791
94   1.3924360275268555
95   1.4427525997161865
96   1.4705774784088135
97   1.5761810541152954
98   1.4224497079849243
99   1.3480788469314575
100   1.6075763702392578
101   1.571197748184204
102   1.515859603881836
103   1.7020025253295898
104   1.0588351488113403
105   1.4166566133499146
106   1.5397887229919434
107   1.6063504219055176
108   1.417661428451538
109   1.2658230066299438
110   1.2910629510879517
111   1.2307323217391968
112   1.463531255722046
113   1.403220534324646
114   1.445748209953308
115   1.7883726358413696
116   1.4670790433883667
117   1.7204848527908325
118   1.5739786624908447
119   1.535487174987793
120   1.5891101360321045
121   1.708316683769226
122   1.2882368564605713
123   1.5646414756774902
124   1.6956557035446167
125   1.7030977010726929
126   1.652976155281067
127   1.654600977897644
128   1.750181794166565
129   1.5968421697616577
130   1.437520980834961
131   1.340605616569519
132   1.358340859413147
133   1.607833743095398
134   1.3705731630325317
135   1.586557388305664
136   1.3907724618911743
137   2.0663208961486816
138   1.6522146463394165
139   1.4696766138076782
140   1.5675626993179321
141   1.5597079992294312
142   1.6694618463516235
143   1.436745047569275
144   1.6498440504074097
145   1.3437556028366089
146   1.645429015159607
147   1.536415696144104
148   1.2082821130752563
149   1.5849151611328125
150   1.5979148149490356
151   1.3799350261688232
152   1.5174460411071777
153   1.4339083433151245
154   1.5413929224014282
155   1.5959721803665161
156   1.3880797624588013
157   1.3931975364685059
158   1.4120800495147705
159   1.4893546104431152
160   1.4868324995040894
