1   1.7563647031784058
2   1.584519863128662
3   1.527945637702942
4   1.5569493770599365
5   1.4576433897018433
6   1.6402240991592407
7   1.3344839811325073
8   1.5134916305541992
9   1.4327417612075806
10   1.3309037685394287
11   1.22749662399292
12   1.2548246383666992
13   1.3208668231964111
14   1.4673646688461304
15   1.5750937461853027
16   1.5544178485870361
17   1.348690152168274
18   1.5002737045288086
19   1.348181128501892
20   1.6119024753570557
21   1.4688059091567993
22   1.6149131059646606
23   1.5821256637573242
24   1.6893404722213745
25   1.5457229614257813
26   1.55410635471344
27   1.8193414211273193
28   1.56019127368927
29   1.9259741306304932
30   1.715296983718872
31   1.6922370195388794
32   1.5736433267593384
33   1.709578037261963
34   1.3139848709106445
35   1.60704505443573
36   1.45048987865448
37   1.423475980758667
38   1.5729601383209229
39   1.4557360410690308
40   1.6149306297302246
41   1.6596264839172363
42   1.3644505739212036
43   1.4032880067825317
44   1.7027826309204102
45   1.5692516565322876
46   1.711193561553955
47   1.494197130203247
48   1.4902952909469604
49   1.5645225048065186
50   1.460839867591858
51   1.5452303886413574
52   1.5828213691711426
53   1.6570647954940796
54   1.4404783248901367
55   1.7950571775436401
56   1.2951030731201172
57   1.6736245155334473
58   1.4726115465164185
59   1.656770944595337
60   1.6017426252365112
61   1.4159643650054932
62   1.4727786779403687
63   1.714192509651184
64   1.630565881729126
65   1.4234099388122559
66   1.6202045679092407
67   1.6260789632797241
68   1.6462033987045288
69   1.4615459442138672
70   1.609300971031189
71   1.5734963417053223
72   1.4379384517669678
73   1.7805105447769165
74   1.6831551790237427
75   1.333392858505249
76   1.6270862817764282
77   1.699643850326538
78   1.591556191444397
79   1.452202320098877
80   1.5729531049728394
81   1.5671848058700562
82   1.4361623525619507
83   1.671774983406067
84   1.5181803703308105
85   1.463499903678894
86   1.6056015491485596
87   1.3900238275527954
88   1.602968454360962
89   1.6601828336715698
90   1.7302781343460083
91   1.7143657207489014
92   1.4227429628372192
93   1.6476994752883911
94   1.6525981426239014
95   1.5705978870391846
96   1.6748058795928955
97   1.5228725671768188
98   1.6335985660552979
99   1.4495290517807007
100   1.652979850769043
101   1.5107181072235107
102   1.5475040674209595
103   1.6703662872314453
104   1.3217144012451172
105   1.465141773223877
106   1.667136549949646
107   1.3508234024047852
108   1.503019094467163
109   1.3708056211471558
110   1.8803389072418213
111   1.5692912340164185
112   1.590290904045105
113   1.5605340003967285
114   1.5377777814865112
115   1.7273541688919067
116   1.4426476955413818
117   1.511720061302185
118   1.507840633392334
119   1.7541639804840088
120   1.5213545560836792
121   1.5906773805618286
122   1.721301555633545
123   1.5340019464492798
124   1.5627895593643188
125   1.476243257522583
126   1.5809797048568726
127   1.5850757360458374
128   1.4345234632492065
129   1.52843177318573
130   1.4728765487670898
131   1.3603395223617554
132   1.396336317062378
133   1.3552378416061401
134   1.369842767715454
135   1.5695708990097046
136   1.484102487564087
137   1.6465163230895996
138   1.4667125940322876
139   1.6392207145690918
140   1.4085197448730469
141   1.4584928750991821
142   1.5364254713058472
143   1.7251299619674683
144   1.62909734249115
145   1.6496108770370483
146   1.4302233457565308
147   1.4624985456466675
148   1.589310646057129
149   1.457148790359497
150   1.6227678060531616
151   1.5257182121276855
152   1.520471453666687
153   1.5204359292984009
154   1.500644326210022
155   1.4793633222579956
156   1.4442940950393677
157   1.3891247510910034
158   1.3734749555587769
159   1.5340092182159424
160   1.5728243589401245
