1   1.6424806118011475
2   1.613219976425171
3   1.8531463146209717
4   1.6993327140808105
5   1.7620741128921509
6   1.6748243570327759
7   1.8637101650238037
8   1.5894825458526611
9   1.1968395709991455
10   1.5012050867080688
11   1.8011425733566284
12   1.5235023498535156
13   1.5091966390609741
14   1.637033462524414
15   1.6249134540557861
16   1.56748628616333
17   1.8587095737457275
18   1.6236572265625
19   1.6310129165649414
20   1.5046530961990356
21   1.7132596969604492
22   1.5293564796447754
23   1.7196625471115112
24   1.6009306907653809
25   1.6117414236068726
26   1.615783929824829
27   1.7697664499282837
28   1.7246129512786865
29   1.437052607536316
30   2.0290868282318115
31   1.3912250995635986
32   1.4323124885559082
33   1.9134540557861328
34   1.671264410018921
35   1.7221416234970093
36   1.7530797719955444
37   1.7525969743728638
38   1.7455047369003296
39   1.6207659244537354
40   1.6015698909759521
41   1.6083072423934937
42   1.7592895030975342
43   1.7460980415344238
44   1.9504119157791138
45   1.9361552000045776
46   1.6463866233825684
47   1.9937671422958374
48   1.840789556503296
49   1.8450016975402832
50   1.9545300006866455
51   1.7629618644714355
52   2.0975141525268555
53   2.059483528137207
54   1.8264003992080688
55   1.6468825340270996
56   1.7776933908462524
57   1.7193893194198608
58   1.642646312713623
59   1.7085732221603394
60   2.2959113121032715
61   1.9188072681427002
62   1.8747388124465942
63   1.9745973348617554
64   1.964458703994751
65   1.805545449256897
66   1.9193906784057617
67   2.26413631439209
68   2.2521464824676514
69   2.0990335941314697
70   1.8259068727493286
71   1.8796617984771729
72   2.0429937839508057
73   2.267458438873291
74   2.3924548625946045
75   1.8158210515975952
76   2.211902141571045
77   1.9069823026657104
78   1.973047137260437
79   1.776077151298523
80   1.814060091972351
81   2.229646682739258
82   2.0348496437072754
83   1.7753206491470337
84   1.6693682670593262
85   1.985545039176941
86   1.9028271436691284
87   1.7546499967575073
88   2.113560199737549
89   1.9600073099136353
90   1.7448136806488037
91   1.6074683666229248
92   1.7899419069290161
93   1.92527174949646
94   1.7604689598083496
95   1.9411637783050537
96   1.8989949226379395
97   1.8075860738754272
98   1.8008496761322021
99   1.946462869644165
100   1.4857747554779053
101   1.8137471675872803
102   1.782564401626587
103   1.8290574550628662
104   1.5063987970352173
105   1.6609903573989868
106   1.8904812335968018
107   1.8439265489578247
108   1.9942805767059326
109   1.4564305543899536
110   1.9647417068481445
111   1.7400166988372803
112   1.5108230113983154
113   1.6426031589508057
114   1.5989232063293457
115   1.6148622035980225
116   1.593873143196106
117   1.6827876567840576
118   1.753311276435852
119   1.5009260177612305
120   1.744032621383667
121   1.9177660942077637
122   1.6976550817489624
123   1.6021788120269775
124   1.4925483465194702
125   1.6133977174758911
126   1.3957664966583252
127   1.8818811178207397
128   1.5667576789855957
129   1.7213062047958374
130   1.5347447395324707
131   1.6132241487503052
132   1.5795762538909912
133   1.452073097229004
134   1.673439621925354
135   1.2900830507278442
136   1.6476629972457886
137   1.4605580568313599
138   1.559387445449829
139   1.7282510995864868
140   1.6100765466690063
141   1.7647428512573242
142   1.4062856435775757
143   1.7306169271469116
144   1.6853293180465698
145   1.7480809688568115
146   1.6600536108016968
147   1.6191407442092896
148   1.6355525255203247
149   1.3494142293930054
150   1.4802335500717163
151   1.2946829795837402
152   1.849629521369934
153   1.3271691799163818
154   1.2051492929458618
155   1.4261842966079712
156   1.4826438426971436
157   1.4899235963821411
158   1.444329023361206
159   1.6384317874908447
160   1.3486911058425903
161   1.6094293594360352
162   1.6390565633773804
163   1.7760847806930542
164   1.4369711875915527
