0   0.0
1   0.15683318674564362
2   0.2408290058374405
3   0.18385690450668335
4   0.1811688393354416
5   0.13839322328567505
6   0.2096235454082489
7   0.2335388958454132
8   0.19832970201969147
9   1.2408939599990845
10   1.71851646900177
11   1.6188218593597412
12   2.5569908618927
13   1.6162172555923462
14   1.628174066543579
15   2.2038540840148926
16   2.6952991485595703
17   1.0955501794815063
18   1.709488868713379
19   1.7915767431259155
20   1.3638031482696533
21   1.9486147165298462
22   1.891352653503418
23   1.3417096138000488
24   1.6129876375198364
25   1.9234497547149658
26   1.519017219543457
27   1.9473042488098145
28   2.080827474594116
29   1.9252896308898926
30   2.384211540222168
31   2.107374668121338
32   1.9206687211990356
33   2.301370859146118
34   2.186020612716675
35   1.958554744720459
36   2.760159969329834
37   1.794126272201538
38   2.1481800079345703
39   1.9929817914962769
40   2.063920259475708
41   1.8011488914489746
42   2.115574836730957
43   1.6531096696853638
44   1.7367701530456543
45   1.8928877115249634
46   1.8412556648254395
47   1.758226990699768
48   1.559227466583252
49   1.7887051105499268
50   1.7067489624023438
51   1.0107237100601196
52   1.1757404804229736
53   2.195897340774536
54   2.6460626125335693
55   2.52852463722229
56   1.840649127960205
57   2.150376081466675
58   2.1911795139312744
59   1.4638479948043823
60   1.8282723426818848
61   2.363016128540039
62   1.7927429676055908
63   1.6882749795913696
64   2.397890329360962
65   2.0184879302978516
66   2.031989812850952
67   1.0849010944366455
68   0.8679709434509277
69   1.0759831666946411
70   0.6711042523384094
71   1.1194692850112915
72   1.8080865144729614
73   1.878734827041626
74   2.2270281314849854
75   2.020293951034546
76   1.715545415878296
77   1.132568359375
78   0.9748133420944214
79   0.9928866624832153
80   1.4219346046447754
81   1.4199949502944946
82   1.0582622289657593
83   0.7439782619476318
84   1.170626163482666
85   0.9579185247421265
86   0.7695163488388062
87   0.9995879530906677
88   1.0503337383270264
89   2.278169870376587
90   1.8050553798675537
91   1.7968753576278687
92   1.7847468852996826
93   1.7954457998275757
94   1.9797013998031616
95   1.776382565498352
96   1.6009612083435059
97   1.130732774734497
98   0.945502519607544
99   0.8077530264854431
100   0.808411180973053
101   0.8176860213279724
102   2.138847589492798
103   1.7904287576675415
104   1.5260218381881714
105   1.4937446117401123
106   2.108293294906616
107   2.515014410018921
108   1.6600080728530884
109   2.4710519313812256
110   2.0751383304595947
111   2.303724527359009
112   1.9835649728775024
113   1.419420838356018
114   1.515899658203125
115   1.1592886447906494
116   1.5339654684066772
117   1.4977055788040161
118   1.881806492805481
119   1.703126311302185
120   1.9311589002609253
121   2.084078550338745
122   0.8256194591522217
123   0.592998206615448
124   0.9192469120025635
125   1.2808301448822021
126   1.0332047939300537
127   0.721801221370697
128   0.9286884069442749
129   0.9820470809936523
130   0.7157384157180786
131   2.2885615825653076
132   1.9660024642944336
133   2.0644030570983887
134   0.8627670407295227
135   0.9930559992790222
136   1.3056706190109253
137   0.8513878583908081
138   1.6753000020980835
139   1.7885576486587524
140   1.9457937479019165
141   1.828843116760254
142   1.9424474239349365
143   1.6565744876861572
144   1.2006551027297974
145   1.4854713678359985
146   2.460716485977173
147   0.9354763627052307
148   0.9722555875778198
149   1.0156763792037964
150   1.6275551319122314
151   0.893825113773346
152   2.4418859481811523
153   2.488610029220581
154   2.3992037773132324
155   2.0865156650543213
156   2.141435146331787
157   2.4815895557403564
158   2.202173948287964
159   2.380826950073242
160   2.304213047027588
161   1.7192093133926392
162   2.332746744155884
163   2.4691357612609863
164   1.459782600402832
165   0.803665280342102
166   1.134252667427063
167   1.2224303483963013
168   1.2398290634155273
169   0.9576855897903442
170   0.7376123666763306
171   1.4934916496276855
172   1.0052738189697266
173   1.8653883934020996
174   2.1367597579956055
175   1.4144543409347534
176   2.474412679672241
177   2.085178852081299
178   2.2173941135406494
179   2.1064186096191406
180   2.9310648441314697
181   2.357215166091919
182   2.327540159225464
183   2.3358371257781982
184   2.1297504901885986
185   1.6151641607284546
186   1.937022089958191
187   2.22615909576416
188   1.7324824333190918
189   2.027784585952759
190   2.5269150733947754
191   1.1248282194137573
192   1.7623556852340698
193   1.1372193098068237
194   1.7076151371002197
195   2.7734670639038086
196   1.4001356363296509
197   1.3533233404159546
198   1.0202693939208984
199   0.6555314064025879
200   0.9758580327033997
201   1.1713268756866455
202   1.1535907983779907
203   1.1692365407943726
204   0.816452145576477
205   1.2824387550354004
206   1.143591046333313
207   0.8278636932373047
208   2.2619407176971436
