0   0.0
1   0.1950189620256424
2   0.18001067638397217
3   0.19831553101539612
4   0.19698017835617065
5   0.1968272179365158
6   0.19632770121097565
7   0.17968520522117615
8   0.20105460286140442
9   0.9179335832595825
10   0.9348461627960205
11   1.3821935653686523
12   0.9884623289108276
13   1.0891246795654297
14   1.2577797174453735
15   0.9476495385169983
16   0.8599730134010315
17   1.202557921409607
18   1.336395025253296
19   1.1978858709335327
20   1.245062232017517
21   1.1833076477050781
22   1.4291348457336426
23   1.1526436805725098
24   1.2169755697250366
25   1.2878295183181763
26   1.1930056810379028
27   1.299425482749939
28   1.2937395572662354
29   1.128096342086792
30   1.0266087055206299
31   1.1643915176391602
32   1.2726390361785889
33   1.3519185781478882
34   1.1327706575393677
35   1.0480331182479858
36   1.240850567817688
37   1.3068102598190308
38   1.1809602975845337
39   1.3307243585586548
40   1.3413747549057007
41   1.1178829669952393
42   1.0323858261108398
43   1.2027279138565063
44   1.2269287109375
45   1.1619640588760376
46   1.2645446062088013
47   1.216174840927124
48   1.4445843696594238
49   1.2763937711715698
50   1.2551630735397339
51   1.2081689834594727
52   1.2730097770690918
53   1.283897876739502
54   1.285824179649353
55   1.2761210203170776
56   1.353214979171753
57   1.1017130613327026
58   1.0731843709945679
59   1.305099606513977
60   1.2560540437698364
61   1.1520901918411255
62   1.3395137786865234
63   1.353073000907898
64   1.2046748399734497
65   1.2663542032241821
66   1.3034635782241821
67   1.2960176467895508
68   1.3477145433425903
69   1.2293728590011597
70   1.2275900840759277
71   1.039503574371338
72   1.3405506610870361
73   1.2230939865112305
74   1.341977596282959
75   1.307482123374939
76   1.2646515369415283
77   1.341819405555725
78   1.410914659500122
79   1.2129547595977783
80   1.3513894081115723
81   1.4330029487609863
82   1.38090181350708
83   1.4485918283462524
84   1.1495543718338013
85   1.181989073753357
86   1.2725481986999512
87   1.2993382215499878
88   1.1443990468978882
89   1.4759037494659424
90   1.3564870357513428
91   1.506875991821289
92   1.3464291095733643
93   1.2976994514465332
94   1.2170027494430542
95   1.4677172899246216
96   1.1530760526657104
97   1.3589580059051514
98   1.0861090421676636
99   1.173449158668518
100   1.360569953918457
101   1.156484603881836
102   1.376172661781311
103   1.2045644521713257
104   1.1548330783843994
105   1.3894503116607666
106   1.2857786417007446
107   1.4954643249511719
108   1.299944519996643
109   1.5100855827331543
110   1.1304855346679688
111   1.3954765796661377
112   1.1811769008636475
113   1.2617104053497314
114   1.325031042098999
115   1.3063316345214844
116   1.1673660278320313
117   1.309402585029602
118   1.3831770420074463
119   1.326241135597229
120   1.282235860824585
121   1.1948864459991455
122   1.1661039590835571
123   1.201075792312622
124   1.0710086822509766
125   1.0668294429779053
126   1.0732290744781494
127   1.2339372634887695
128   1.1201435327529907
129   1.1273887157440186
130   1.1379995346069336
131   1.1973903179168701
132   1.0213556289672852
133   1.3210099935531616
134   1.3676369190216064
135   1.2554985284805298
136   1.2124109268188477
137   1.2916368246078491
138   1.3093972206115723
139   1.3704112768173218
140   1.3933151960372925
141   1.292590856552124
142   1.3820395469665527
143   1.2677427530288696
144   1.1566681861877441
145   1.420026183128357
146   1.1367329359054565
147   1.1154053211212158
148   1.3406476974487305
149   1.195885419845581
150   1.3302037715911865
151   0.9782201647758484
152   1.1395223140716553
153   0.9523119330406189
154   1.338057279586792
155   1.2261403799057007
156   1.228678822517395
157   1.3388912677764893
158   1.2071374654769897
159   1.1773301362991333
160   1.0683432817459106
161   1.1689585447311401
162   1.3035844564437866
163   1.2085248231887817
164   1.2965766191482544
165   1.2420454025268555
166   1.216473937034607
167   1.3860527276992798
168   1.205322504043579
169   1.3230427503585815
170   1.1290873289108276
171   1.2800960540771484
172   1.2327960729599
173   1.115346074104309
174   1.1371175050735474
175   1.1119619607925415
176   1.2476813793182373
177   1.1289485692977905
178   1.1861917972564697
179   1.3340444564819336
180   1.285415768623352
181   1.1713910102844238
182   1.2277861833572388
183   1.132689356803894
184   1.245188593864441
185   1.2573466300964355
186   1.1896024942398071
187   1.1584724187850952
188   1.201134443283081
189   1.1945127248764038
190   1.2421046495437622
191   1.1664867401123047
192   1.3760377168655396
193   1.189117670059204
194   1.2262629270553589
195   1.2834450006484985
196   1.2571966648101807
197   1.3777498006820679
198   1.2057774066925049
199   1.1920380592346191
200   1.3511302471160889
201   1.2039234638214111
202   1.1419422626495361
203   1.18743896484375
204   1.0672423839569092
205   1.353281021118164
206   1.271768569946289
207   1.1139529943466187
208   1.364881157875061
