0   0.0
1   0.20435915887355804
2   0.19590143859386444
3   0.2089771181344986
4   0.19981087744235992
5   0.20389039814472198
6   0.20375138521194458
7   0.19506172835826874
8   0.21342991292476654
9   0.9577097296714783
10   1.0750762224197388
11   1.344190239906311
12   1.077985167503357
13   1.170724630355835
14   1.3020470142364502
15   1.092328429222107
16   0.9278820753097534
17   1.35714852809906
18   1.320535659790039
19   1.2229328155517578
20   1.275389313697815
21   1.2885512113571167
22   1.601613163948059
23   1.1816071271896362
24   1.3440582752227783
25   1.3652737140655518
26   1.1495566368103027
27   1.3221546411514282
28   1.3330930471420288
29   1.3257502317428589
30   1.3363633155822754
31   1.3668029308319092
32   1.3300389051437378
33   1.4893263578414917
34   1.1580348014831543
35   1.150048851966858
36   1.2551660537719727
37   1.362088918685913
38   1.293632984161377
39   1.3894256353378296
40   1.433515191078186
41   1.178183674812317
42   1.074180006980896
43   1.2298715114593506
44   1.148556113243103
45   1.253592848777771
46   1.3722338676452637
47   1.333296298980713
48   1.4739042520523071
49   1.3646433353424072
50   1.3247334957122803
51   1.2376408576965332
52   1.3400694131851196
53   1.392680287361145
54   1.3623524904251099
55   1.3708473443984985
56   1.354258418083191
57   1.2081735134124756
58   1.3047391176223755
59   1.234776258468628
60   1.2421793937683105
61   1.1394579410552979
62   1.3623603582382202
63   1.3015522956848145
64   1.1724947690963745
65   1.1899346113204956
66   1.295623779296875
67   1.2792285680770874
68   1.3890314102172852
69   1.1927449703216553
70   1.21181058883667
71   1.0988208055496216
72   1.2945976257324219
73   1.142212986946106
74   1.2844343185424805
75   1.2624642848968506
76   1.1810566186904907
77   1.2308205366134644
78   1.4123305082321167
79   1.1920760869979858
80   1.2572336196899414
81   1.3311213254928589
82   1.3030158281326294
83   1.4125784635543823
84   1.199319839477539
85   1.1865490674972534
86   1.1851648092269897
87   1.2581239938735962
88   1.1863276958465576
89   1.4984195232391357
90   1.311134934425354
91   1.5408062934875488
92   1.3300604820251465
93   1.2413086891174316
94   1.177673101425171
95   1.401548981666565
96   1.1821725368499756
97   1.3499430418014526
98   1.1034027338027954
99   1.1340231895446777
100   1.3468365669250488
101   1.2299931049346924
102   1.2960257530212402
103   1.1840158700942993
104   1.1012508869171143
105   1.3126511573791504
106   1.3126380443572998
107   1.5195300579071045
108   1.2373626232147217
109   1.522556185722351
110   1.1894525289535522
111   1.2925286293029785
112   1.1327064037322998
113   1.2272197008132935
114   1.3132498264312744
115   1.2059133052825928
116   1.1420438289642334
117   1.3032550811767578
118   1.2791013717651367
119   1.362942099571228
120   1.26175856590271
121   1.169137716293335
122   1.1705774068832397
123   1.12271249294281
124   1.07645583152771
125   1.1447432041168213
126   1.1042628288269043
127   1.2718158960342407
128   1.1555066108703613
129   1.2467732429504395
130   1.1191741228103638
131   1.230786919593811
132   1.0742582082748413
133   1.3722325563430786
134   1.499320149421692
135   1.1990368366241455
136   1.2324283123016357
137   1.2700095176696777
138   1.3261845111846924
139   1.4855949878692627
140   1.4189376831054688
141   1.263420820236206
142   1.354570746421814
143   1.2794668674468994
144   1.1221559047698975
145   1.4013420343399048
146   1.2034446001052856
147   1.1837728023529053
148   1.3128246068954468
149   1.201156497001648
150   1.2875401973724365
151   1.047934889793396
152   1.2808865308761597
153   1.0232897996902466
154   1.3171169757843018
155   1.3831570148468018
156   1.3162627220153809
157   1.4439055919647217
158   1.229733943939209
159   1.2833795547485352
160   1.2222830057144165
161   1.1222405433654785
162   1.3236747980117798
163   1.4195523262023926
164   1.3819557428359985
165   1.2514894008636475
166   1.2594983577728271
167   1.3733097314834595
168   1.2187680006027222
169   1.3171303272247314
170   1.1790385246276855
171   1.3274554014205933
172   1.2740613222122192
173   1.2943496704101563
174   1.2222400903701782
175   1.1561423540115356
176   1.4739843606948853
177   1.1937288045883179
178   1.1922938823699951
179   1.3488149642944336
180   1.383602499961853
181   1.3839623928070068
182   1.6447988748550415
183   1.4733452796936035
184   1.6907322406768799
185   1.5343767404556274
186   1.3144586086273193
187   1.1960468292236328
188   1.178038477897644
189   1.2837527990341187
190   1.4126554727554321
191   1.1896135807037354
192   1.4330984354019165
193   1.1784554719924927
194   1.2496203184127808
195   1.501379370689392
196   1.2382562160491943
197   1.3901745080947876
198   1.2834386825561523
199   1.2555924654006958
200   1.3378753662109375
201   1.208984613418579
202   1.1236300468444824
203   1.2737631797790527
204   1.0566211938858032
205   1.364575743675232
206   1.2782925367355347
207   1.1658867597579956
208   1.4009791612625122
