1   1.9928603172302246
2   1.8694473505020142
3   1.679603934288025
4   1.9022067785263062
5   2.1856420040130615
6   1.9597738981246948
7   1.8904565572738647
8   1.6025367975234985
9   1.942012071609497
10   1.8096058368682861
11   2.0570764541625977
12   1.5786094665527344
13   1.3660024404525757
14   2.013078451156616
15   2.2394232749938965
16   2.0245418548583984
17   2.086230516433716
18   2.03088116645813
19   1.8894120454788208
20   1.639826774597168
21   1.306857705116272
22   2.1161441802978516
23   1.8568679094314575
24   1.7710654735565186
25   2.158188819885254
26   1.8424320220947266
27   2.188695192337036
28   1.5416587591171265
29   1.662542700767517
30   1.5986701250076294
31   1.8742042779922485
32   1.630611777305603
33   2.0356228351593018
34   1.9221216440200806
35   1.973770022392273
36   1.899044394493103
37   1.6028735637664795
38   1.432121992111206
39   1.8567858934402466
40   1.70625638961792
41   1.8100346326828003
42   1.6374047994613647
43   1.6397571563720703
44   1.8339581489562988
45   1.6079766750335693
46   1.8891948461532593
47   2.1245522499084473
48   2.191185712814331
49   2.5763919353485107
50   1.5225986242294312
51   2.152212142944336
52   1.4646562337875366
53   2.2023041248321533
54   1.841954231262207
55   1.8483413457870483
56   1.3265926837921143
57   1.7704062461853027
58   2.084414005279541
59   2.57643461227417
60   1.555113434791565
61   2.611304759979248
62   1.541844129562378
63   2.08260440826416
64   1.6792737245559692
65   1.7699960470199585
66   3.062131404876709
67   1.0705857276916504
68   1.8074952363967896
69   1.9018698930740356
70   1.5432783365249634
71   1.9597164392471313
72   1.2180811166763306
73   1.3424417972564697
74   2.171394109725952
75   1.5091837644577026
76   2.7595374584198
77   2.20637845993042
78   1.3995609283447266
79   1.5084854364395142
80   1.8764539957046509
81   2.700403928756714
82   1.947841763496399
83   1.023880124092102
84   1.934021234512329
85   1.9747776985168457
86   1.9339306354522705
87   2.196467399597168
88   1.307464599609375
89   1.3446862697601318
90   1.816983699798584
91   1.1645786762237549
92   1.18304443359375
93   0.7033880352973938
94   1.0397140979766846
95   1.0104693174362183
96   1.3098336458206177
97   1.2287170886993408
98   0.8766154050827026
99   1.2860881090164185
100   0.9990655183792114
101   1.6062630414962769
102   0.9643685817718506
103   1.663535475730896
104   1.1781151294708252
105   1.5437824726104736
106   1.2016249895095825
107   1.1269640922546387
108   1.4247080087661743
109   1.193547248840332
110   0.9192948937416077
111   1.4865199327468872
112   1.2105307579040527
113   1.0967168807983398
114   0.8066455721855164
115   1.6501811742782593
116   1.771795630455017
117   1.968662977218628
118   2.2527852058410645
119   1.647996425628662
120   1.9899216890335083
121   1.6982011795043945
122   1.7119300365447998
123   2.1905517578125
124   1.5995641946792603
125   2.1756961345672607
126   2.1366400718688965
127   1.4296683073043823
128   2.2014451026916504
129   2.2897188663482666
130   1.634096622467041
131   1.4393566846847534
132   1.4047867059707642
133   1.2791149616241455
134   1.8238035440444946
135   1.9028711318969727
136   2.094742774963379
137   1.7056628465652466
138   1.5362399816513062
139   2.1503171920776367
140   1.7222250699996948
141   1.4154046773910522
142   1.5328216552734375
143   1.8172134160995483
144   1.7639946937561035
145   2.154191732406616
146   2.022953748703003
147   1.7074936628341675
148   1.9886304140090942
149   1.5301445722579956
150   2.045295238494873
151   2.0567567348480225
152   1.250429630279541
153   1.788813829421997
154   1.8175790309906006
155   1.861550211906433
156   1.7152758836746216
157   1.4656002521514893
158   1.6504936218261719
159   1.9780042171478271
160   1.9488569498062134
161   1.988254427909851
162   2.2006585597991943
163   1.7275854349136353
164   1.68000066280365
