# 1
#        2.4       0.1       270  0

 2.45  0
 2.55  0
 2.65  0
 2.75  0
 2.85  0
 2.95  0
 3.05  0
 3.15  0
 3.25  0
 3.35  0
 3.45  0
 3.55  0
 3.65  0
 3.75  0
 3.85  0
 3.95  0
 4.05  0
 4.15  0
 4.25  0
 4.35  0
 4.45  0
 4.55  0
 4.65  0
 4.75  0
 4.85  0
 4.95  0
 5.05  0
 5.15  0
 5.25  101
 5.35  133
 5.45  434
 5.55  1905
 5.65  2472
 5.75  5297
 5.85  8010
 5.95  14095
 6.05  26129
 6.15  40706
 6.25  63621
 6.35  85641
 6.45  107723
 6.55  144132
 6.65  176403
 6.75  217268
 6.85  260288
 6.95  294351
 7.05  315093
 7.15  324842
 7.25  334527
 7.35  323348
 7.45  300192
 7.55  267690
 7.65  243897
 7.75  214723
 7.85  192986
 7.95  163211
 8.05  140466
 8.15  116664
 8.25  105264
 8.35  95779
 8.45  80039
 8.55  68819
 8.65  56366
 8.75  47344
 8.85  38003
 8.95  31084
 9.05  23919
 9.15  19040
 9.25  15064
 9.35  12129
 9.45  9144
 9.55  5257
 9.65  3562
 9.75  1854
 9.85  939
 9.95  497
 10.05  51
 10.15  0
 10.25  0
 10.35  0
 10.45  0
 10.55  0
 10.65  0
 10.75  0
 10.85  0
 10.95  0
 11.05  0
 11.15  0
 11.25  0
 11.35  0
 11.45  0
 11.55  0
 11.65  0
 11.75  0
 11.85  0
 11.95  0
 12.05  0
 12.15  0
 12.25  0
 12.35  0
 12.45  0
 12.55  0
 12.65  0
 12.75  0
 12.85  0
 12.95  0
 13.05  0
 13.15  0
 13.25  0
 13.35  0
 13.45  0
 13.55  0
 13.65  0
 13.75  0
 13.85  0
 13.95  0
 14.05  0
 14.15  0
 14.25  0
 14.35  0
 14.45  0
 14.55  0
 14.65  0
 14.75  0
 14.85  0
 14.95  0
 15.05  0
 15.15  0
 15.25  0
 15.35  0
 15.45  0
 15.55  0
 15.65  0
 15.75  0
 15.85  0
 15.95  0
 16.05  0
 16.15  0
 16.25  0
 16.35  0
 16.45  0
 16.55  0
 16.65  0
 16.75  0
 16.85  0
 16.95  0
 17.05  0
 17.15  0
 17.25  0
 17.35  0
 17.45  0
 17.55  0
 17.65  0
 17.75  0
 17.85  0
 17.95  0
 18.05  0
 18.15  0
 18.25  0
 18.35  0
 18.45  0
 18.55  0
 18.65  0
 18.75  0
 18.85  0
 18.95  0
 19.05  0
 19.15  0
 19.25  0
 19.35  0
 19.45  0
 19.55  0
 19.65  0
 19.75  0
 19.85  0
 19.95  0
 20.05  0
 20.15  0
 20.25  0
 20.35  0
 20.45  0
 20.55  0
 20.65  0
 20.75  0
 20.85  0
 20.95  0
 21.05  0
 21.15  0
 21.25  0
 21.35  0
 21.45  0
 21.55  0
 21.65  0
 21.75  0
 21.85  0
 21.95  0
 22.05  0
 22.15  0
 22.25  0
 22.35  0
 22.45  0
 22.55  0
 22.65  0
 22.75  0
 22.85  0
 22.95  0
 23.05  0
 23.15  0
 23.25  0
 23.35  0
 23.45  0
 23.55  0
 23.65  0
 23.75  0
 23.85  0
 23.95  0
 24.05  0
 24.15  0
 24.25  0
 24.35  0
 24.45  0
 24.55  0
 24.65  0
 24.75  0
 24.85  0
 24.95  0
 25.05  0
 25.15  0
 25.25  0
 25.35  0
 25.45  0
 25.55  0
 25.65  0
 25.75  0
 25.85  0
 25.95  0
 26.05  0
 26.15  0
 26.25  0
 26.35  0
 26.45  0
 26.55  0
 26.65  0
 26.75  0
 26.85  0
 26.95  0
 27.05  0
 27.15  0
 27.25  0
 27.35  0
 27.45  0
 27.55  0
 27.65  0
 27.75  0
 27.85  0
 27.95  0
 28.05  0
 28.15  0
 28.25  0
 28.35  0
 28.45  0
 28.55  0
 28.65  0
 28.75  0
 28.85  0
 28.95  0
 29.05  0
 29.15  0
 29.25  0
 29.35  0
