0   0.0
1   0.21334490180015564
2   0.24453754723072052
3   0.2763316333293915
4   0.20348449051380157
5   0.12765531241893768
6   0.1473279893398285
7   0.3105522692203522
8   0.16930793225765228
9   0.23168142139911652
10   0.31809452176094055
11   0.4697889983654022
12   0.7674277424812317
13   1.088721513748169
14   1.7042251825332642
15   1.6427502632141113
16   0.6237667202949524
17   1.0551079511642456
18   1.9694483280181885
19   2.041559934616089
20   1.7582159042358398
21   1.648267149925232
22   1.4854857921600342
23   2.361682176589966
24   1.348795771598816
25   1.4031952619552612
26   1.5224018096923828
27   1.8949514627456665
28   1.4471038579940796
29   1.7329788208007813
30   1.39106023311615
31   2.0258538722991943
32   1.7303400039672852
33   1.5513066053390503
34   1.8368663787841797
35   2.067034959793091
36   2.1431467533111572
37   1.1833258867263794
38   1.7047193050384521
39   1.6953035593032837
40   1.9302927255630493
41   1.9190369844436646
42   1.8460991382598877
43   2.116029739379883
44   1.402920126914978
45   2.1561431884765625
46   1.938245177268982
47   2.0616891384124756
48   1.53287935256958
49   1.8800820112228394
50   2.075716257095337
51   2.2966017723083496
52   1.7056784629821777
53   1.8941755294799805
54   2.4854938983917236
55   1.5737375020980835
56   1.2991050481796265
57   1.3135859966278076
58   1.5145972967147827
59   1.4749683141708374
60   1.4905030727386475
61   1.8420462608337402
62   2.0139002799987793
63   1.499912142753601
64   1.5175535678863525
65   1.668481469154358
66   1.6190983057022095
67   1.9020079374313354
68   3.217418909072876
69   1.5498921871185303
70   2.0143887996673584
71   2.444331169128418
72   1.8530168533325195
73   1.7776517868041992
74   2.216548204421997
75   2.147444725036621
76   1.7579156160354614
77   1.5576093196868896
78   1.7176592350006104
79   1.9887322187423706
80   1.3545396327972412
81   2.425898551940918
82   2.1663427352905273
83   1.1953524351119995
84   1.3633078336715698
85   2.6879899501800537
86   2.639657497406006
87   2.7125163078308105
88   1.305222988128662
89   1.2213164567947388
90   1.8599036931991577
91   1.1944142580032349
92   2.391585350036621
93   1.9097720384597778
94   1.3751132488250732
95   2.385319948196411
96   2.1453258991241455
97   1.4715561866760254
98   1.6848825216293335
99   1.5215036869049072
100   1.6025429964065552
101   2.7713780403137207
102   2.4499144554138184
103   1.6817359924316406
104   1.75936758518219
105   2.147709608078003
106   3.4940481185913086
107   1.6326470375061035
108   1.7752315998077393
109   2.0262515544891357
110   1.9138731956481934
111   2.7807416915893555
112   2.4592928886413574
113   2.697228193283081
114   1.321455955505371
115   2.517148017883301
116   2.334139823913574
117   2.468965530395508
118   1.8883086442947388
119   1.6505733728408813
120   2.000617265701294
121   3.020030975341797
122   1.6598957777023315
123   1.1162477731704712
124   2.404559850692749
125   1.6904898881912231
126   1.4407331943511963
127   1.9893141984939575
128   2.200103521347046
129   1.4468265771865845
130   1.1869912147521973
131   1.9660985469818115
132   1.4573781490325928
133   1.8623034954071045
134   1.6421154737472534
135   1.8050051927566528
136   2.3212664127349854
137   2.7111878395080566
138   0.6925925612449646
139   1.8297383785247803
140   2.5780396461486816
141   1.9242377281188965
142   1.9926940202713013
143   2.0145819187164307
144   2.56833815574646
145   1.9278045892715454
146   1.7050259113311768
147   3.156672954559326
148   2.6912336349487305
149   1.6624881029129028
150   1.2094388008117676
151   1.594636082649231
152   3.519047737121582
153   2.086139678955078
154   3.0304911136627197
155   1.8782920837402344
156   2.487663984298706
157   3.6370503902435303
158   1.5419560670852661
159   1.7168198823928833
160   2.27496600151062
161   1.2760320901870728
162   2.196692705154419
163   2.651390552520752
164   1.3669284582138062
165   1.8562579154968262
166   1.8994832038879395
167   1.9896111488342285
168   3.259887456893921
169   1.9526530504226685
170   1.301161766052246
171   1.8938286304473877
172   3.532750368118286
173   2.493922472000122
174   2.7128593921661377
175   1.7253053188323975
176   2.1086575984954834
177   1.347566843032837
178   3.024984359741211
179   2.115036725997925
180   2.363374710083008
181   2.01678204536438
182   1.9480117559432983
183   1.285889744758606
184   2.801231622695923
185   1.8036006689071655
186   1.430022120475769
187   1.3783447742462158
188   1.5156989097595215
189   2.3364040851593018
190   1.678195834159851
191   1.7207307815551758
192   2.146947145462036
193   1.6383390426635742
194   1.6641442775726318
195   2.003629207611084
196   1.6772687435150146
197   1.3554332256317139
198   1.173582673072815
199   2.012754440307617
200   1.1335293054580688
201   1.8667652606964111
202   2.0736942291259766
203   1.2300515174865723
204   1.226536750793457
205   2.1108288764953613
206   1.9089741706848145
207   1.9624183177947998
208   0.9832437038421631
209   1.794514536857605
210   1.5319597721099854
211   2.2302072048187256
212   1.192708969116211
213   2.009526491165161
1   2.1858129501342773
2   1.520309567451477
3   2.1594367027282715
4   3.392728090286255
5   1.7499696016311646
6   2.279554843902588
7   2.677600145339966
8   1.2637020349502563
9   1.5960958003997803
10   1.7324450016021729
11   1.0450955629348755
12   1.4503929615020752
13   4.27298641204834
14   3.471529722213745
15   2.6195573806762695
16   2.2242000102996826
17   2.3344225883483887
18   2.314380645751953
19   2.281338691711426
20   2.1733646392822266
1   1.8358774185180664
2   1.7382766008377075
3   1.6758148670196533
4   1.963276982307434
5   1.7530229091644287
6   1.656385064125061
7   1.6405279636383057
8   1.7488439083099365
9   1.9125829935073853
10   1.9111390113830566
11   2.1152052879333496
12   1.8658801317214966
13   1.7462056875228882
14   1.7564979791641235
15   1.419861078262329
16   2.0026800632476807
17   1.6746718883514404
18   1.9124417304992676
19   1.7480823993682861
20   1.9336496591567993
21   1.9597164392471313
22   1.9133415222167969
23   1.9941951036453247
24   1.4918628931045532
25   1.8986961841583252
26   1.952235221862793
27   1.6337308883666992
28   2.032930612564087
29   1.8523083925247192
30   2.092726707458496
31   2.1545281410217285
32   2.0335540771484375
33   1.6356698274612427
34   2.0373263359069824
35   1.8498131036758423
36   1.6816285848617554
37   1.7078777551651
38   1.9574092626571655
39   2.042202949523926
40   1.927945613861084
41   1.8628841638565063
42   1.8993382453918457
43   1.7318758964538574
44   1.7982436418533325
45   1.7884291410446167
46   1.8829541206359863
47   1.67290198802948
48   1.8156592845916748
49   1.8388088941574097
50   1.8195037841796875
51   1.8330379724502563
52   1.8977636098861694
53   2.075894832611084
54   2.0939736366271973
55   1.7122323513031006
56   1.8527354001998901
57   1.8223791122436523
58   1.7434364557266235
59   1.992485761642456
60   2.2604100704193115
61   1.496517539024353
62   1.8999680280685425
63   2.019483804702759
64   1.9564659595489502
65   1.6270136833190918
66   1.6423873901367188
67   1.551834225654602
68   2.102004289627075
69   1.7298239469528198
70   1.6466621160507202
71   1.57805597782135
72   1.8005225658416748
73   1.6659661531448364
74   1.8130059242248535
75   1.7606009244918823
76   1.7295039892196655
77   1.6411088705062866
78   2.0047829151153564
79   1.7558207511901855
80   2.398831844329834
81   1.6900995969772339
82   1.7116554975509644
83   2.0658209323883057
84   1.9617503881454468
85   1.9564335346221924
86   2.0078272819519043
87   1.8936890363693237
88   1.7013686895370483
89   1.9138931035995483
90   1.703547477722168
91   1.6910475492477417
92   1.7604825496673584
93   1.7673062086105347
94   1.8791756629943848
95   1.9431359767913818
96   1.9994869232177734
97   1.46501886844635
98   2.0321085453033447
99   1.5698879957199097
100   1.7554891109466553
101   1.91079843044281
102   1.7497193813323975
103   1.7131587266921997
104   1.5865415334701538
105   1.800995111465454
106   1.8449572324752808
107   1.9879121780395508
108   1.8399865627288818
109   1.5896655321121216
110   2.1065738201141357
111   1.9341782331466675
112   1.6894193887710571
113   1.808805227279663
114   2.0372848510742188
115   1.708241581916809
116   1.800479769706726
117   1.6995538473129272
118   1.8151227235794067
119   1.691516637802124
120   1.8330988883972168
121   1.7755309343338013
122   1.8008666038513184
123   1.8129597902297974
124   1.9774307012557983
125   1.8756260871887207
126   1.7207486629486084
127   1.8044118881225586
128   1.6924833059310913
129   1.8535244464874268
130   1.708735704421997
131   1.8846619129180908
132   1.6446723937988281
133   1.8770239353179932
134   1.8025074005126953
135   1.7800946235656738
136   1.7386181354522705
137   1.8989291191101074
138   1.67349374294281
139   1.8381298780441284
140   1.970426082611084
141   1.8530677556991577
142   1.7257028818130493
143   1.8191149234771729
144   1.9025527238845825
145   1.7648128271102905
146   2.0654137134552
147   1.9314063787460327
148   1.7024526596069336
149   1.8662794828414917
150   2.152588367462158
151   1.9109165668487549
152   1.9612866640090942
153   1.719002366065979
154   1.81692636013031
155   1.7162877321243286
156   1.7812246084213257
157   1.6264499425888062
158   1.6579681634902954
159   1.6717945337295532
160   1.7974175214767456
1   1.5911129713058472
2   1.951870083808899
3   1.6739606857299805
4   1.792994499206543
5   1.8621176481246948
6   1.6553230285644531
7   1.8426954746246338
8   1.802595853805542
9   1.8237028121948242
10   1.739678978919983
11   2.1035854816436768
12   1.6215375661849976
13   1.6887388229370117
14   1.8003199100494385
15   1.755687952041626
16   1.8290610313415527
17   1.7600384950637817
18   1.7492259740829468
19   1.6781160831451416
20   1.453462839126587
21   1.688541293144226
22   1.9414724111557007
23   2.1605560779571533
24   1.6295733451843262
25   1.7568986415863037
26   2.292778491973877
27   1.8501588106155396
28   1.4201308488845825
29   2.2896475791931152
30   1.873284935951233
31   1.6063227653503418
32   1.4770265817642212
33   1.544869303703308
34   2.3697803020477295
35   1.692229151725769
36   1.5176515579223633
37   1.4564377069473267
38   1.7594987154006958
39   1.959533452987671
40   1.9356364011764526
41   1.1435439586639404
42   1.652643084526062
43   1.7255215644836426
44   1.6392438411712646
45   1.7030537128448486
46   1.4851963520050049
47   1.6320908069610596
48   1.6053017377853394
49   1.8504265546798706
50   2.217452049255371
51   1.3886730670928955
52   2.3742849826812744
53   1.9913315773010254
54   2.78548264503479
55   1.4406849145889282
56   1.069690465927124
57   1.1031243801116943
58   2.471292734146118
59   1.904468297958374
60   1.5802274942398071
61   1.8724673986434937
62   1.9146614074707031
63   2.1166858673095703
64   2.2458510398864746
65   2.90277099609375
66   1.552077054977417
67   1.1368770599365234
68   0.7215395569801331
69   1.6486577987670898
70   0.6741393804550171
71   1.0283422470092773
72   2.572608232498169
73   1.6902170181274414
74   1.9318448305130005
75   3.0857369899749756
76   3.6316580772399902
77   2.7294840812683105
78   3.2655317783355713
79   1.0466703176498413
80   1.6385403871536255
81   2.8869271278381348
82   1.3082497119903564
83   1.6936004161834717
84   1.8868322372436523
85   1.443764567375183
86   2.1899778842926025
87   1.6817454099655151
88   2.7117919921875
89   2.1677587032318115
90   2.2058396339416504
91   2.1793501377105713
92   1.3201990127563477
93   2.358220338821411
94   1.4708884954452515
95   2.2699904441833496
96   2.7582290172576904
97   1.685105800628662
98   2.396843433380127
99   1.5596023797988892
100   2.3251049518585205
101   2.358368158340454
102   1.3789563179016113
103   2.573777437210083
104   1.8837847709655762
105   1.2685798406600952
106   2.0183193683624268
107   1.3995585441589355
108   2.1520590782165527
109   1.812209963798523
110   1.4935660362243652
111   1.4274654388427734
112   1.4599894285202026
113   3.1331169605255127
114   0.8660403490066528
115   1.961429238319397
116   1.1236305236816406
117   1.7128745317459106
118   1.920629620552063
119   2.2603952884674072
120   1.3702095746994019
121   2.086608409881592
122   1.957114815711975
123   1.9107732772827148
124   1.6721076965332031
125   2.4101219177246094
126   2.4047234058380127
127   1.657090425491333
128   2.0252437591552734
129   1.4756531715393066
130   1.3355756998062134
131   2.047224283218384
132   1.963215708732605
133   1.5555671453475952
134   1.8143105506896973
135   2.059720277786255
136   2.1649181842803955
137   2.0662388801574707
138   2.0486197471618652
139   1.6088356971740723
140   2.1787774562835693
141   1.9258108139038086
142   1.7851152420043945
143   1.7965552806854248
144   2.1702818870544434
145   2.167644739151001
146   1.9388307332992554
147   1.402381181716919
148   1.427697777748108
149   1.5864522457122803
150   1.49691903591156
151   1.7946791648864746
152   1.3491941690444946
153   1.510149598121643
154   1.8391306400299072
155   1.6916152238845825
156   1.6524721384048462
157   1.845523715019226
158   1.9174728393554688
159   1.8272156715393066
160   1.8121490478515625
161   1.6805915832519531
162   1.8100651502609253
163   1.6427500247955322
164   1.5300685167312622
