0   0.0
1   2.032487154006958
2   2.1224257946014404
3   2.2345457077026367
4   2.137270927429199
5   2.1726300716400146
6   2.219581127166748
7   2.101499557495117
8   2.0202367305755615
9   2.546494245529175
10   2.598156690597534
11   2.760075092315674
12   3.583392858505249
13   4.323788166046143
14   4.809510707855225
15   5.68317174911499
16   5.42243766784668
17   6.19615364074707
18   5.575944423675537
19   6.081684589385986
20   5.3330206871032715
21   6.434944152832031
22   6.472208023071289
23   5.078427791595459
24   5.309105396270752
25   5.191078186035156
26   5.436116695404053
27   5.422235012054443
28   4.810441970825195
29   5.683520793914795
30   5.8139142990112305
31   4.564138889312744
32   6.377593040466309
33   6.705023765563965
34   6.408504486083984
35   6.653171539306641
36   4.93898344039917
37   5.629549026489258
38   6.054617404937744
39   5.011742115020752
40   5.188875675201416
41   5.759924411773682
42   4.217733860015869
43   4.760468006134033
44   5.171353816986084
45   4.998868942260742
46   6.462233543395996
47   5.345404624938965
48   5.808845043182373
49   5.661447048187256
50   5.36763334274292
51   6.1288161277771
52   4.804328918457031
53   4.556258201599121
54   5.418673038482666
55   5.369465351104736
56   5.205930233001709
57   5.3715081214904785
58   5.139819145202637
59   5.192439079284668
60   5.453893184661865
61   5.345614433288574
62   6.223671913146973
63   6.0457868576049805
64   4.0662841796875
65   5.606782913208008
66   4.932528018951416
67   7.095126628875732
68   5.971752643585205
69   5.219268798828125
70   6.063652515411377
71   5.1968994140625
72   6.100161552429199
73   6.746013164520264
74   5.854720115661621
75   5.8678789138793945
76   6.645903587341309
77   6.368070125579834
78   4.818173885345459
79   6.017759323120117
80   5.40826940536499
81   5.947835445404053
82   6.2204694747924805
83   5.442498207092285
84   6.234996318817139
85   5.843814849853516
86   4.773123264312744
87   6.204744338989258
88   7.240920066833496
89   5.968142986297607
90   5.407044887542725
91   6.134687900543213
92   4.285857677459717
93   4.95594596862793
94   7.286383628845215
95   6.0361809730529785
96   6.130224704742432
97   5.1336894035339355
98   6.7344584465026855
99   5.7499470710754395
100   6.201094627380371
101   5.040980339050293
102   6.01726770401001
103   5.177318096160889
104   5.418020725250244
105   4.731372833251953
106   4.232461929321289
107   6.511479377746582
108   6.066678524017334
109   6.58123254776001
110   5.545452117919922
111   6.23707389831543
112   6.886869430541992
113   6.489896774291992
114   5.541934967041016
115   6.691286087036133
116   6.193174362182617
117   6.507383823394775
118   3.72076416015625
119   4.706756591796875
120   5.190842151641846
121   5.118009090423584
122   6.071965217590332
123   6.90601110458374
124   6.820704460144043
125   5.522497653961182
126   7.050328254699707
127   5.851721286773682
128   5.213376522064209
129   5.771608352661133
130   5.005520343780518
131   4.880651473999023
132   6.5928826332092285
133   6.688961029052734
134   4.87578821182251
135   5.6372761726379395
136   5.178070545196533
137   5.207021236419678
138   6.418686866760254
139   5.520657539367676
140   6.442118167877197
141   4.933494567871094
142   5.719627380371094
143   5.9188995361328125
144   4.8784589767456055
145   5.4574456214904785
146   5.525238037109375
147   5.912540912628174
148   5.017815113067627
149   6.667896270751953
150   5.737875938415527
151   5.72113037109375
152   6.135384559631348
153   6.25438117980957
154   6.400086879730225
155   6.3995771408081055
156   3.482841730117798
157   2.7564592361450195
158   4.2575860023498535
159   4.248437404632568
160   4.500931739807129
161   4.637187957763672
162   5.479288578033447
163   4.962653636932373
164   3.3005530834198
165   4.121150016784668
166   5.053260803222656
167   4.121903419494629
168   5.928759574890137
169   6.315330982208252
170   6.8027825355529785
171   6.292144298553467
172   6.521327972412109
173   6.689488887786865
174   6.688285827636719
175   6.40281867980957
176   6.148360729217529
177   5.978837966918945
178   5.719263553619385
179   6.25218391418457
180   6.034642219543457
181   6.10959529876709
182   5.08004093170166
183   4.659822940826416
184   5.261037349700928
185   5.6302313804626465
186   5.857608318328857
187   5.543537616729736
188   6.124619960784912
189   6.184158802032471
190   5.365066051483154
191   5.76699686050415
192   6.009696960449219
193   5.204722881317139
194   6.654461860656738
195   5.807406425476074
196   5.948062419891357
197   4.989875793457031
198   6.470994472503662
199   5.875275135040283
200   5.684329509735107
201   6.763684272766113
202   6.280904293060303
203   4.696835517883301
204   6.355529308319092
205   6.000349521636963
206   5.746509075164795
207   6.5702009201049805
208   6.299954891204834
209   6.623523712158203
210   5.940464019775391
211   5.985461235046387
212   6.564300060272217
213   5.9497480392456055
1   6.098503112792969
2   6.751474380493164
3   5.966755390167236
4   6.249908924102783
5   5.860348701477051
6   6.310070991516113
7   5.2095465660095215
8   6.70263671875
9   6.228720664978027
10   6.618314266204834
11   6.120421886444092
12   6.3202290534973145
13   5.211602210998535
14   5.323888301849365
15   5.483208656311035
16   4.63108491897583
17   6.085564136505127
18   5.854773044586182
19   6.089934349060059
20   6.8604888916015625
1   6.140931129455566
2   5.773969650268555
3   5.849130153656006
4   5.946828365325928
5   5.631770610809326
6   5.59806489944458
7   6.110786437988281
8   5.472898960113525
9   6.1010541915893555
10   5.074202060699463
11   6.876149654388428
12   6.310481071472168
13   5.915152072906494
14   5.517328262329102
15   5.897571563720703
16   6.492399215698242
17   6.999865531921387
18   4.646046161651611
19   6.601807594299316
20   6.601256370544434
21   6.5666022300720215
22   6.10208797454834
23   6.52244234085083
24   6.327919960021973
25   6.030008792877197
26   6.128105640411377
27   5.506221294403076
28   6.8012847900390625
29   4.842093467712402
30   5.546029567718506
31   6.430974006652832
32   6.386732578277588
33   5.948788642883301
34   5.86663293838501
35   5.243692874908447
36   6.195450305938721
37   6.4435625076293945
38   5.383431434631348
39   5.837263107299805
40   5.824103832244873
41   6.089632511138916
42   6.882668972015381
43   6.815136909484863
44   6.94146728515625
45   6.654311656951904
46   5.727829933166504
47   6.285759925842285
48   5.728142738342285
49   6.237310409545898
50   6.62448263168335
51   6.456313610076904
52   5.143222808837891
53   6.193168640136719
54   6.655197620391846
55   6.1310834884643555
56   6.213473320007324
57   6.267265796661377
58   6.551309585571289
59   5.095459461212158
60   5.914880752563477
61   6.114078044891357
62   4.88042688369751
63   6.163070201873779
64   6.329399108886719
65   6.717252254486084
66   5.095218181610107
67   6.310827255249023
68   7.006014347076416
69   5.986602783203125
70   5.077443599700928
71   5.78228759765625
72   4.365777969360352
73   4.389450550079346
74   4.617044448852539
75   4.152960300445557
76   6.708915710449219
77   5.482316970825195
78   4.487497329711914
79   4.204248905181885
80   3.870760917663574
81   3.1198184490203857
82   4.0116472244262695
83   3.0680675506591797
84   4.998566627502441
85   5.056553840637207
86   4.044750213623047
87   3.537827491760254
88   4.449921607971191
89   4.401803493499756
90   3.835733652114868
91   2.717003345489502
92   4.384732723236084
93   3.2540171146392822
94   2.9117302894592285
95   4.567664623260498
96   3.779449224472046
97   3.2140398025512695
98   4.752786636352539
99   4.030452251434326
100   5.071026802062988
101   3.6944289207458496
102   5.128248691558838
103   4.789011001586914
104   6.980699062347412
105   6.139031410217285
106   6.966225624084473
107   6.2004852294921875
108   6.794832706451416
109   6.530539512634277
110   7.156952857971191
111   6.518758296966553
112   6.058514595031738
113   5.170853137969971
114   5.139588832855225
115   6.907371997833252
116   6.514035701751709
117   5.059095859527588
118   5.692299842834473
119   7.242525577545166
120   6.365645885467529
121   6.3490891456604
122   5.786172389984131
123   5.804050445556641
124   5.5218305587768555
125   6.966190814971924
126   6.103102207183838
127   6.047085285186768
128   6.221531391143799
129   5.618321418762207
130   5.962061882019043
131   5.847773551940918
132   6.58399772644043
133   6.304070949554443
134   5.559957981109619
135   5.627305507659912
136   6.111282825469971
137   6.41079044342041
138   6.568383693695068
139   6.341441631317139
140   5.5873589515686035
141   6.082208633422852
142   6.34246826171875
143   5.877809047698975
144   5.786441326141357
145   6.514069080352783
146   5.364228248596191
147   6.130650997161865
148   4.625303268432617
149   5.509648323059082
150   5.940457344055176
151   6.707719326019287
152   5.660388946533203
153   5.716318607330322
154   5.806519985198975
155   6.073205471038818
156   6.162945747375488
157   4.904258728027344
158   5.608867168426514
159   6.741652011871338
160   6.544315338134766
1   5.666290760040283
2   5.6704936027526855
3   6.492587089538574
4   5.897523403167725
5   6.3000006675720215
6   6.780247688293457
7   4.796370029449463
8   6.001170635223389
9   5.2066144943237305
10   6.226323127746582
11   5.927815914154053
12   5.95766019821167
13   6.293231964111328
14   6.065130710601807
15   6.8428192138671875
16   6.1863694190979
17   6.417775630950928
18   5.382309436798096
19   5.770959377288818
20   5.207180023193359
21   5.902414321899414
22   5.520230293273926
23   6.064108848571777
24   5.994411945343018
25   6.283249378204346
26   5.095421314239502
27   7.026602268218994
28   5.987418174743652
29   6.155102252960205
30   4.905014991760254
31   5.141618251800537
32   6.751591205596924
33   5.952361106872559
34   5.887807846069336
35   5.429207801818848
36   6.760313510894775
37   5.52550745010376
38   5.503922462463379
39   6.034069061279297
40   6.784947395324707
41   6.62325382232666
42   5.966003894805908
43   6.214094638824463
44   5.3715081214904785
45   6.419189929962158
46   6.237847805023193
47   5.757570743560791
48   6.1577534675598145
49   5.9804368019104
50   6.474050521850586
51   6.361928462982178
52   6.316184043884277
53   6.6620001792907715
54   5.858059883117676
55   4.867814064025879
56   5.989157676696777
57   5.14488410949707
58   4.5836334228515625
59   5.878626823425293
60   6.025096416473389
61   5.795957088470459
62   6.062412261962891
63   5.927183151245117
64   5.298767566680908
65   5.3187384605407715
66   5.477170467376709
67   5.562644958496094
68   4.925633907318115
69   5.369099140167236
70   5.640573501586914
71   6.301024913787842
72   5.449356555938721
73   5.615800380706787
74   6.372702121734619
75   5.552923679351807
76   5.578343391418457
77   6.24711799621582
78   5.472955703735352
79   4.9905548095703125
80   6.066129684448242
81   4.533174991607666
82   7.1944098472595215
83   6.951907634735107
84   4.978315353393555
85   5.506457328796387
86   5.600348949432373
87   4.898356914520264
88   5.649005889892578
89   5.520382881164551
90   5.890311241149902
91   6.193609237670898
92   6.465636730194092
93   6.130368232727051
94   6.419460296630859
95   5.0455803871154785
96   5.535348892211914
97   6.722519874572754
98   5.329373836517334
99   5.5608367919921875
100   5.953271865844727
101   5.437122344970703
102   6.72371768951416
103   6.717914581298828
104   6.2853193283081055
105   6.582163333892822
106   6.081487655639648
107   6.893131732940674
108   6.243792533874512
109   5.742024898529053
110   5.900705337524414
111   5.487890720367432
112   6.256356716156006
113   4.875496864318848
114   4.519956111907959
115   4.95892858505249
116   5.5373992919921875
117   5.111477375030518
118   5.77333927154541
119   5.509463310241699
120   5.172697067260742
121   6.479955196380615
122   5.80677604675293
123   5.53536319732666
124   5.747378826141357
125   5.766599178314209
126   5.4240570068359375
127   5.850448131561279
128   6.093659400939941
129   6.192447662353516
130   5.869073867797852
131   5.171053409576416
132   4.82569694519043
133   5.803142070770264
134   6.479738235473633
135   4.277033805847168
136   3.914733648300171
137   2.8837175369262695
138   3.3864853382110596
139   4.426220417022705
140   3.1807992458343506
141   5.100857734680176
142   5.204748630523682
143   5.36127233505249
144   5.225611686706543
145   2.8590400218963623
146   6.4091901779174805
147   6.590364933013916
148   6.918365955352783
149   6.7185516357421875
150   6.3803486824035645
151   6.374019622802734
152   5.958456993103027
153   6.578058242797852
154   5.115826606750488
155   4.667537212371826
156   6.146420955657959
157   6.428341388702393
158   5.219982624053955
159   5.484927177429199
160   6.153182029724121
161   6.180596828460693
162   6.380201816558838
163   6.2733845710754395
164   5.704007625579834
