0   0.0
1   1.1119284629821777
2   1.3511676788330078
3   1.3412957191467285
4   1.1891419887542725
5   1.0718022584915161
6   1.4146543741226196
7   1.1259359121322632
8   1.1788033246994019
9   1.418463110923767
10   1.4029722213745117
11   1.4138489961624146
12   1.4464129209518433
13   1.6791263818740845
14   4.159461975097656
15   2.8561720848083496
16   1.9055018424987793
17   2.5249223709106445
18   1.5269430875778198
19   3.6285784244537354
20   4.423288822174072
21   3.302452325820923
22   3.736406087875366
23   3.7277133464813232
24   3.241170883178711
25   3.361295461654663
26   4.032858371734619
27   4.546755313873291
28   2.494297742843628
29   2.8762664794921875
30   4.40052604675293
31   4.3799262046813965
32   3.2381186485290527
33   3.2650399208068848
34   3.2848706245422363
35   4.1382975578308105
36   6.165842056274414
37   3.3032774925231934
38   3.5176589488983154
39   3.303189516067505
40   4.338598251342773
41   3.528306007385254
42   3.796851873397827
43   3.0327250957489014
44   3.6565048694610596
45   3.3033947944641113
46   4.412224292755127
47   4.0545196533203125
48   4.277180194854736
49   3.734842538833618
50   3.349789619445801
51   3.795769214630127
52   3.173729658126831
53   2.8869194984436035
54   3.557204246520996
55   3.2422797679901123
56   4.149320602416992
57   3.541677474975586
58   3.457280158996582
59   3.163933277130127
60   3.368696689605713
61   3.3790361881256104
62   4.283416748046875
63   3.3832178115844727
64   2.824341058731079
65   2.817636489868164
66   4.477390289306641
67   3.959662437438965
68   4.186758518218994
69   3.2500534057617188
70   3.155571460723877
71   4.113185405731201
72   2.0975501537323
73   3.147697687149048
74   4.855292797088623
75   3.6980133056640625
76   1.6959856748580933
77   2.2195208072662354
78   2.6133153438568115
79   1.7268365621566772
80   1.9663219451904297
81   1.178682565689087
82   3.631608247756958
83   3.0157992839813232
84   3.548168420791626
85   1.918296217918396
86   4.229930877685547
87   2.4899463653564453
88   4.372685432434082
89   3.762131929397583
90   3.776775598526001
91   3.8557519912719727
92   3.2565205097198486
93   3.812272310256958
94   3.8201992511749268
95   3.670116424560547
96   3.942307233810425
97   3.0934581756591797
98   3.9989490509033203
99   2.5926854610443115
100   3.3876121044158936
101   3.6542294025421143
102   3.636671304702759
103   3.1343982219696045
104   3.890645742416382
105   5.0066680908203125
106   4.54091215133667
107   3.691251277923584
108   3.8604888916015625
109   3.6613357067108154
110   4.8703508377075195
111   3.9731130599975586
112   3.7787909507751465
113   4.7740983963012695
114   2.9194657802581787
115   4.4411773681640625
116   4.585110187530518
117   2.773711681365967
118   3.715580463409424
119   3.9172627925872803
120   3.100959300994873
121   3.406862497329712
122   4.40749454498291
123   3.5309715270996094
124   3.627581834793091
125   2.1160106658935547
126   1.949113368988037
127   1.0385220050811768
128   1.640445351600647
129   3.0584652423858643
130   3.2194056510925293
131   3.7746665477752686
132   3.3768727779388428
133   3.353851079940796
134   3.889359474182129
135   3.247744083404541
136   3.867741346359253
137   4.271719455718994
138   4.120665073394775
139   4.066855430603027
140   3.65244722366333
141   4.053450107574463
142   5.3087239265441895
143   3.664337158203125
144   4.361156463623047
145   3.866204261779785
146   3.6581239700317383
147   4.256350040435791
148   3.557589054107666
149   4.513259410858154
150   3.858466386795044
151   3.7389726638793945
152   3.7450037002563477
153   3.5465993881225586
154   3.5973525047302246
155   4.241106033325195
156   4.97231912612915
157   3.431713581085205
158   2.6423873901367188
159   2.403550624847412
160   4.1988205909729
161   3.328065872192383
162   4.819479465484619
163   3.5230774879455566
164   3.702164649963379
165   3.2829973697662354
166   4.252092361450195
167   4.415946006774902
168   4.1965107917785645
169   4.177903652191162
170   3.2333457469940186
171   3.329937696456909
172   3.5777523517608643
173   3.3965303897857666
174   3.230442762374878
175   4.171315670013428
176   4.6568193435668945
177   4.957420349121094
178   4.090184211730957
179   4.496949672698975
180   3.218552827835083
181   3.4979913234710693
182   3.983644962310791
183   2.769925594329834
184   3.752837896347046
185   2.997612237930298
186   4.182994365692139
187   4.1324896812438965
188   3.577082872390747
189   4.683262825012207
190   3.7048089504241943
191   3.050119400024414
192   3.2059011459350586
193   4.032532215118408
194   3.0983479022979736
195   3.3681256771087646
196   4.478829383850098
197   4.3596110343933105
198   3.396624803543091
199   2.9848341941833496
200   3.760117769241333
201   3.6249749660491943
202   3.3757927417755127
203   2.611100673675537
204   3.6496384143829346
205   3.9798471927642822
206   3.9729931354522705
207   4.273115158081055
208   2.4324967861175537
209   4.3563079833984375
210   3.2804365158081055
211   4.43824577331543
212   3.916199207305908
213   4.103639602661133
1   4.42743444442749
2   2.8896946907043457
3   3.6187682151794434
4   3.04337215423584
5   3.6694188117980957
6   3.635312080383301
7   4.778572082519531
8   3.8660597801208496
9   3.6023387908935547
10   4.425037860870361
11   4.110559463500977
12   3.559937000274658
13   4.693928241729736
14   4.516036033630371
15   3.440626621246338
16   3.7951018810272217
17   3.5691616535186768
18   4.076775550842285
19   4.266945838928223
20   4.025874614715576
1   4.337139129638672
2   4.0105133056640625
3   2.4364748001098633
4   2.0843253135681152
5   3.4537694454193115
6   3.970446825027466
7   3.6497294902801514
8   3.8252198696136475
9   3.5056140422821045
10   3.9922921657562256
11   3.395944356918335
12   3.8090713024139404
13   4.349353790283203
14   3.5928165912628174
15   3.03888201713562
16   3.15727162361145
17   3.805840253829956
18   3.830915927886963
19   3.9988763332366943
20   4.000162601470947
21   5.062244415283203
22   3.0377697944641113
23   3.5203397274017334
24   3.975325345993042
25   3.318206787109375
26   3.3517696857452393
27   3.6827375888824463
28   3.726996660232544
29   4.026896953582764
30   3.9570302963256836
31   4.19247579574585
32   3.016469955444336
33   2.9189817905426025
34   3.3758673667907715
35   3.3303933143615723
36   3.807387590408325
37   3.4563255310058594
38   3.614135503768921
39   4.378470420837402
40   4.727827072143555
41   4.602644443511963
42   3.6429591178894043
43   3.6074321269989014
44   3.0383665561676025
45   3.1574196815490723
46   3.067167282104492
47   3.8605892658233643
48   3.4387943744659424
49   2.7456181049346924
50   1.9571558237075806
51   2.204146385192871
52   3.245540142059326
53   3.7147879600524902
54   4.453372478485107
55   3.823631525039673
56   4.139928340911865
57   4.5667290687561035
58   3.950709342956543
59   4.531343936920166
60   4.413188457489014
61   3.834113121032715
62   4.20782470703125
63   3.5767128467559814
64   4.003803253173828
65   3.501115083694458
66   3.9034736156463623
67   3.816951036453247
68   3.844580888748169
69   3.895939588546753
70   3.685516357421875
71   4.597886562347412
72   3.8203799724578857
73   3.840263605117798
74   3.9281439781188965
75   4.0525641441345215
76   4.110333442687988
77   3.5738911628723145
78   3.1692452430725098
79   3.134472370147705
80   3.3762311935424805
81   3.428318977355957
82   2.8753821849823
83   4.479594707489014
84   2.7470321655273438
85   2.708226442337036
86   2.6146583557128906
87   4.560654163360596
88   5.005924701690674
89   3.6669232845306396
90   4.1317901611328125
91   5.1719818115234375
92   3.1617960929870605
93   3.1882855892181396
94   5.082056045532227
95   3.958503246307373
96   3.2030348777770996
97   3.5181753635406494
98   3.9982964992523193
99   3.5887928009033203
100   3.8224380016326904
101   4.520689964294434
102   2.6893317699432373
103   4.275396823883057
104   3.4221572875976563
105   5.3204545974731445
106   4.232949256896973
107   3.531893730163574
108   4.012740135192871
109   3.299978017807007
110   1.7963236570358276
111   4.170999526977539
112   4.09159517288208
113   4.30217170715332
114   4.301785469055176
115   4.164502143859863
116   3.404242515563965
117   3.7474746704101563
118   4.1502685546875
119   3.569709062576294
120   3.075369119644165
121   3.7458932399749756
122   4.471838474273682
123   3.8950254917144775
124   4.751971244812012
125   3.440892219543457
126   3.8487675189971924
127   4.18617057800293
128   4.322983741760254
129   3.817246198654175
130   3.7584383487701416
131   4.777735233306885
132   1.7942111492156982
133   4.233631134033203
134   3.457947015762329
135   3.575150728225708
136   3.709733009338379
137   3.841933012008667
138   4.269750595092773
139   3.3276264667510986
140   3.1540749073028564
141   3.9618730545043945
142   2.8358397483825684
143   3.0667569637298584
144   3.7620174884796143
145   3.7143378257751465
146   3.906752586364746
147   4.414326190948486
148   4.455193042755127
149   3.9304959774017334
150   2.621882438659668
151   4.985233783721924
152   3.3169076442718506
153   3.802215814590454
154   3.1782774925231934
155   3.7956950664520264
156   2.947730302810669
157   4.6418890953063965
158   3.3047385215759277
159   3.697723865509033
160   3.837698459625244
1   4.327969551086426
2   3.791396379470825
3   3.2256669998168945
4   3.83532977104187
5   3.015909433364868
6   1.8925182819366455
7   4.968935966491699
8   2.37701153755188
9   4.21075439453125
10   3.7263333797454834
11   4.623148441314697
12   2.593173027038574
13   3.2808332443237305
14   3.169743537902832
15   3.602132797241211
16   3.8130223751068115
17   3.945049524307251
18   2.979626417160034
19   3.914531946182251
20   3.459205150604248
21   3.845935821533203
22   3.2446086406707764
23   4.298569202423096
24   4.070638656616211
25   3.3264212608337402
26   4.285766124725342
27   5.791776180267334
28   3.6367857456207275
29   4.852266788482666
30   4.066183567047119
31   3.2874903678894043
32   3.696850061416626
33   3.031017780303955
34   3.2735512256622314
35   5.01166296005249
36   3.2453651428222656
37   2.0023436546325684
38   3.688267946243286
39   3.6175107955932617
40   4.134517669677734
41   3.472073793411255
42   4.750451564788818
43   2.7933480739593506
44   3.0564498901367188
45   3.3320388793945313
46   2.1826107501983643
47   3.381627321243286
48   4.331329345703125
49   4.434526443481445
50   4.5819878578186035
51   3.410229444503784
52   2.6372482776641846
53   4.066895961761475
54   3.490727424621582
55   2.380945920944214
56   3.549561023712158
57   4.097452163696289
58   4.3530168533325195
59   3.777857780456543
60   3.9201111793518066
61   3.0565295219421387
62   3.7532622814178467
63   3.4367148876190186
64   4.657161712646484
65   2.7827870845794678
66   2.610126256942749
67   3.1767282485961914
68   2.6916606426239014
69   3.4106554985046387
70   3.898996591567993
71   3.483527898788452
72   3.125776529312134
73   1.243895411491394
74   3.541278123855591
75   4.9449357986450195
76   3.460704803466797
77   3.5143179893493652
78   3.5920279026031494
79   4.16503381729126
80   2.9621293544769287
81   3.7164413928985596
82   3.1862518787384033
83   3.858172655105591
84   3.418811559677124
85   3.8070385456085205
86   3.289107322692871
87   3.971118450164795
88   4.156052589416504
89   3.510437488555908
90   4.157137870788574
91   3.6792960166931152
92   4.147060394287109
93   2.666414260864258
94   3.9241442680358887
95   3.179220676422119
96   4.710160732269287
97   3.788935422897339
98   4.174834728240967
99   3.8953840732574463
100   2.5499868392944336
101   4.5814337730407715
102   2.8698203563690186
103   4.155455112457275
104   2.571861505508423
105   4.280890464782715
106   3.986811876296997
107   2.901294231414795
108   3.652430295944214
109   4.754612922668457
110   3.2998201847076416
111   4.206326484680176
112   3.0945541858673096
113   3.7027812004089355
114   3.463569402694702
115   4.878800868988037
116   3.7611374855041504
117   2.8551056385040283
118   3.6442880630493164
119   3.707280158996582
120   3.643066644668579
121   4.148692607879639
122   4.372848987579346
123   3.9226322174072266
124   4.707627296447754
125   3.4842514991760254
126   1.0491985082626343
127   3.2306020259857178
128   4.391443252563477
129   2.894570827484131
130   3.438762664794922
131   3.5254249572753906
132   3.1638238430023193
133   3.4611363410949707
134   3.2484757900238037
135   4.169215679168701
136   4.281187057495117
137   2.6365785598754883
138   3.94964861869812
139   3.2762954235076904
140   3.5150644779205322
141   3.8813555240631104
142   2.9600260257720947
143   2.882032871246338
144   2.7694265842437744
145   3.720970392227173
146   3.8370718955993652
147   4.574069499969482
148   3.319791793823242
149   3.7765626907348633
150   3.5492804050445557
151   4.345383167266846
152   2.8419928550720215
153   3.4406635761260986
154   4.398724555969238
155   3.5153615474700928
156   2.375253677368164
157   3.619069814682007
158   4.1999592781066895
159   3.9165186882019043
160   3.436976909637451
161   4.449044704437256
162   4.254651069641113
163   2.591801404953003
164   1.8364378213882446
