0   0.0
1   0.20165091753005981
2   0.1824127584695816
3   0.19258339703083038
4   0.1957918256521225
5   0.19155745208263397
6   0.18996642529964447
7   0.19249913096427917
8   0.17558011412620544
9   0.2468053549528122
10   0.27556920051574707
11   0.40932610630989075
12   0.5041675567626953
13   1.0657566785812378
14   1.8043943643569946
15   2.1692545413970947
16   1.7447710037231445
17   2.0634307861328125
18   1.7090226411819458
19   1.61735999584198
20   1.9140279293060303
21   1.5082203149795532
22   1.5381606817245483
23   1.640803337097168
24   1.6118714809417725
25   1.384208083152771
26   1.4381639957427979
27   1.602515459060669
28   1.6544952392578125
29   1.7614692449569702
30   2.0596091747283936
31   1.721375823020935
32   1.6206721067428589
33   1.5761326551437378
34   1.7061234712600708
35   1.7496968507766724
36   2.4092071056365967
37   1.5900386571884155
38   1.6517642736434937
39   1.5561513900756836
40   1.802973747253418
41   1.5730732679367065
42   2.0264828205108643
43   1.7069404125213623
44   1.486630916595459
45   1.6456379890441895
46   2.3751227855682373
47   2.04597544670105
48   1.888500452041626
49   2.087285041809082
50   2.4926822185516357
51   2.133755683898926
52   1.989638090133667
53   1.8470559120178223
54   2.5192480087280273
55   2.189314365386963
56   2.2756266593933105
57   2.4438092708587646
58   2.3358237743377686
59   2.1927623748779297
60   2.416782855987549
61   2.070753574371338
62   2.2843945026397705
63   2.1366560459136963
64   2.0694077014923096
65   1.4640419483184814
66   1.8031415939331055
67   1.7561956644058228
68   1.8730474710464478
69   1.6151585578918457
70   1.8418279886245728
71   1.8637186288833618
72   1.4422452449798584
73   1.7758243083953857
74   1.9754313230514526
75   1.481152057647705
76   1.679887056350708
77   1.6637637615203857
78   1.508926272392273
79   1.7522590160369873
80   1.7440948486328125
81   1.8528989553451538
82   2.016941547393799
83   1.426009178161621
84   1.7199498414993286
85   2.0284664630889893
86   1.8847256898880005
87   1.4367702007293701
88   1.7750712633132935
89   1.6221789121627808
90   1.6268645524978638
91   1.7683342695236206
92   1.3431408405303955
93   1.4045367240905762
94   2.0983688831329346
95   1.5562561750411987
96   1.941548466682434
97   1.6010404825210571
98   2.004340648651123
99   1.5280745029449463
100   1.6091456413269043
101   1.6361335515975952
102   1.6541368961334229
103   1.7420567274093628
104   1.7797784805297852
105   2.3154385089874268
106   1.9278831481933594
107   1.8265163898468018
108   1.9031460285186768
109   1.859626054763794
110   2.2096855640411377
111   2.0225789546966553
112   1.7661325931549072
113   1.88047194480896
114   1.4383312463760376
115   2.3467555046081543
116   2.3862709999084473
117   1.740354061126709
118   2.05660080909729
119   1.8636260032653809
120   1.7142263650894165
121   1.5533668994903564
122   1.6810009479522705
123   1.6548649072647095
124   1.9013198614120483
125   1.5302814245224
126   1.735166072845459
127   1.7225145101547241
128   1.3789318799972534
129   1.685447335243225
130   1.651145577430725
131   1.850142478942871
132   1.9374721050262451
133   1.9213380813598633
134   1.909986972808838
135   1.7487136125564575
136   2.0337581634521484
137   1.7177629470825195
138   1.978033423423767
139   1.6679848432540894
140   1.7452480792999268
141   1.8806990385055542
142   2.3359105587005615
143   1.558516263961792
144   2.1137137413024902
145   1.7929102182388306
146   1.8885159492492676
147   1.8102302551269531
148   1.8592195510864258
149   2.133585214614868
150   1.5015891790390015
151   1.6349974870681763
152   1.5620025396347046
153   1.4447035789489746
154   2.0747392177581787
155   1.6845282316207886
156   1.9865446090698242
157   1.7585937976837158
158   1.169930100440979
159   1.3884679079055786
160   1.8259791135787964
161   1.8389664888381958
162   1.871932029724121
163   1.5684034824371338
164   2.257535934448242
165   1.5515878200531006
166   1.6372566223144531
167   2.0744569301605225
168   1.6435604095458984
169   1.751111626625061
170   1.497420072555542
171   1.7078958749771118
172   1.5623481273651123
173   1.8114604949951172
174   1.632614016532898
175   1.742607593536377
176   1.9888677597045898
177   2.026273488998413
178   1.7459373474121094
179   1.881312370300293
180   1.4753611087799072
181   1.6235568523406982
182   1.9861986637115479
183   1.4202511310577393
184   1.4956421852111816
185   1.8877438306808472
186   2.052501916885376
187   1.7591038942337036
188   1.7183839082717896
189   1.9619336128234863
190   1.9031400680541992
191   1.9412709474563599
192   1.3050074577331543
193   1.772359848022461
194   1.4962408542633057
195   1.52458918094635
196   1.9514094591140747
197   1.7503342628479004
198   1.7710598707199097
199   1.7926604747772217
200   1.486792802810669
201   1.7192788124084473
202   1.5970097780227661
203   1.3263319730758667
204   1.5073833465576172
205   1.607969880104065
206   1.7567193508148193
207   1.807247519493103
208   1.5640203952789307
209   1.9394410848617554
210   1.5117385387420654
211   1.804611325263977
212   1.6903352737426758
213   1.8136839866638184
1   1.7856509685516357
2   1.8840844631195068
3   1.7783281803131104
4   1.6719903945922852
5   1.512800931930542
6   1.8317997455596924
7   2.4757442474365234
8   1.8690799474716187
9   1.780390977859497
10   1.7744389772415161
11   2.0490331649780273
12   1.5529526472091675
13   2.0246524810791016
14   1.9162229299545288
15   1.6453485488891602
16   1.7566758394241333
17   1.61225163936615
18   1.878678798675537
19   1.7409543991088867
20   1.715686321258545
1   1.7383630275726318
2   1.833085060119629
3   1.8631706237792969
4   1.8431293964385986
5   1.514264702796936
6   1.4210516214370728
7   1.7141259908676147
8   1.787732481956482
9   1.7413121461868286
10   1.4074115753173828
11   1.5804482698440552
12   1.7150113582611084
13   1.883457064628601
14   1.5847529172897339
15   1.4168853759765625
16   1.706263542175293
17   1.949313759803772
18   1.398444414138794
19   1.6015028953552246
20   1.8993117809295654
21   1.904880166053772
22   1.7288012504577637
23   1.648405909538269
24   1.7724398374557495
25   1.5722994804382324
26   1.69374680519104
27   1.6120870113372803
28   1.6460562944412231
29   1.5986499786376953
30   1.6840403079986572
31   1.769267201423645
32   1.651294231414795
33   1.6657484769821167
34   1.6412360668182373
35   1.7118147611618042
36   1.9554486274719238
37   1.5573018789291382
38   1.4352059364318848
39   1.9409637451171875
40   1.954704999923706
41   1.9935152530670166
42   2.186607837677002
43   1.6492924690246582
44   1.635495662689209
45   1.547926425933838
46   1.4530678987503052
47   2.0182065963745117
48   1.706325888633728
49   1.893375039100647
50   1.7442975044250488
51   1.8481519222259521
52   1.9261692762374878
53   1.982469916343689
54   1.9681177139282227
55   1.7414557933807373
56   1.6217857599258423
57   2.044480085372925
58   1.4462156295776367
59   1.8633394241333008
60   2.329235792160034
61   1.7631524801254272
62   1.8879739046096802
63   1.9811933040618896
64   1.7732259035110474
65   1.7809828519821167
66   1.666395664215088
67   1.6991032361984253
68   1.6686902046203613
69   1.8562089204788208
70   1.798029899597168
71   1.7836833000183105
72   1.7494052648544312
73   1.4101063013076782
74   1.8673101663589478
75   1.5642657279968262
76   1.8634366989135742
77   1.637543797492981
78   1.9080556631088257
79   1.5201438665390015
80   1.8240938186645508
81   2.109670639038086
82   2.243800640106201
83   1.7795560359954834
84   1.7624152898788452
85   1.7157325744628906
86   1.690534234046936
87   2.0317773818969727
88   2.371023654937744
89   1.9671117067337036
90   1.9969170093536377
91   2.4738144874572754
92   1.4431660175323486
93   2.0969903469085693
94   2.4403932094573975
95   1.809852957725525
96   1.8693413734436035
97   1.9161492586135864
98   1.6689056158065796
99   1.5989410877227783
100   1.6556233167648315
101   2.2739791870117188
102   1.6411902904510498
103   2.0593090057373047
104   1.7958805561065674
105   2.1823902130126953
106   2.150585412979126
107   1.732452154159546
108   1.8199855089187622
109   1.6115593910217285
110   1.6669398546218872
111   1.6279116868972778
112   1.8916842937469482
113   2.090585470199585
114   1.9551331996917725
115   2.01888370513916
116   1.7999751567840576
117   1.966819167137146
118   1.8248828649520874
119   1.5867061614990234
120   1.511696219444275
121   2.0307376384735107
122   1.9356904029846191
123   1.4367233514785767
124   2.073235034942627
125   1.6451295614242554
126   2.20300555229187
127   1.993739366531372
128   1.7905914783477783
129   1.841317892074585
130   1.7120906114578247
131   1.9697611331939697
132   1.3889095783233643
133   1.913497805595398
134   1.490166425704956
135   1.8568189144134521
136   1.535001516342163
137   1.7209415435791016
138   1.710221529006958
139   1.5750411748886108
140   1.8140422105789185
141   1.7553532123565674
142   1.5782438516616821
143   1.640842318534851
144   1.508607029914856
145   1.7252082824707031
146   1.7055182456970215
147   1.7143735885620117
148   1.5852020978927612
149   1.8575152158737183
150   1.6056784391403198
151   1.8677972555160522
152   1.7292453050613403
153   1.5899910926818848
154   1.7101776599884033
155   1.606189250946045
156   1.746095895767212
157   1.7500308752059937
158   1.611886978149414
159   1.8893628120422363
160   1.6824305057525635
1   1.8503546714782715
2   1.769740104675293
3   1.6241921186447144
4   1.4706569910049438
5   1.7499821186065674
6   1.8293434381484985
7   1.8507879972457886
8   1.6444129943847656
9   1.711329460144043
10   1.4105514287948608
11   1.8928781747817993
12   1.6725105047225952
13   2.014460802078247
14   1.556698203086853
15   1.687389612197876
16   1.6822932958602905
17   1.4790472984313965
18   1.541982889175415
19   1.6195465326309204
20   1.5297919511795044
21   1.5940792560577393
22   1.6366801261901855
23   1.6303128004074097
24   1.9161314964294434
25   1.5461679697036743
26   1.9654844999313354
27   2.544625997543335
28   1.3653749227523804
29   1.8072360754013062
30   1.859565258026123
31   1.5368826389312744
32   1.6827715635299683
33   1.649145483970642
34   1.7190062999725342
35   2.2987656593322754
36   1.891745686531067
37   1.6500294208526611
38   1.8173447847366333
39   1.632807731628418
40   1.9530322551727295
41   1.7754666805267334
42   2.0742850303649902
43   1.751461386680603
44   1.6287871599197388
45   1.6532052755355835
46   1.7112804651260376
47   1.5299562215805054
48   1.6020010709762573
49   1.8732731342315674
50   1.9599436521530151
51   1.8109686374664307
52   1.9415680170059204
53   1.8474329710006714
54   2.009753942489624
55   1.3989360332489014
56   1.293090581893921
57   1.5434597730636597
58   1.6351860761642456
59   1.8194756507873535
60   1.884213924407959
61   1.7222317457199097
62   1.785286545753479
63   1.629825234413147
64   1.6688923835754395
65   1.4523478746414185
66   1.4957382678985596
67   1.3789300918579102
68   1.2780507802963257
69   1.3209089040756226
70   1.5772696733474731
71   1.560983657836914
72   2.213643789291382
73   1.4520705938339233
74   1.500795841217041
75   2.107149124145508
76   1.7422332763671875
77   1.4746906757354736
78   1.7227402925491333
79   1.33786940574646
80   1.3970980644226074
81   1.7029173374176025
82   1.7558053731918335
83   1.982602834701538
84   1.5091592073440552
85   1.6130942106246948
86   1.6500787734985352
87   1.63728666305542
88   2.3248989582061768
89   1.6962779760360718
90   1.857004165649414
91   1.8173398971557617
92   1.828923225402832
93   1.8714286088943481
94   2.034562587738037
95   1.5981658697128296
96   2.0550434589385986
97   1.9030143022537231
98   1.5877550840377808
99   1.4819198846817017
100   1.6019768714904785
101   1.97437584400177
102   1.7110280990600586
103   2.188476085662842
104   1.5887919664382935
105   1.961737036705017
106   1.765017032623291
107   1.707668423652649
108   1.7288076877593994
109   1.9461709260940552
110   1.508286952972412
111   1.7402148246765137
112   1.8223600387573242
113   1.9326790571212769
114   1.3685612678527832
115   1.7861462831497192
116   1.708329200744629
117   1.214565634727478
118   1.5649473667144775
119   1.690408706665039
120   1.9530041217803955
121   2.612515687942505
122   2.4180502891540527
123   1.6576282978057861
124   1.7582499980926514
125   1.939251184463501
126   1.8435717821121216
127   1.4205507040023804
128   2.19504976272583
129   1.529063105583191
130   1.7628344297409058
131   1.4938465356826782
132   1.7563098669052124
133   1.597090244293213
134   1.5233718156814575
135   1.625488042831421
136   1.9114214181900024
137   1.991013765335083
138   1.49229097366333
139   1.4054930210113525
140   1.640091896057129
141   1.735981822013855
142   1.3858460187911987
143   1.7678371667861938
144   1.5261485576629639
145   1.8008623123168945
146   1.6080362796783447
147   1.836840033531189
148   1.562966227531433
149   1.7034409046173096
150   1.8968342542648315
151   2.0195841789245605
152   1.7361501455307007
153   1.6145800352096558
154   1.6132903099060059
155   1.6168595552444458
156   1.8684825897216797
157   1.4945547580718994
158   1.7777760028839111
159   1.552823781967163
160   1.6935112476348877
161   1.6666606664657593
162   1.9124391078948975
163   1.8152178525924683
164   1.6973932981491089
