0   0.0
1   0.20186753571033478
2   0.2050318717956543
3   0.20671072602272034
4   0.207406684756279
5   0.202032670378685
6   0.19664843380451202
7   0.20659154653549194
8   0.19731299579143524
9   0.2640646696090698
10   0.29935553669929504
11   0.440598726272583
12   0.5137205123901367
13   0.9994699358940125
14   1.808518886566162
15   2.2237343788146973
16   1.8770462274551392
17   2.169581174850464
18   1.8705466985702515
19   1.7388979196548462
20   1.9889698028564453
21   1.6363873481750488
22   1.7390497922897339
23   1.6918874979019165
24   1.5632379055023193
25   1.3810467720031738
26   1.4813027381896973
27   1.7666577100753784
28   1.5522412061691284
29   1.6402252912521362
30   1.9676038026809692
31   1.9120800495147705
32   1.6874459981918335
33   1.7062808275222778
34   1.7965240478515625
35   1.7921077013015747
36   2.303029775619507
37   1.613655924797058
38   1.7320117950439453
39   1.5072035789489746
40   1.786126732826233
41   1.6479681730270386
42   2.053370237350464
43   1.7399264574050903
44   1.5685746669769287
45   1.7705087661743164
46   2.5020103454589844
47   2.1377816200256348
48   2.0621490478515625
49   2.082458257675171
50   2.435279607772827
51   2.148465633392334
52   1.8393197059631348
53   1.7107162475585938
54   2.295421838760376
55   2.222543478012085
56   2.3702216148376465
57   2.592625856399536
58   2.343024730682373
59   2.2223691940307617
60   2.4109644889831543
61   2.125255823135376
62   2.3312134742736816
63   2.2797486782073975
64   2.117354154586792
65   1.5594151020050049
66   1.8336604833602905
67   1.679423213005066
68   1.931960940361023
69   1.6395808458328247
70   1.8927123546600342
71   1.7525999546051025
72   1.4870193004608154
73   1.8355790376663208
74   1.9281179904937744
75   1.451817512512207
76   1.7860804796218872
77   1.7153105735778809
78   1.6454260349273682
79   1.7390501499176025
80   1.6422407627105713
81   1.9115041494369507
82   2.0581178665161133
83   1.586836576461792
84   1.7590360641479492
85   1.9638391733169556
86   1.8714696168899536
87   1.5455366373062134
88   1.7754329442977905
89   1.6492054462432861
90   1.7421430349349976
91   1.75617516040802
92   1.3881105184555054
93   1.5164920091629028
94   2.0463669300079346
95   1.5951101779937744
96   1.9568840265274048
97   1.606683611869812
98   1.9617985486984253
99   1.4801950454711914
100   1.7784416675567627
101   1.8701763153076172
102   1.6951589584350586
103   1.9666579961776733
104   1.8631552457809448
105   2.4100284576416016
106   1.9849560260772705
107   1.8896006345748901
108   1.9455652236938477
109   1.8649245500564575
110   2.0700109004974365
111   2.0817112922668457
112   1.6949771642684937
113   1.879271388053894
114   1.510240912437439
115   2.241304397583008
116   2.38055682182312
117   1.7987126111984253
118   2.082841634750366
119   1.8682873249053955
120   1.7274184226989746
121   1.5556460618972778
122   1.761839747428894
123   1.6761949062347412
124   1.805264949798584
125   1.501420259475708
126   1.7103997468948364
127   1.6785465478897095
128   1.422457218170166
129   1.7427152395248413
130   1.7140235900878906
131   1.9060531854629517
132   1.9271459579467773
133   2.0900070667266846
134   2.07401704788208
135   1.9263421297073364
136   2.112076759338379
137   1.854096531867981
138   2.13041615486145
139   1.7733262777328491
140   1.8230721950531006
141   1.9976720809936523
142   2.44787335395813
143   1.7134419679641724
144   2.161407709121704
145   1.8698465824127197
146   1.9051347970962524
147   1.9501136541366577
148   1.871492624282837
149   2.239004373550415
150   1.608272671699524
151   1.6560240983963013
152   1.6536386013031006
153   1.5890753269195557
154   2.077401638031006
155   1.6802172660827637
156   1.8522576093673706
157   1.7673825025558472
158   1.2619670629501343
159   1.4305493831634521
160   1.9536446332931519
161   1.8722718954086304
162   2.037680149078369
163   1.764914870262146
164   2.068798542022705
165   1.75526762008667
166   1.6299324035644531
167   2.030679225921631
168   1.7620469331741333
169   1.8214081525802612
170   1.5471861362457275
171   1.7437344789505005
172   1.5960251092910767
173   1.8695497512817383
174   1.6189074516296387
175   1.842392921447754
176   1.947668433189392
177   2.0834591388702393
178   1.8025060892105103
179   1.9419629573822021
180   1.6212596893310547
181   1.687470555305481
182   2.0975048542022705
183   1.4669466018676758
184   1.4391134977340698
185   1.8087012767791748
186   2.1768364906311035
187   1.912304401397705
188   1.8314948081970215
189   2.0351388454437256
190   1.906740427017212
191   1.9434242248535156
192   1.4993373155593872
193   1.7758475542068481
194   1.5632215738296509
195   1.5983431339263916
196   1.9376789331436157
197   1.7277016639709473
198   1.695489764213562
199   1.7866491079330444
200   1.4629749059677124
201   1.734358310699463
202   1.6390182971954346
203   1.3311480283737183
204   1.5295802354812622
205   1.6936378479003906
206   1.7903300523757935
207   1.9406346082687378
208   1.5710262060165405
209   1.935938835144043
210   1.5973269939422607
211   1.7903528213500977
212   1.7243638038635254
213   1.8765305280685425
1   1.7985104322433472
2   1.795592188835144
3   1.8236430883407593
4   1.7454943656921387
5   1.5377542972564697
6   1.9168297052383423
7   2.4524195194244385
8   1.9218878746032715
9   1.8331958055496216
10   1.8328046798706055
11   2.0520870685577393
12   1.532576084136963
13   2.089858293533325
14   1.929389238357544
15   1.7852510213851929
16   1.8548176288604736
17   1.781467318534851
18   1.8576257228851318
19   1.7919257879257202
20   1.7684168815612793
1   1.8719255924224854
2   1.8806413412094116
3   1.930027723312378
4   1.879593849182129
5   1.6365442276000977
6   1.4397348165512085
7   1.8430687189102173
8   1.7558118104934692
9   1.7754203081130981
10   1.4654978513717651
11   1.6308705806732178
12   1.7330479621887207
13   1.9195507764816284
14   1.771986484527588
15   1.4960930347442627
16   1.687469244003296
17   1.9952024221420288
18   1.4352729320526123
19   1.6475578546524048
20   1.905139446258545
21   1.9461915493011475
22   1.778146505355835
23   1.7015564441680908
24   1.7704277038574219
25   1.6297721862792969
26   1.7158647775650024
27   1.6808050870895386
28   1.6260911226272583
29   1.6498608589172363
30   1.7315082550048828
31   1.7407724857330322
32   1.5973457098007202
33   1.7208166122436523
34   1.5977829694747925
35   1.7648130655288696
36   1.8986217975616455
37   1.6085346937179565
38   1.4150058031082153
39   1.9922617673873901
40   1.9892127513885498
41   2.0651674270629883
42   2.1185717582702637
43   1.6445764303207397
44   1.6235508918762207
45   1.7005747556686401
46   1.4959450960159302
47   1.9637737274169922
48   1.7443145513534546
49   1.8414840698242188
50   1.815215826034546
51   1.8998111486434937
52   1.8868597745895386
53   2.0972025394439697
54   1.9302362203598022
55   1.758322834968567
56   1.6216233968734741
57   2.08976149559021
58   1.5058693885803223
59   1.967979073524475
60   2.3156039714813232
61   1.7868460416793823
62   2.0953288078308105
63   2.0522544384002686
64   1.8374192714691162
65   1.8704890012741089
66   1.7310580015182495
67   1.6707937717437744
68   1.7994005680084229
69   1.850511908531189
70   1.715652346611023
71   1.8318477869033813
72   1.75953209400177
73   1.5793569087982178
74   1.9641529321670532
75   1.571674108505249
76   1.923527717590332
77   1.7433092594146729
78   2.004577398300171
79   1.5747740268707275
80   1.7592593431472778
81   1.966359257698059
82   2.1402251720428467
83   1.7472506761550903
84   1.6932405233383179
85   1.7258546352386475
86   1.6619237661361694
87   2.068075180053711
88   2.4221150875091553
89   1.9509726762771606
90   2.0193920135498047
91   2.3758859634399414
92   1.5963526964187622
93   1.9718347787857056
94   2.314162254333496
95   1.7915767431259155
96   1.897220492362976
97   1.8892265558242798
98   1.820420742034912
99   1.6455937623977661
100   1.6490827798843384
101   2.2392427921295166
102   1.7425787448883057
103   2.097701072692871
104   1.7513707876205444
105   2.303410768508911
106   2.3718926906585693
107   1.9381434917449951
108   2.0615150928497314
109   1.6809170246124268
110   1.7043168544769287
111   1.6826016902923584
112   1.9050236940383911
113   2.04413104057312
114   1.9459081888198853
115   2.117819309234619
116   1.8190926313400269
117   2.0271544456481934
118   1.8474010229110718
119   1.6543996334075928
120   1.5184566974639893
121   2.056100606918335
122   2.0888607501983643
123   1.4490125179290771
124   1.998346209526062
125   1.702889084815979
126   2.303042411804199
127   2.0729432106018066
128   1.8794442415237427
129   1.8461346626281738
130   1.7589000463485718
131   2.123908519744873
132   1.4371287822723389
133   1.9878036975860596
134   1.5364000797271729
135   1.8994932174682617
136   1.606216549873352
137   1.7709811925888062
138   1.8173298835754395
139   1.6514302492141724
140   1.9221014976501465
141   1.8462088108062744
142   1.6414647102355957
143   1.732101559638977
144   1.5743813514709473
145   1.7692053318023682
146   1.8079712390899658
147   1.7259272336959839
148   1.665091633796692
149   1.9170348644256592
150   1.6736831665039063
151   1.8787709474563599
152   1.9390262365341187
153   1.6795034408569336
154   1.864046573638916
155   1.6485772132873535
156   1.758474349975586
157   1.7682147026062012
158   1.621517300605774
159   1.8345595598220825
160   1.7486157417297363
1   1.9569873809814453
2   1.8165947198867798
3   1.697981834411621
4   1.5465853214263916
5   1.8566901683807373
6   1.9315513372421265
7   1.8276187181472778
8   1.7245337963104248
9   1.6976799964904785
10   1.5516197681427002
11   1.9082468748092651
12   1.6393035650253296
13   1.9832324981689453
14   1.4832794666290283
15   1.699645757675171
16   1.752720594406128
17   1.3925433158874512
18   1.5666126012802124
19   1.7008880376815796
20   1.5960363149642944
21   1.661482810974121
22   1.7238961458206177
23   1.7230970859527588
24   2.0069310665130615
25   1.5308350324630737
26   1.8770049810409546
27   2.4681317806243896
28   1.6069904565811157
29   2.025989055633545
30   2.001906394958496
31   1.8118345737457275
32   1.9821659326553345
33   1.8794766664505005
34   1.8836944103240967
35   2.3509299755096436
36   2.017366886138916
37   1.7125494480133057
38   1.8826804161071777
39   1.6806609630584717
40   1.9761559963226318
41   1.8746565580368042
42   1.9920343160629272
43   1.8074287176132202
44   1.756134271621704
45   1.6834027767181396
46   1.801592469215393
47   1.6231898069381714
48   1.5817011594772339
49   2.003673791885376
50   1.944109320640564
51   1.9117810726165771
52   1.8864831924438477
53   1.7324432134628296
54   2.0421581268310547
55   1.4137048721313477
56   1.280121088027954
57   1.5415756702423096
58   1.7830182313919067
59   1.867493987083435
60   1.8533203601837158
61   1.7453073263168335
62   1.726786494255066
63   1.6490936279296875
64   1.8962396383285522
65   1.5192114114761353
66   1.5219403505325317
67   1.4573603868484497
68   1.3806829452514648
69   1.2883824110031128
70   1.6807968616485596
71   1.5700955390930176
72   2.3075387477874756
73   1.4890110492706299
74   1.6287095546722412
75   2.1198036670684814
76   1.7443674802780151
77   1.6794878244400024
78   1.6927825212478638
79   1.4876601696014404
80   1.394582748413086
81   1.7234500646591187
82   1.8057286739349365
83   2.0104362964630127
84   1.537648320198059
85   1.7121862173080444
86   1.6224446296691895
87   1.7110446691513062
88   2.3466687202453613
89   1.6480127573013306
90   1.9401519298553467
91   1.843340516090393
92   1.885607361793518
93   2.0474114418029785
94   2.1472058296203613
95   1.5626753568649292
96   2.082183837890625
97   2.085056781768799
98   1.7296826839447021
99   1.6170063018798828
100   1.7420251369476318
101   2.0749294757843018
102   1.6757162809371948
103   2.253418445587158
104   1.5904223918914795
105   1.9578205347061157
106   1.89055597782135
107   1.6825425624847412
108   1.8965394496917725
109   2.105865478515625
110   1.5003005266189575
111   1.9379315376281738
112   1.8775397539138794
113   2.1214792728424072
114   1.4559147357940674
115   1.8041296005249023
116   1.7930744886398315
117   1.3176159858703613
118   1.6476986408233643
119   1.6842291355133057
120   2.0870630741119385
121   2.715388298034668
122   2.489586353302002
123   1.8022791147232056
124   1.8519253730773926
125   1.9124583005905151
126   1.8496534824371338
127   1.4106316566467285
128   2.2733359336853027
129   1.5606060028076172
130   1.8696786165237427
131   1.6349163055419922
132   1.8155251741409302
133   1.5425546169281006
134   1.4986789226531982
135   1.5665574073791504
136   1.998353123664856
137   1.916900873184204
138   1.6328456401824951
139   1.4303526878356934
140   1.6937413215637207
141   1.7273601293563843
142   1.4725302457809448
143   1.819107174873352
144   1.6721690893173218
145   2.052891492843628
146   1.80594003200531
147   1.9692860841751099
148   1.7496662139892578
149   1.773532509803772
150   1.9967844486236572
151   2.050220489501953
152   1.8799289464950562
153   1.6464698314666748
154   1.70365571975708
155   1.7428773641586304
156   1.941606879234314
157   1.6397842168807983
158   1.843043327331543
159   1.570844054222107
160   1.725054383277893
161   1.748073935508728
162   2.0228934288024902
163   1.953535556793213
164   1.771286129951477
