0   0.0
1   0.16025599837303162
2   0.21464474499225616
3   0.17383599281311035
4   0.21567484736442566
5   0.20573078095912933
6   0.2599555552005768
7   0.18134577572345734
8   0.1609720140695572
9   0.208760067820549
10   0.30656492710113525
11   0.6854116320610046
12   0.755420982837677
13   1.7189233303070068
14   1.5110650062561035
15   1.2831768989562988
16   1.9466859102249146
17   1.478041410446167
18   1.9931727647781372
19   2.0637834072113037
20   1.4689055681228638
21   1.2419935464859009
22   1.1583503484725952
23   1.3990858793258667
24   1.4960927963256836
25   1.8844157457351685
26   0.6446009874343872
27   1.2123759984970093
28   1.2283984422683716
29   1.2002754211425781
30   1.2765142917633057
31   1.6299999952316284
32   1.054843544960022
33   1.7058625221252441
34   1.5461233854293823
35   1.9187721014022827
36   1.165328025817871
37   1.4114588499069214
38   1.1013214588165283
39   1.1267509460449219
40   0.9956347346305847
41   1.0762749910354614
42   1.2468361854553223
43   1.726313829421997
44   1.780135989189148
45   0.9856352806091309
46   1.141879677772522
47   1.4493075609207153
48   1.0839552879333496
49   1.2682892084121704
50   1.460289716720581
51   1.3155654668807983
52   1.2690690755844116
53   1.2586157321929932
54   1.7523243427276611
55   2.2402145862579346
56   1.3395687341690063
57   0.9745563268661499
58   0.8762198686599731
59   1.253166675567627
60   1.5405793190002441
61   0.7787184119224548
62   1.2584764957427979
63   1.8280330896377563
64   1.3054884672164917
65   1.5670355558395386
66   1.4904825687408447
67   1.1763747930526733
68   1.001531958580017
69   1.0673872232437134
70   1.1876611709594727
71   1.0535578727722168
72   1.3414809703826904
73   1.111556887626648
74   1.3067598342895508
75   1.4572381973266602
76   1.4612787961959839
77   2.107307195663452
78   1.3348692655563354
79   1.4117786884307861
80   1.4105710983276367
81   1.5352648496627808
82   1.5625090599060059
83   1.2428867816925049
84   1.8246105909347534
85   1.615334391593933
86   1.2502375841140747
87   1.519318699836731
88   1.2129747867584229
89   0.9612129330635071
90   1.4733247756958008
91   1.4321202039718628
92   1.0873327255249023
93   1.4034110307693481
94   1.1063952445983887
95   1.6815317869186401
96   1.5004959106445313
97   1.1479800939559937
98   1.2687923908233643
99   1.7635051012039185
100   1.2403723001480103
101   0.9783604145050049
102   0.978655993938446
103   1.0943059921264648
104   0.7983073592185974
105   1.019270896911621
106   1.4114599227905273
107   1.3988957405090332
108   1.100649118423462
109   0.9683128595352173
110   1.9718633890151978
111   1.3598675727844238
112   1.0533721446990967
113   0.9582898616790771
114   1.012539267539978
115   0.8942031264305115
116   1.099452257156372
117   2.4141604900360107
118   1.513515830039978
119   1.3584085702896118
120   1.5723024606704712
121   1.2154344320297241
122   1.0021946430206299
123   1.1771610975265503
124   1.8794739246368408
125   1.575122356414795
126   1.4399539232254028
127   0.9188242554664612
128   0.9585208892822266
129   1.21896493434906
130   1.2703860998153687
131   1.5659726858139038
132   1.3901346921920776
133   1.659622311592102
134   1.8343398571014404
135   1.3529359102249146
136   1.217943549156189
137   1.0561448335647583
138   0.9025428295135498
139   1.0763410329818726
140   1.15776526927948
141   1.225597620010376
142   1.3223165273666382
143   1.0614687204360962
144   1.0588457584381104
145   1.3457329273223877
146   1.5342813730239868
147   0.9644474387168884
148   1.8921270370483398
149   1.09144127368927
150   1.820590853691101
151   1.3983864784240723
152   1.8079240322113037
153   1.57803475856781
154   2.02536940574646
155   1.3315091133117676
156   1.6469333171844482
157   1.5158274173736572
158   1.1411291360855103
159   1.3245283365249634
160   1.76326584815979
161   1.1409953832626343
162   1.4678086042404175
163   1.073091745376587
164   1.9831913709640503
165   0.836473286151886
166   1.9596413373947144
167   1.1887208223342896
168   1.9728374481201172
169   1.342808485031128
170   1.367656946182251
171   1.7604682445526123
172   1.552777886390686
173   1.273978352546692
174   1.2589609622955322
175   1.985474944114685
176   1.1073148250579834
177   1.3279831409454346
178   1.757262945175171
179   1.5878297090530396
180   1.9953423738479614
181   1.4850012063980103
182   1.2158658504486084
183   1.3775649070739746
184   1.8752361536026
185   0.9216899871826172
186   1.236154317855835
187   1.8628937005996704
188   1.7217382192611694
189   1.473323941230774
190   1.9224258661270142
191   1.3843588829040527
192   1.4294254779815674
193   1.4793951511383057
194   1.3244903087615967
195   1.169866919517517
196   0.9046546220779419
197   1.1180294752120972
198   1.1804128885269165
199   0.9604543447494507
200   1.9579124450683594
201   1.758956789970398
202   1.4334986209869385
203   1.260387659072876
204   1.3987034559249878
205   2.112403392791748
206   1.5717811584472656
207   1.4885131120681763
208   1.0352901220321655
209   1.409300446510315
210   1.1875474452972412
211   1.409249186515808
212   2.057568073272705
213   1.0753802061080933
1   1.7564314603805542
2   0.9138282537460327
3   1.2127825021743774
4   1.2898502349853516
5   0.8046374917030334
6   1.0292972326278687
7   1.3520963191986084
8   1.0723271369934082
9   1.8451274633407593
10   1.3438997268676758
11   1.3684812784194946
12   1.3275765180587769
13   1.3756730556488037
14   1.3041316270828247
15   1.6777734756469727
16   0.9611883759498596
17   1.0004733800888062
18   1.2398056983947754
19   1.001537561416626
20   1.4708043336868286
1   1.2135881185531616
2   1.080987811088562
3   0.9281333684921265
4   0.8847818374633789
5   1.0424628257751465
6   1.0459567308425903
7   1.116244912147522
8   1.0192052125930786
9   1.1428579092025757
10   1.1367802619934082
11   1.1334383487701416
12   0.9335845708847046
13   0.9990249872207642
14   1.1101325750350952
15   0.8782353401184082
16   1.0937373638153076
17   0.9734091758728027
18   0.9917571544647217
19   0.9790528416633606
20   1.1288491487503052
21   0.9236982464790344
22   0.9012657999992371
23   1.0077159404754639
24   1.051191806793213
25   0.8330590128898621
26   0.9500061273574829
27   1.0054879188537598
28   1.0248695611953735
29   0.8407450318336487
30   0.8914109468460083
31   1.2296336889266968
32   0.7934903502464294
33   1.3483620882034302
34   0.8249161839485168
35   1.0996628999710083
36   0.8682959675788879
37   1.0217523574829102
38   0.9689399600028992
39   1.088572382926941
40   1.1501904726028442
41   1.0825544595718384
42   1.1202322244644165
43   1.0403635501861572
44   1.0072981119155884
45   1.0112435817718506
46   1.0475704669952393
47   1.0585110187530518
48   1.1025023460388184
49   1.0292202234268188
50   0.9440369009971619
51   0.7854568362236023
52   0.9411798119544983
53   0.9925807118415833
54   1.2126325368881226
55   1.1018788814544678
56   1.1809076070785522
57   1.1774929761886597
58   0.8800222873687744
59   0.9439737796783447
60   1.0009783506393433
61   1.1061564683914185
62   0.9645443558692932
63   1.164043664932251
64   1.0759449005126953
65   0.8763501644134521
66   1.0642077922821045
67   1.2766358852386475
68   1.1009074449539185
69   0.9898300170898438
70   1.056873083114624
71   1.157178282737732
72   0.8840312361717224
73   1.2515370845794678
74   0.9837211966514587
75   1.0199134349822998
76   1.0255820751190186
77   1.1542911529541016
78   1.198767900466919
79   1.219496726989746
80   1.1881823539733887
81   0.8700207471847534
82   0.9799095988273621
83   1.0028268098831177
84   0.9874823689460754
85   1.0611776113510132
86   1.2740247249603271
87   1.124456524848938
88   1.2246458530426025
89   1.3695216178894043
90   1.1529277563095093
91   1.2983683347702026
92   1.1608521938323975
93   1.4088748693466187
94   1.2666114568710327
95   1.1036744117736816
96   1.3318606615066528
97   1.2205474376678467
98   1.2090539932250977
99   1.3634727001190186
100   1.307322382926941
101   1.2310330867767334
102   1.377210021018982
103   1.0145212411880493
104   1.162057876586914
105   0.8251816034317017
106   1.391847848892212
107   1.1334043741226196
108   1.2796812057495117
109   1.2404062747955322
110   1.3126589059829712
111   1.245147466659546
112   1.276429533958435
113   0.814186155796051
114   1.0406852960586548
115   0.958022952079773
116   0.9177354574203491
117   1.0770572423934937
118   0.8815711140632629
119   1.044446349143982
120   0.9124733209609985
121   1.1028436422348022
122   0.9756455421447754
123   1.0458483695983887
124   0.838373064994812
125   0.9501248598098755
126   1.160876989364624
127   1.1156649589538574
128   0.7569584250450134
129   1.0462383031845093
130   1.017948031425476
131   1.0538761615753174
132   0.998604953289032
133   1.0461612939834595
134   1.049472451210022
135   0.9616286754608154
136   0.9414985775947571
137   1.001049518585205
138   1.0561769008636475
139   0.9681217074394226
140   1.0695439577102661
141   1.1294043064117432
142   1.0394538640975952
143   0.9775442481040955
144   1.3408743143081665
145   1.048883080482483
146   0.9321845173835754
147   0.8966700434684753
148   0.9229797720909119
149   1.0255582332611084
150   0.9368407726287842
151   1.0690654516220093
152   0.881014883518219
153   1.0615226030349731
154   0.8724992871284485
155   0.9912917017936707
156   0.9955992102622986
157   0.9688968658447266
158   0.8235206007957458
159   1.0951873064041138
160   1.0209052562713623
1   1.038803219795227
2   1.2025607824325562
3   1.2696460485458374
4   0.9974966049194336
5   1.104756474494934
6   0.9098581075668335
7   0.9880937337875366
8   1.1644033193588257
9   1.0481406450271606
10   1.030395746231079
11   1.0579516887664795
12   1.0320261716842651
13   1.0266319513320923
14   1.0199270248413086
15   1.0669220685958862
16   1.1042402982711792
17   1.0365134477615356
18   1.1231104135513306
19   1.1690359115600586
20   1.0125186443328857
21   1.0303668975830078
22   1.0177890062332153
23   0.9293174147605896
24   1.1111186742782593
25   0.9107592105865479
26   1.3149995803833008
27   1.1272321939468384
28   0.926214873790741
29   0.9907962083816528
30   1.0939302444458008
31   0.8434836864471436
32   1.3804395198822021
33   1.2041083574295044
34   0.9589107632637024
35   1.2061686515808105
36   0.9110226035118103
37   1.0439757108688354
38   1.7029093503952026
39   1.1489529609680176
40   0.9720902442932129
41   0.9913818836212158
42   1.1449034214019775
43   0.9897400140762329
44   1.3101484775543213
45   1.4600974321365356
46   1.332556128501892
47   1.3095589876174927
48   1.4022223949432373
49   1.2917733192443848
50   1.2386656999588013
51   1.7272943258285522
52   1.5378742218017578
53   1.3879088163375854
54   1.0927714109420776
55   1.559173583984375
56   1.0190850496292114
57   1.269889235496521
58   1.5398344993591309
59   0.9870234131813049
60   1.6244479417800903
61   1.3855069875717163
62   1.2337207794189453
63   1.3083847761154175
64   1.499078631401062
65   1.467630386352539
66   1.1563756465911865
67   1.4398012161254883
68   1.676360011100769
69   1.3455822467803955
70   1.0957677364349365
71   1.9022607803344727
72   1.6589291095733643
73   1.7418978214263916
74   1.680679202079773
75   1.772934079170227
76   1.9879279136657715
77   1.429465889930725
78   1.5506824254989624
79   1.5247098207473755
80   1.3287999629974365
81   1.3972491025924683
82   1.3644986152648926
83   1.7037516832351685
84   1.6812633275985718
85   1.2294604778289795
86   1.1789780855178833
87   1.2290849685668945
88   0.9189477562904358
89   1.4453469514846802
90   0.981962263584137
91   1.7935158014297485
92   1.3093444108963013
93   1.1891735792160034
94   1.2233508825302124
95   1.8421186208724976
96   2.0899810791015625
97   1.3527644872665405
98   1.546336054801941
99   1.4407742023468018
100   1.1667944192886353
101   1.0763952732086182
102   1.1483200788497925
103   1.8671857118606567
104   1.0934985876083374
105   0.8882234692573547
106   0.634698748588562
107   1.5320079326629639
108   1.082661747932434
109   1.2980214357376099
110   1.2860939502716064
111   1.6956721544265747
112   1.2969352006912231
113   1.5015050172805786
114   1.6097583770751953
115   1.0010385513305664
116   0.851950466632843
117   1.3624097108840942
118   1.674130916595459
119   1.1501808166503906
120   0.960385262966156
121   0.774616003036499
122   1.2251498699188232
123   1.4263267517089844
124   0.9058564901351929
125   1.0686653852462769
126   0.9751048684120178
127   1.3272520303726196
128   0.8397290110588074
129   1.236222267150879
130   1.1259994506835938
131   0.9867698550224304
132   1.0774037837982178
133   0.9673765301704407
134   1.2530150413513184
135   0.9749746322631836
136   1.382439136505127
137   1.2929433584213257
138   1.3117501735687256
139   1.036207914352417
140   1.1312079429626465
141   1.2683736085891724
142   1.1281923055648804
143   1.157330870628357
144   0.9130632281303406
145   0.7446130514144897
146   1.0249689817428589
147   0.8627610206604004
148   1.1444284915924072
149   0.9908890724182129
150   0.9407950639724731
151   1.2295148372650146
152   1.3330985307693481
153   0.9601845741271973
154   1.188094973564148
155   0.9224417209625244
156   1.1542398929595947
157   1.0956445932388306
158   0.9431321024894714
159   1.1991289854049683
160   1.1228610277175903
161   1.1145905256271362
162   0.9053261280059814
163   0.9363123178482056
164   1.0200798511505127
