0   0.0
1   0.20819957554340363
2   0.1995852291584015
3   0.20566272735595703
4   0.20092691481113434
5   0.20508377254009247
6   0.2002512514591217
7   0.20396417379379272
8   0.20618261396884918
9   0.238103985786438
10   0.2887556552886963
11   0.43613848090171814
12   0.5024883151054382
13   1.0211091041564941
14   1.93373441696167
15   1.5857868194580078
16   2.4452011585235596
17   1.8506699800491333
18   1.4586859941482544
19   1.4281103610992432
20   1.8258640766143799
21   1.8418755531311035
22   1.6607874631881714
23   2.111208438873291
24   1.9786444902420044
25   1.9078822135925293
26   2.003272533416748
27   1.806283712387085
28   1.8341584205627441
29   1.7903977632522583
30   2.2067949771881104
31   2.811931848526001
32   1.6726462841033936
33   2.317946672439575
34   1.8552740812301636
35   1.9289432764053345
36   1.781691551208496
37   1.9666197299957275
38   1.7670421600341797
39   1.8223179578781128
40   1.6364054679870605
41   1.453870415687561
42   1.7787591218948364
43   2.0258851051330566
44   2.1125357151031494
45   1.7706122398376465
46   1.8890002965927124
47   1.5760167837142944
48   1.6228517293930054
49   1.4233098030090332
50   1.9853553771972656
51   1.7819286584854126
52   1.4702723026275635
53   1.6215440034866333
54   2.094555377960205
55   2.5442278385162354
56   1.9367064237594604
57   2.0308921337127686
58   1.877012848854065
59   2.119992733001709
60   1.813387155532837
61   1.7175654172897339
62   1.8671857118606567
63   2.59218168258667
64   2.26397442817688
65   2.570420503616333
66   1.906075119972229
67   1.9027179479599
68   1.9012186527252197
69   2.0593409538269043
70   1.67972993850708
71   1.8424688577651978
72   1.9837675094604492
73   1.7352341413497925
74   1.993600606918335
75   2.0389084815979004
76   1.7780154943466187
77   2.5477135181427
78   2.1962852478027344
79   1.847977876663208
80   2.0752065181732178
81   2.121304512023926
82   1.9278019666671753
83   1.6659173965454102
84   2.2106881141662598
85   2.5054426193237305
86   1.8533934354782104
87   2.177396297454834
88   2.2932589054107666
89   1.8043018579483032
90   1.9400553703308105
91   2.043212413787842
92   1.8892300128936768
93   1.8529784679412842
94   1.8318202495574951
95   1.9857465028762817
96   1.8958419561386108
97   1.8008390665054321
98   1.7560067176818848
99   1.7475143671035767
100   1.4098559617996216
101   1.9299042224884033
102   1.8636068105697632
103   1.526803970336914
104   1.8807109594345093
105   1.9512778520584106
106   2.0349345207214355
107   1.6575913429260254
108   2.3158562183380127
109   1.928971529006958
110   2.656071662902832
111   2.3497440814971924
112   2.6537063121795654
113   2.327799081802368
114   2.6217029094696045
115   2.819169044494629
116   2.4815850257873535
117   3.522085189819336
118   2.3368449211120605
119   2.3342249393463135
120   2.4023170471191406
121   2.6935150623321533
122   2.5282182693481445
123   2.5638351440429688
124   2.768949270248413
125   2.619466543197632
126   2.885303497314453
127   2.4996018409729004
128   2.534593105316162
129   2.4275622367858887
130   2.590888023376465
131   2.360581159591675
132   2.5163071155548096
133   2.571854829788208
134   2.9080348014831543
135   2.679319381713867
136   2.8546338081359863
137   2.347440242767334
138   2.2319893836975098
139   2.1072568893432617
140   2.298400402069092
141   2.656205415725708
142   2.441584587097168
143   2.4832684993743896
144   2.066000461578369
145   2.6159884929656982
146   2.551677942276001
147   2.2650928497314453
148   2.6174886226654053
149   2.844475269317627
150   3.14751935005188
151   2.9022300243377686
152   2.92313551902771
153   2.656254291534424
154   3.1447665691375732
155   2.9527997970581055
156   2.657555341720581
157   2.8524203300476074
158   2.753418445587158
159   2.8044421672821045
160   2.886807918548584
161   2.9646737575531006
162   3.055370330810547
163   2.643991708755493
164   2.9269275665283203
165   2.759678363800049
166   2.7796993255615234
167   2.6737687587738037
168   3.3489491939544678
169   2.70711350440979
170   2.7717905044555664
171   2.93288254737854
172   2.6787147521972656
173   2.9268760681152344
174   2.8233141899108887
175   3.031111478805542
176   2.7933263778686523
177   2.8517727851867676
178   2.8713715076446533
179   2.7204182147979736
180   2.8253121376037598
181   2.753115653991699
182   2.610114812850952
183   3.019998550415039
184   3.0511691570281982
185   2.5857114791870117
186   2.5018863677978516
187   2.93109393119812
188   2.8629705905914307
189   2.919405460357666
190   3.1602783203125
191   2.73333740234375
192   2.8871712684631348
193   2.8544108867645264
194   2.8430027961730957
195   2.5471670627593994
196   2.7662487030029297
197   2.7502872943878174
198   2.8320834636688232
199   2.7319765090942383
200   3.0921101570129395
201   2.888806104660034
202   2.914271593093872
203   2.8731937408447266
204   2.970201253890991
205   3.3861682415008545
206   2.9395382404327393
207   2.6548972129821777
208   2.934680938720703
209   2.630800247192383
210   2.8167104721069336
211   2.7455852031707764
212   2.845762252807617
213   2.7783234119415283
1   2.7851104736328125
2   2.9526143074035645
3   2.9387550354003906
4   3.3298380374908447
5   2.974356174468994
6   3.0442821979522705
7   2.8468329906463623
8   3.028268337249756
9   2.841435194015503
10   3.0758440494537354
11   2.6841537952423096
12   2.782573699951172
13   2.756222724914551
14   2.984640121459961
15   2.8038716316223145
16   2.6685516834259033
17   2.7805612087249756
18   2.8394198417663574
19   2.696338653564453
20   3.0651133060455322
1   3.111121416091919
2   2.902311325073242
3   2.6660237312316895
4   2.527128219604492
5   2.9209580421447754
6   2.7059924602508545
7   3.0676887035369873
8   2.727837324142456
9   2.5216052532196045
10   2.5769591331481934
11   3.034775972366333
12   2.7255239486694336
13   3.1988282203674316
14   2.9997127056121826
15   2.898653507232666
16   2.969203472137451
17   2.788663148880005
18   2.964475631713867
19   2.8289413452148438
20   2.7979722023010254
21   3.0729289054870605
22   2.840738296508789
23   2.743741035461426
24   2.7542641162872314
25   2.777193546295166
26   2.728245496749878
27   2.927718162536621
28   2.7254414558410645
29   2.553004264831543
30   2.6947951316833496
31   2.8952584266662598
32   2.7152512073516846
33   2.8718323707580566
34   2.7819156646728516
35   2.7365033626556396
36   2.5875186920166016
37   2.476527690887451
38   2.7521002292633057
39   3.12119722366333
40   2.622108221054077
41   2.4536774158477783
42   2.6277077198028564
43   2.349193811416626
44   2.294126272201538
45   2.452885389328003
46   2.3481733798980713
47   2.230340003967285
48   2.5958361625671387
49   2.3443350791931152
50   2.452526807785034
51   2.3456308841705322
52   2.508716344833374
53   2.73976469039917
54   2.4440863132476807
55   2.5748071670532227
56   2.3688907623291016
57   2.3774397373199463
58   2.5254859924316406
59   2.4424126148223877
60   2.504995107650757
61   2.7937569618225098
62   2.712022304534912
63   2.597022771835327
64   2.4270684719085693
65   2.6451210975646973
66   2.1863725185394287
67   2.5991551876068115
68   2.5538580417633057
69   2.2690868377685547
70   2.0219943523406982
71   2.4769294261932373
72   2.778496503829956
73   2.2575454711914063
74   2.4311342239379883
75   2.392108678817749
76   2.1990888118743896
77   2.718092918395996
78   2.554521083831787
79   2.6697771549224854
80   2.6806836128234863
81   2.5032107830047607
82   2.7268152236938477
83   2.2561049461364746
84   2.1933367252349854
85   2.9470982551574707
86   2.645622491836548
87   2.8534324169158936
88   2.742734670639038
89   2.8871970176696777
90   2.5913853645324707
91   2.574791431427002
92   2.2165589332580566
93   2.361764907836914
94   2.4860079288482666
95   2.471446990966797
96   2.329133987426758
97   2.3889479637145996
98   2.3790667057037354
99   2.2385854721069336
100   1.9769443273544312
101   2.1184744834899902
102   2.287388801574707
103   2.1089701652526855
104   2.630521535873413
105   2.6320550441741943
106   2.4871103763580322
107   2.365039348602295
108   2.716909408569336
109   2.259967565536499
110   2.092519521713257
111   2.4984893798828125
112   2.2680418491363525
113   2.423266887664795
114   2.6420974731445313
115   2.95627760887146
116   2.643404245376587
117   2.4564249515533447
118   2.4435806274414063
119   2.2711522579193115
120   2.3311538696289063
121   2.4241175651550293
122   2.659452438354492
123   2.3166401386260986
124   2.2919297218322754
125   2.148289203643799
126   1.9377589225769043
127   2.541480302810669
128   2.2749290466308594
129   2.231168508529663
130   2.1826295852661133
131   1.8700299263000488
132   2.044456720352173
133   2.075406312942505
134   1.9268178939819336
135   1.9262324571609497
136   1.9488338232040405
137   2.1718363761901855
138   1.8184772729873657
139   2.3667266368865967
140   2.066124200820923
141   2.2544424533843994
142   2.209773063659668
143   2.0549464225769043
144   2.2382614612579346
145   1.945627212524414
146   1.9243043661117554
147   1.9719831943511963
148   2.290898561477661
149   2.2745518684387207
150   2.065711259841919
151   2.2825706005096436
152   2.2393364906311035
153   2.0474605560302734
154   2.056731700897217
155   1.9989935159683228
156   1.9440875053405762
157   1.8723881244659424
158   1.8366068601608276
159   2.034391164779663
160   2.105959892272949
1   3.262016534805298
2   3.1639864444732666
3   2.7626216411590576
4   2.8298473358154297
5   2.9509999752044678
6   2.857395648956299
7   2.690131664276123
8   2.7003331184387207
9   2.668142318725586
10   2.766103744506836
11   3.0234413146972656
12   3.061453342437744
13   2.858492374420166
14   2.7548961639404297
15   2.61875057220459
16   2.7449095249176025
17   2.644061326980591
18   2.975724458694458
19   3.0204222202301025
20   3.2720491886138916
21   3.074141263961792
22   2.95998477935791
23   2.9211103916168213
24   2.638284683227539
25   2.905580759048462
26   2.9103212356567383
27   2.867000102996826
28   3.169851064682007
29   2.7853214740753174
30   3.024362087249756
31   2.8143551349639893
32   2.8669939041137695
33   3.0003130435943604
34   2.864077568054199
35   2.810422658920288
36   2.923525810241699
37   2.7304563522338867
38   2.637718677520752
39   2.626657485961914
40   2.704233407974243
41   2.8547253608703613
42   2.70590877532959
43   2.7403085231781006
44   2.807584762573242
45   2.9277937412261963
46   3.0631103515625
47   3.1084253787994385
48   3.0970115661621094
49   3.347020387649536
50   3.303229808807373
51   3.370384693145752
52   3.1433632373809814
53   3.481586456298828
54   2.8678622245788574
55   3.1334588527679443
56   2.620304822921753
57   2.895782232284546
58   2.9044606685638428
59   2.871938943862915
60   2.717924118041992
61   2.5686190128326416
62   2.639035701751709
63   2.7139811515808105
64   2.6733651161193848
65   2.6996941566467285
66   2.7775816917419434
67   2.559433937072754
68   2.8452391624450684
69   2.706650495529175
70   2.6546833515167236
71   2.8450541496276855
72   2.7970657348632813
73   2.886389970779419
74   2.6763110160827637
75   2.7604362964630127
76   2.827702283859253
77   2.7238540649414063
78   2.5908703804016113
79   2.682837724685669
80   2.7479825019836426
81   2.6935603618621826
82   2.5893125534057617
83   2.8297348022460938
84   2.7198288440704346
85   2.6185193061828613
86   2.714545488357544
87   2.6289994716644287
88   2.791780948638916
89   2.796966791152954
90   2.970421314239502
91   3.0924129486083984
92   2.8531887531280518
93   2.89436674118042
94   2.8461689949035645
95   2.9888479709625244
96   2.7526016235351563
97   2.8526995182037354
98   3.2514288425445557
99   3.0462589263916016
100   3.0489885807037354
101   2.6732752323150635
102   2.9365854263305664
103   3.1960384845733643
104   3.0190181732177734
105   2.699626922607422
106   2.597975254058838
107   2.969743013381958
108   2.6100316047668457
109   2.7475969791412354
110   2.9590225219726563
111   2.8523173332214355
112   2.4450860023498535
113   2.6575732231140137
114   2.859602451324463
115   2.4307610988616943
116   2.526317596435547
117   3.0174710750579834
118   3.058560609817505
119   2.923306941986084
120   2.6403660774230957
121   2.57871413230896
122   2.5738587379455566
123   2.952483654022217
124   2.7889208793640137
125   2.3999650478363037
126   2.6794307231903076
127   2.5156285762786865
128   2.771188259124756
129   2.665557861328125
130   2.7883541584014893
131   2.5011775493621826
132   2.6888110637664795
133   2.5263893604278564
134   2.7326769828796387
135   2.688781499862671
136   2.769155979156494
137   2.696274757385254
138   2.5075314044952393
139   2.708972454071045
140   2.685764789581299
141   2.8455393314361572
142   2.3294267654418945
143   2.72381329536438
144   2.6077895164489746
145   2.569985866546631
146   2.593960762023926
147   2.440873622894287
148   2.67413330078125
149   2.4915356636047363
150   2.529900550842285
151   2.662358283996582
152   2.763359308242798
153   2.5528407096862793
154   2.6986842155456543
155   2.649685859680176
156   2.5454518795013428
157   2.550060510635376
158   2.516493797302246
159   2.479642868041992
160   2.395519971847534
161   2.2880783081054688
162   2.5554466247558594
163   2.725926160812378
164   2.4391844272613525
