0   0.0
1   0.17222972214221954
2   0.17760895192623138
3   0.19061243534088135
4   0.18433687090873718
5   0.18837827444076538
6   0.18163412809371948
7   0.18222075700759888
8   0.18218158185482025
9   0.20875447988510132
10   0.2426631599664688
11   0.3755829930305481
12   0.4631521701812744
13   1.056145191192627
14   1.9163050651550293
15   1.7707759141921997
16   2.552262306213379
17   1.8757110834121704
18   1.3617146015167236
19   1.369020700454712
20   1.9325796365737915
21   1.859043002128601
22   1.6342469453811646
23   2.159630060195923
24   2.1942172050476074
25   1.9314701557159424
26   2.0620687007904053
27   1.9951902627944946
28   1.9847215414047241
29   1.9073638916015625
30   2.315180540084839
31   2.954777717590332
32   1.7933690547943115
33   2.3061869144439697
34   1.9162887334823608
35   1.9721261262893677
36   1.902548909187317
37   2.090693473815918
38   1.84298574924469
39   1.9067236185073853
40   1.6711583137512207
41   1.4552254676818848
42   1.8840222358703613
43   2.1754374504089355
44   2.1220571994781494
45   1.9167464971542358
46   2.0393075942993164
47   1.71234130859375
48   1.7731670141220093
49   1.5168379545211792
50   2.06135892868042
51   1.975709080696106
52   1.6287875175476074
53   1.7976710796356201
54   2.2487597465515137
55   2.568171262741089
56   2.036179304122925
57   2.27882719039917
58   2.0442111492156982
59   2.270866632461548
60   1.915520429611206
61   1.808104395866394
62   1.9504749774932861
63   2.4052181243896484
64   2.217066764831543
65   2.569563627243042
66   1.8759669065475464
67   1.9258884191513062
68   2.0892066955566406
69   2.1494953632354736
70   1.8260283470153809
71   1.8972969055175781
72   2.064727783203125
73   1.771610140800476
74   2.0192551612854004
75   2.1837170124053955
76   1.8433270454406738
77   2.6205661296844482
78   2.326294422149658
79   1.8660823106765747
80   2.161682367324829
81   2.1620960235595703
82   2.007542610168457
83   1.7924529314041138
84   2.298152208328247
85   2.7595326900482178
86   1.9330285787582397
87   2.2111668586730957
88   2.4421284198760986
89   1.881881594657898
90   1.8968178033828735
91   2.008776903152466
92   1.9764236211776733
93   1.9336793422698975
94   1.929608941078186
95   2.0346486568450928
96   1.9365460872650146
97   1.9792633056640625
98   1.8320605754852295
99   1.8235818147659302
100   1.517320990562439
101   2.1197736263275146
102   1.8857413530349731
103   1.5084705352783203
104   1.9552741050720215
105   1.9297096729278564
106   2.0456786155700684
107   1.635743260383606
108   2.2517454624176025
109   1.6429418325424194
110   2.4978456497192383
111   2.1033785343170166
112   2.4136435985565186
113   2.0326051712036133
114   2.414299726486206
115   2.7014224529266357
116   2.2586328983306885
117   3.311846971511841
118   1.9878262281417847
119   2.1810967922210693
120   2.188819646835327
121   2.551614761352539
122   2.3809449672698975
123   2.5322210788726807
124   2.591001510620117
125   2.4958865642547607
126   2.610891103744507
127   2.3093807697296143
128   2.436155080795288
129   2.275517463684082
130   2.396087169647217
131   1.973926067352295
132   2.278085708618164
133   2.3383030891418457
134   2.771028518676758
135   2.2059309482574463
136   2.6857669353485107
137   2.106628656387329
138   2.1090188026428223
139   1.788454532623291
140   2.15641450881958
141   2.4765987396240234
142   2.3132822513580322
143   2.339325428009033
144   1.924914836883545
145   2.5779190063476563
146   2.438782215118408
147   1.9589557647705078
148   2.3669676780700684
149   2.520949602127075
150   2.7200136184692383
151   2.505474805831909
152   2.465471029281616
153   2.296539068222046
154   2.800077438354492
155   2.614166498184204
156   1.9030500650405884
157   2.338611602783203
158   2.5097897052764893
159   2.493687868118286
160   2.462705612182617
161   2.6248955726623535
162   2.844595432281494
163   2.3017046451568604
164   2.794314384460449
165   1.951424241065979
166   2.5454254150390625
167   2.2500598430633545
168   3.171143054962158
169   2.0442054271698
170   2.272036552429199
171   2.4236159324645996
172   2.2064156532287598
173   2.4168574810028076
174   2.545767307281494
175   2.7581989765167236
176   2.409888505935669
177   2.5404891967773438
178   2.4140098094940186
179   2.2662620544433594
180   2.4446535110473633
181   2.351839780807495
182   1.9741191864013672
183   2.7573184967041016
184   2.7268314361572266
185   2.001443386077881
186   2.0979256629943848
187   2.5895562171936035
188   2.639023542404175
189   2.5705058574676514
190   2.8483691215515137
191   2.320680856704712
192   2.377415180206299
193   2.6141319274902344
194   2.47652530670166
195   2.062011241912842
196   2.188549757003784
197   2.4069273471832275
198   2.4393255710601807
199   2.4386279582977295
200   2.9636378288269043
201   2.6574888229370117
202   2.6018383502960205
203   2.5720043182373047
204   2.6101081371307373
205   3.102570056915283
206   2.6033806800842285
207   1.9837106466293335
208   2.6621367931365967
209   2.119220018386841
210   2.29599928855896
211   2.2278339862823486
212   2.492762804031372
213   2.2251858711242676
1   2.3716142177581787
2   2.433899164199829
3   2.5690267086029053
4   3.2034406661987305
5   2.399632453918457
6   2.1418344974517822
7   2.3529040813446045
8   2.6607677936553955
9   2.1007590293884277
10   2.795095205307007
11   2.1377410888671875
12   2.1163556575775146
13   2.523002862930298
14   2.7142527103424072
15   2.2782387733459473
16   2.1835217475891113
17   2.1733291149139404
18   2.501838207244873
19   2.437244176864624
20   3.0375077724456787
1   2.978933572769165
2   2.714970350265503
3   2.1536858081817627
4   1.789111852645874
5   2.5604894161224365
6   2.189913272857666
7   2.8295607566833496
8   2.423172950744629
9   1.7926523685455322
10   2.1712937355041504
11   2.8215363025665283
12   2.5273823738098145
13   3.36661696434021
14   2.9543564319610596
15   2.7960197925567627
16   2.903956890106201
17   2.5886874198913574
18   2.9929440021514893
19   2.688323497772217
20   2.6261699199676514
21   3.0146636962890625
22   2.5797879695892334
23   2.5130467414855957
24   2.3469479084014893
25   2.2517592906951904
26   2.3217368125915527
27   2.9292173385620117
28   2.6871821880340576
29   1.9302482604980469
30   2.11022686958313
31   2.7718372344970703
32   2.3503270149230957
33   2.6180596351623535
34   2.553999900817871
35   2.144803762435913
36   2.334268569946289
37   1.9305775165557861
38   2.5851829051971436
39   2.8929636478424072
40   2.3107547760009766
41   2.306549072265625
42   2.3842527866363525
43   2.1866888999938965
44   2.206040859222412
45   2.2747819423675537
46   2.147468090057373
47   2.065161943435669
48   2.5331358909606934
49   2.164163589477539
50   2.170581817626953
51   2.1267056465148926
52   2.263115167617798
53   2.7453794479370117
54   2.3549039363861084
55   2.4150354862213135
56   2.125540256500244
57   2.1936604976654053
58   2.398535966873169
59   2.287792682647705
60   2.3345680236816406
61   2.5962393283843994
62   2.545422315597534
63   2.539433479309082
64   2.3941478729248047
65   2.3917105197906494
66   2.217860698699951
67   2.6140596866607666
68   2.421592950820923
69   2.1340341567993164
70   1.8370407819747925
71   2.3230676651000977
72   2.646536350250244
73   2.028529405593872
74   2.108278274536133
75   2.4310712814331055
76   2.0226945877075195
77   2.5384581089019775
78   2.2961654663085938
79   2.548980236053467
80   2.6574578285217285
81   2.378849744796753
82   2.581275463104248
83   2.0362308025360107
84   2.027296543121338
85   2.805304765701294
86   2.5534491539001465
87   2.6460347175598145
88   2.5485544204711914
89   2.567512035369873
90   2.4230432510375977
91   2.3073935508728027
92   1.9279608726501465
93   2.122819662094116
94   2.1965906620025635
95   2.2837319374084473
96   2.097642660140991
97   2.1521332263946533
98   2.069807291030884
99   2.003674030303955
100   1.7533687353134155
101   1.7724651098251343
102   2.038398027420044
103   1.7334253787994385
104   2.3642303943634033
105   2.3741137981414795
106   1.9838411808013916
107   1.8904426097869873
108   2.1530234813690186
109   1.7204668521881104
110   1.6217894554138184
111   2.188321352005005
112   1.9065302610397339
113   2.136538028717041
114   2.4107730388641357
115   2.711076498031616
116   2.435371160507202
117   2.117142915725708
118   2.075556993484497
119   1.9628286361694336
120   2.0122263431549072
121   2.2030422687530518
122   2.4840080738067627
123   2.0549798011779785
124   1.8660292625427246
125   1.85337233543396
126   1.8462015390396118
127   2.393453359603882
128   2.0788326263427734
129   2.0533530712127686
130   2.062114715576172
131   1.6093839406967163
132   1.7680715322494507
133   1.893924593925476
134   1.834735631942749
135   1.5929878950119019
136   1.663638949394226
137   1.9579429626464844
138   1.571424126625061
139   2.1699228286743164
140   1.917758584022522
141   2.1996514797210693
142   1.8830335140228271
143   1.888793706893921
144   2.1183440685272217
145   1.653281331062317
146   1.6966588497161865
147   1.7793229818344116
148   2.181575298309326
149   1.9426462650299072
150   1.7496743202209473
151   2.015197515487671
152   2.0275752544403076
153   1.816562533378601
154   1.7393110990524292
155   1.8062912225723267
156   1.6877409219741821
157   1.5834091901779175
158   1.5532770156860352
159   1.773447036743164
160   1.8333215713500977
1   3.156998872756958
2   3.0766775608062744
3   2.438598871231079
4   2.477945327758789
5   2.8110828399658203
6   2.680922508239746
7   2.5678515434265137
8   2.4841713905334473
9   2.4028284549713135
10   2.5718367099761963
11   2.9533936977386475
12   2.958155870437622
13   2.821052074432373
14   2.5965569019317627
15   2.252230167388916
16   2.418179512023926
17   2.178528070449829
18   2.680349826812744
19   2.880324602127075
20   3.1867151260375977
21   2.810558319091797
22   2.831761598587036
23   2.7387688159942627
24   2.331211566925049
25   2.898829460144043
26   2.8044872283935547
27   2.6674535274505615
28   3.268239736557007
29   2.667945146560669
30   2.7677602767944336
31   2.53884220123291
32   2.8197274208068848
33   3.0019443035125732
34   2.7429449558258057
35   2.610691785812378
36   2.693899154663086
37   2.525624990463257
38   2.3606746196746826
39   2.313628911972046
40   2.4313435554504395
41   2.4842071533203125
42   2.5259315967559814
43   2.2942748069763184
44   2.723517894744873
45   2.945967674255371
46   3.0278451442718506
47   2.8444769382476807
48   2.7172694206237793
49   3.1597907543182373
50   3.2494616508483887
51   3.311497926712036
52   3.010981559753418
53   3.2393181324005127
54   2.397674083709717
55   2.7900164127349854
56   2.166858196258545
57   2.6694462299346924
58   2.437623977661133
59   2.6224286556243896
60   2.2254629135131836
61   2.2520205974578857
62   2.282158613204956
63   2.660356044769287
64   2.269265651702881
65   2.303473949432373
66   2.3506124019622803
67   2.1061136722564697
68   2.480848789215088
69   2.3801770210266113
70   2.344888210296631
71   2.472273826599121
72   2.536526918411255
73   2.7226366996765137
74   2.3026928901672363
75   2.3847930431365967
76   2.5035853385925293
77   2.4504313468933105
78   2.369243860244751
79   2.341031312942505
80   2.5344128608703613
81   2.4962925910949707
82   2.3023695945739746
83   2.7684977054595947
84   2.638153553009033
85   2.283900260925293
86   2.680046558380127
87   2.3141143321990967
88   2.4957423210144043
89   2.3300857543945313
90   2.649947166442871
91   2.620407819747925
92   2.584502935409546
93   2.404336452484131
94   2.714107036590576
95   2.863525390625
96   2.757229804992676
97   2.677764892578125
98   3.1154110431671143
99   2.8918023109436035
100   2.8045263290405273
101   2.422621726989746
102   2.8240091800689697
103   3.005408763885498
104   2.932586669921875
105   2.5928618907928467
106   2.3964734077453613
107   2.7387855052948
108   2.385725259780884
109   2.7531545162200928
110   2.8728749752044678
111   2.647826910018921
112   2.1380679607391357
113   2.4573585987091064
114   2.7253549098968506
115   2.0763895511627197
116   2.351458787918091
117   2.860463857650757
118   2.8798158168792725
119   2.738659620285034
120   2.555539608001709
121   2.1136152744293213
122   2.4652669429779053
123   2.742107391357422
124   2.514404058456421
125   2.2192368507385254
126   2.5511322021484375
127   2.348606824874878
128   2.648806571960449
129   2.416621208190918
130   2.7340657711029053
131   2.380342483520508
132   2.5280487537384033
133   2.2493762969970703
134   2.6358590126037598
135   2.4035868644714355
136   2.6686646938323975
137   2.5489661693573
138   2.278571605682373
139   2.522869348526001
140   2.5485856533050537
141   2.7670786380767822
142   2.1589157581329346
143   2.5767526626586914
144   2.2202837467193604
145   2.3737435340881348
146   2.369863986968994
147   2.205219030380249
148   2.3810086250305176
149   2.2150323390960693
150   2.25449800491333
151   2.505124568939209
152   2.591383457183838
153   2.390007734298706
154   2.589343547821045
155   2.441361427307129
156   2.3247692584991455
157   2.1957473754882813
158   2.2323362827301025
159   2.148674249649048
160   2.0628578662872314
161   1.983068823814392
162   2.3680410385131836
163   2.468599319458008
164   2.0899994373321533
