0   15.798117637634277
1   15.78788948059082
2   15.779885292053223
3   15.794448852539063
4   15.787383079528809
5   15.799736976623535
6   15.825887680053711
7   15.799762725830078
8   15.809786796569824
9   15.803476333618164
10   15.801146507263184
11   15.73976993560791
12   15.799971580505371
13   15.902843475341797
14   15.60464859008789
15   15.921977043151855
16   15.705506324768066
17   15.420988082885742
18   15.546822547912598
19   15.690484046936035
20   15.781681060791016
21   15.621552467346191
22   15.491353034973145
23   15.48928451538086
24   15.513558387756348
25   15.459375381469727
26   15.503153800964355
27   15.547882080078125
28   15.447746276855469
29   15.625787734985352
30   15.408111572265625
31   15.58270263671875
32   15.245203018188477
33   15.545058250427246
34   15.22722053527832
35   15.554373741149902
36   15.388702392578125
37   15.58593463897705
38   15.685097694396973
39   15.55319881439209
40   15.239943504333496
41   15.40123176574707
42   15.675731658935547
43   15.413411140441895
44   15.70143985748291
45   15.460935592651367
46   15.451515197753906
47   15.22089958190918
48   15.446481704711914
49   15.363340377807617
50   15.250731468200684
51   15.817669868469238
52   15.667210578918457
53   15.68580150604248
54   15.532018661499023
55   15.818769454956055
56   15.667231559753418
57   15.68557357788086
58   15.54749870300293
59   15.576534271240234
60   15.474933624267578
61   15.475075721740723
62   15.50684642791748
63   15.682731628417969
64   15.566450119018555
65   15.366935729980469
66   15.462428092956543
67   15.526651382446289
68   15.485514640808105
69   15.535652160644531
70   15.635274887084961
71   15.49891471862793
72   15.675113677978516
73   15.616270065307617
74   15.63963508605957
75   15.700730323791504
76   15.48284912109375
77   15.83957290649414
78   15.545851707458496
79   15.347748756408691
80   15.499608039855957
81   15.716632843017578
82   15.52622127532959
83   15.889935493469238
84   15.676115036010742
85   15.530841827392578
86   15.72461223602295
87   15.613158226013184
88   15.585552215576172
89   15.615568161010742
90   16.01723861694336
91   15.828495979309082
92   15.441102027893066
93   15.690994262695313
94   15.494937896728516
95   15.696398735046387
96   15.725947380065918
97   15.821767807006836
98   15.890645980834961
99   15.84294605255127
100   15.707627296447754
101   15.70902156829834
102   15.674057960510254
103   15.484231948852539
104   15.402148246765137
105   15.755021095275879
106   15.75845718383789
107   15.812253952026367
108   15.49480152130127
109   15.394046783447266
110   15.312807083129883
111   15.365211486816406
112   15.478097915649414
113   15.306136131286621
114   15.561627388000488
115   15.56739330291748
116   15.549092292785645
117   15.478933334350586
118   15.425341606140137
119   15.346358299255371
120   15.600015640258789
121   15.736713409423828
122   15.641005516052246
123   15.516619682312012
124   15.411028861999512
125   15.584892272949219
126   15.740528106689453
127   15.292874336242676
128   15.813976287841797
129   15.446945190429688
130   15.348416328430176
131   15.301947593688965
132   15.435440063476563
133   15.462380409240723
134   15.585968017578125
135   15.893956184387207
136   16.107498168945313
137   15.787335395812988
138   15.670552253723145
139   15.747137069702148
140   15.579314231872559
141   15.460638999938965
142   15.267292976379395
143   15.30444049835205
144   15.345320701599121
145   15.101544380187988
146   15.6087064743042
147   15.27977466583252
148   15.375731468200684
149   15.574097633361816
150   15.489017486572266
151   15.385444641113281
152   15.376246452331543
153   15.422550201416016
154   15.501511573791504
155   15.2566556930542
156   15.781855583190918
157   15.71135425567627
158   15.207947731018066
159   15.60455322265625
160   15.772270202636719
161   15.533758163452148
162   15.564520835876465
163   15.779837608337402
164   15.858036041259766
165   15.851633071899414
166   15.902885437011719
167   15.63831901550293
168   15.63119888305664
169   15.375303268432617
170   15.64138412475586
171   15.518121719360352
172   15.531026840209961
173   15.490285873413086
174   15.771197319030762
175   15.469141006469727
176   15.562691688537598
177   15.7325439453125
178   15.78767204284668
179   15.835977554321289
180   15.551972389221191
181   15.501096725463867
182   15.639971733093262
183   15.638801574707031
184   15.826424598693848
185   15.59757137298584
186   15.406065940856934
187   15.579761505126953
188   15.823631286621094
189   15.432965278625488
190   15.433771133422852
191   15.514753341674805
192   15.42587947845459
193   15.413116455078125
194   15.37214469909668
195   15.512587547302246
196   15.681901931762695
197   15.696310043334961
198   15.690008163452148
199   15.643783569335938
200   15.525672912597656
201   15.546627044677734
202   15.386994361877441
203   15.619644165039063
204   15.408143997192383
205   15.612615585327148
206   15.479484558105469
207   15.665287017822266
208   15.834328651428223
209   15.559114456176758
210   15.712509155273438
211   15.556771278381348
212   15.842801094055176
213   15.573573112487793
