1   15.892939567565918
2   15.663113594055176
3   15.668700218200684
4   15.733562469482422
5   15.81467056274414
6   15.956514358520508
7   16.023996353149414
8   15.617959976196289
9   15.75378704071045
10   15.783147811889648
11   15.892359733581543
12   15.930800437927246
13   15.780244827270508
14   15.792354583740234
15   15.97326374053955
16   15.40941333770752
17   15.632554054260254
18   15.816625595092773
19   15.733494758605957
20   15.693957328796387
21   15.82193660736084
22   15.748017311096191
23   16.018150329589844
24   15.807901382446289
25   15.486565589904785
26   15.782740592956543
27   15.869373321533203
28   15.322343826293945
29   15.511218070983887
30   15.112432479858398
31   15.554229736328125
32   15.611678123474121
33   15.394055366516113
34   15.787800788879395
35   15.763693809509277
36   16.13990020751953
37   15.443631172180176
38   15.947981834411621
39   15.74227523803711
40   16.186309814453125
41   15.709220886230469
42   15.798627853393555
43   15.8888578414917
44   15.893492698669434
45   15.721429824829102
46   15.377361297607422
47   15.587247848510742
48   15.398286819458008
49   15.370296478271484
50   15.636003494262695
51   15.469242095947266
52   15.359268188476563
53   15.486380577087402
54   15.555676460266113
55   15.378294944763184
56   15.618529319763184
57   15.606866836547852
58   15.767988204956055
59   15.74085521697998
60   15.343844413757324
61   15.483369827270508
62   15.600316047668457
63   15.756184577941895
64   15.733511924743652
65   15.534677505493164
66   15.78499698638916
67   15.77501106262207
68   15.3866605758667
69   15.346267700195313
70   15.633686065673828
71   16.10527801513672
72   15.53234577178955
73   15.25977611541748
74   15.598454475402832
75   15.418100357055664
76   15.56736946105957
77   15.521063804626465
78   15.58064079284668
79   15.610472679138184
80   15.670345306396484
81   15.664528846740723
82   15.710838317871094
83   15.674635887145996
84   15.804133415222168
85   15.713937759399414
86   15.385398864746094
87   15.54085922241211
88   15.815861701965332
89   15.547186851501465
90   15.537322998046875
91   15.530313491821289
92   15.80586051940918
93   15.570371627807617
94   15.366825103759766
95   15.298422813415527
96   15.386642456054688
97   15.495105743408203
98   15.40002727508545
99   15.501898765563965
100   15.708913803100586
101   15.810178756713867
102   15.468999862670898
103   15.389585494995117
104   15.639975547790527
105   15.733437538146973
106   15.546534538269043
107   15.491118431091309
108   15.461322784423828
109   15.345293045043945
110   15.510517120361328
111   15.465989112854004
112   15.407210350036621
113   15.5056734085083
114   15.340112686157227
115   15.429930686950684
116   15.484159469604492
117   14.988481521606445
118   15.421360969543457
119   15.328681945800781
120   15.237286567687988
121   15.443658828735352
122   15.394474983215332
123   15.497631072998047
124   15.351305961608887
125   15.306964874267578
126   15.502281188964844
127   15.547225952148438
128   15.660062789916992
129   15.507609367370605
130   15.45407772064209
131   15.60062026977539
132   15.405500411987305
133   15.720808982849121
134   15.39934253692627
135   15.322214126586914
136   15.42420768737793
137   15.49331283569336
138   15.355201721191406
139   15.40670394897461
140   15.415255546569824
141   15.756291389465332
142   15.66541576385498
143   15.699677467346191
144   15.462661743164063
145   15.402477264404297
146   15.50005054473877
147   15.528922080993652
148   15.421021461486816
149   15.557353973388672
150   15.47203254699707
151   15.486703872680664
152   15.487006187438965
153   15.669059753417969
154   15.669994354248047
155   15.704733848571777
156   15.653546333312988
157   15.538263320922852
158   15.439029693603516
159   15.315464973449707
160   15.270916938781738
