1   15.857874870300293
2   16.043169021606445
3   15.672481536865234
4   16.012338638305664
5   15.987218856811523
6   15.94052791595459
7   15.438407897949219
8   15.539992332458496
9   15.74069881439209
10   15.742349624633789
11   15.579150199890137
12   15.552020072937012
13   15.504487037658691
14   15.638787269592285
15   15.41553783416748
16   15.652289390563965
17   15.970260620117188
18   15.661385536193848
19   15.701273918151855
20   15.601227760314941
21   15.548852920532227
22   15.56572437286377
23   15.762779235839844
24   15.607731819152832
25   15.885669708251953
26   15.702866554260254
27   16.014373779296875
28   15.728657722473145
29   15.895545959472656
30   15.531521797180176
31   15.661230087280273
32   15.358922004699707
33   15.42479419708252
34   15.431134223937988
35   15.585409164428711
36   15.511198997497559
37   16.114553451538086
38   15.654698371887207
39   15.369163513183594
40   15.50539493560791
41   15.46478271484375
42   15.385133743286133
43   15.217656135559082
44   15.321228981018066
45   15.21070671081543
46   15.572990417480469
47   15.197270393371582
48   15.515917778015137
49   15.407645225524902
50   15.238037109375
51   15.12967586517334
52   15.526092529296875
53   15.924931526184082
54   15.927687644958496
55   15.807966232299805
56   15.552424430847168
57   15.873611450195313
58   15.953397750854492
59   16.011627197265625
60   15.680253982543945
61   15.389164924621582
62   15.5057373046875
63   15.637086868286133
64   15.674460411071777
65   15.413717269897461
66   15.9785795211792
67   16.166757583618164
68   15.81219482421875
69   15.741999626159668
70   15.920565605163574
71   16.029123306274414
72   16.053369522094727
73   15.796170234680176
74   15.799628257751465
75   15.69646167755127
76   15.99527359008789
77   15.93635082244873
78   15.40552043914795
79   15.233766555786133
80   15.507661819458008
81   15.553840637207031
82   15.709921836853027
83   15.27576732635498
84   15.348444938659668
85   15.326919555664063
86   15.086657524108887
87   15.338739395141602
88   15.334915161132813
89   15.52641487121582
90   15.620255470275879
91   15.543545722961426
92   15.557599067687988
93   15.498126029968262
94   15.78355598449707
95   15.538599014282227
96   15.309988975524902
97   15.383935928344727
98   15.311104774475098
99   15.476759910583496
100   15.308749198913574
101   15.345202445983887
102   15.505419731140137
103   15.575965881347656
104   15.98085880279541
105   15.351245880126953
106   15.167099952697754
107   15.407648086547852
108   15.450026512145996
109   15.38890552520752
110   15.415776252746582
111   15.648881912231445
112   15.823756217956543
113   15.698683738708496
114   15.739452362060547
115   15.681075096130371
116   15.546629905700684
117   15.481422424316406
118   15.852763175964355
119   15.76682186126709
120   15.79685115814209
121   15.835502624511719
122   16.038354873657227
123   16.383331298828125
124   15.991937637329102
125   15.438467025756836
126   15.694839477539063
127   15.325886726379395
128   15.501641273498535
129   15.447795867919922
130   15.453746795654297
131   15.581646919250488
132   15.26518440246582
133   15.288805961608887
134   15.883156776428223
135   15.653165817260742
136   15.611017227172852
137   15.613253593444824
138   15.883749008178711
139   15.536075592041016
140   15.653884887695313
141   15.643227577209473
142   15.520848274230957
143   15.399371147155762
144   15.518117904663086
145   15.383498191833496
146   15.542579650878906
147   15.753043174743652
148   15.270090103149414
149   15.705007553100586
150   15.360628128051758
151   15.477704048156738
152   15.923255920410156
153   15.407999992370605
154   15.455885887145996
155   15.501274108886719
156   15.356492042541504
157   15.328346252441406
158   15.499567985534668
159   15.303181648254395
160   15.307952880859375
161   15.433252334594727
162   15.184890747070313
163   15.492640495300293
164   15.2296142578125
