0   0.0
1   0.1816437989473343
2   0.14666800200939178
3   0.20178788900375366
4   0.18960435688495636
5   0.2564406991004944
6   0.21494905650615692
7   0.1875143200159073
8   0.24023453891277313
9   0.35112273693084717
10   0.3215130865573883
11   0.659546434879303
12   0.5668122172355652
13   1.896547555923462
14   1.411668300628662
15   1.6519811153411865
16   1.7430543899536133
17   1.4208883047103882
18   1.654077410697937
19   1.3065732717514038
20   1.4786967039108276
21   2.170654535293579
22   1.939500331878662
23   0.8948051333427429
24   2.0967862606048584
25   1.160288691520691
26   1.929610013961792
27   1.7753461599349976
28   1.3009490966796875
29   1.4373958110809326
30   1.4974982738494873
31   1.0261032581329346
32   0.9006518721580505
33   1.04599130153656
34   2.0786943435668945
35   1.394667387008667
36   2.1148481369018555
37   1.512988805770874
38   1.9528577327728271
39   1.3647347688674927
40   1.1598501205444336
41   1.533419132232666
42   1.7060637474060059
43   1.08757483959198
44   1.2155386209487915
45   0.9809975028038025
46   1.2110434770584106
47   1.222936749458313
48   1.0389963388442993
49   1.4967745542526245
50   1.3828270435333252
51   1.4250268936157227
52   1.4576820135116577
53   1.6540932655334473
54   1.193163514137268
55   1.1092438697814941
56   1.9608079195022583
57   1.624144196510315
58   1.1760011911392212
59   0.8221367001533508
60   1.9578521251678467
61   1.4290502071380615
62   1.8229879140853882
63   1.565319299697876
64   1.147810697555542
65   1.0349687337875366
66   0.9780873656272888
67   1.5105401277542114
68   1.1561838388442993
69   1.2153204679489136
70   1.8582324981689453
71   1.4728292226791382
72   1.2185101509094238
73   1.493916392326355
74   1.118149757385254
75   1.3678325414657593
76   1.814408540725708
77   1.2534905672073364
78   1.1075035333633423
79   1.1329119205474854
80   1.5781962871551514
81   1.716355323791504
82   1.6010669469833374
83   0.8131932020187378
84   1.0011675357818604
85   1.7522451877593994
86   1.0015612840652466
87   1.8072131872177124
88   0.5711313486099243
89   2.153141975402832
90   1.8360087871551514
91   1.8960062265396118
92   1.5463345050811768
93   0.871159017086029
94   1.5703425407409668
95   1.5578049421310425
96   1.2649116516113281
97   1.8086446523666382
98   1.3319681882858276
99   1.2915095090866089
100   1.6859462261199951
101   1.8717377185821533
102   1.6034876108169556
103   1.4880963563919067
104   1.8586643934249878
105   1.032662034034729
106   0.9665663242340088
107   2.411190986633301
108   1.162401556968689
109   1.3791638612747192
110   1.2842992544174194
111   1.6771363019943237
112   1.1695269346237183
113   1.0781883001327515
114   1.5528258085250854
115   0.9548028707504272
116   2.1282687187194824
117   1.610527753829956
118   1.4011600017547607
119   1.4314454793930054
120   1.187283992767334
121   1.47684645652771
122   1.9125280380249023
123   1.0839821100234985
124   1.1260294914245605
125   1.400521993637085
126   1.8170864582061768
127   1.1512882709503174
128   1.2517281770706177
129   1.2555514574050903
130   1.6356613636016846
131   1.513619303703308
132   1.9252830743789673
133   1.3351644277572632
134   1.661274790763855
135   0.921195924282074
136   0.8346701860427856
137   1.3915846347808838
138   1.562249779701233
139   1.0137461423873901
140   0.8028478026390076
141   1.6204814910888672
142   1.863065242767334
143   1.7610498666763306
144   1.3214949369430542
145   1.24462890625
146   1.9172453880310059
147   1.6501736640930176
148   1.8098249435424805
149   1.2270011901855469
150   2.07431697845459
151   1.227164387702942
152   0.9928461313247681
153   1.2210557460784912
154   1.3432146310806274
155   0.8472965955734253
156   1.554962158203125
157   1.3325544595718384
158   1.904456377029419
159   1.6154789924621582
160   1.6032987833023071
161   1.958794116973877
162   0.8461317420005798
163   1.7812234163284302
164   1.3641585111618042
165   2.1776347160339355
166   1.695662021636963
167   1.5684444904327393
168   1.2506651878356934
169   1.7192554473876953
170   1.6448458433151245
171   1.9720728397369385
172   1.1550500392913818
173   1.5625196695327759
174   1.2304970026016235
175   1.283189058303833
176   2.061143636703491
177   1.2726038694381714
178   1.3595629930496216
179   0.6945549249649048
180   1.2832268476486206
181   1.5274205207824707
182   1.1794230937957764
183   1.5443776845932007
184   1.8023918867111206
185   1.1869049072265625
186   1.1885045766830444
187   1.548039436340332
188   1.1235663890838623
189   1.7272977828979492
190   1.1838289499282837
191   1.6393789052963257
192   1.4383410215377808
193   1.4469707012176514
194   1.1641045808792114
195   1.3603427410125732
196   1.0541558265686035
197   1.5509895086288452
198   1.0833123922348022
199   1.089674472808838
200   1.1621099710464478
201   1.2298847436904907
202   1.3137325048446655
203   0.8414336442947388
204   0.694167971611023
205   1.5542854070663452
206   1.3290882110595703
207   1.1787713766098022
208   1.051283597946167
209   1.351456642150879
210   1.0024083852767944
211   1.6201428174972534
212   0.5571655035018921
213   1.2800686359405518
1   0.9787731766700745
2   0.9522325992584229
3   1.652055263519287
4   1.4625385999679565
5   1.6703481674194336
6   1.7366204261779785
7   1.5407097339630127
8   1.2536474466323853
9   1.6937047243118286
10   1.2531940937042236
11   1.277622938156128
12   1.3301417827606201
13   1.3395063877105713
14   1.7681258916854858
15   1.9644479751586914
16   1.7002103328704834
17   2.030249834060669
18   2.0720622539520264
19   1.18436861038208
20   2.66957688331604
1   1.277854084968567
2   1.4199162721633911
3   1.2200987339019775
4   1.5724157094955444
5   1.4377224445343018
6   1.1780530214309692
7   1.4988441467285156
8   1.2299425601959229
9   1.5069918632507324
10   1.3310636281967163
11   1.3514035940170288
12   1.6146308183670044
13   1.4136992692947388
14   1.2326903343200684
15   1.3355170488357544
16   1.4032930135726929
17   1.3807499408721924
18   1.2823213338851929
19   1.4553760290145874
20   1.3929753303527832
21   1.2942599058151245
22   1.4201483726501465
23   1.4914733171463013
24   1.321480631828308
25   1.39533269405365
26   1.430066704750061
27   1.4900047779083252
28   1.4005908966064453
29   1.6532446146011353
30   1.4836958646774292
31   1.3577234745025635
32   1.391433596611023
33   1.3017890453338623
34   1.4799375534057617
35   1.3253331184387207
36   1.183057188987732
37   1.343292236328125
38   1.5112566947937012
39   1.291927695274353
40   1.442286491394043
41   1.4269496202468872
42   1.3165518045425415
43   1.3363436460494995
44   1.6566911935806274
45   1.4067752361297607
46   1.430176019668579
47   1.3962962627410889
48   1.3810596466064453
49   1.3184316158294678
50   1.2349755764007568
51   1.493862509727478
52   1.1528743505477905
53   1.2932162284851074
54   1.3276728391647339
55   1.337965965270996
56   1.4180171489715576
57   1.4017094373703003
58   1.4993537664413452
59   1.2356674671173096
60   1.4935450553894043
61   1.1245536804199219
62   1.4374847412109375
63   1.3855992555618286
64   1.3372398614883423
65   1.2846367359161377
66   1.6181323528289795
67   1.328236699104309
68   1.3622381687164307
69   1.2282522916793823
70   1.5031101703643799
71   1.481187343597412
72   1.4063632488250732
73   1.2487881183624268
74   1.2845677137374878
75   1.4089919328689575
76   1.4523526430130005
77   1.2591179609298706
78   1.2101178169250488
79   1.2262283563613892
80   1.4875319004058838
81   1.4090179204940796
82   1.3259198665618896
83   1.3320127725601196
84   1.5504778623580933
85   1.4755527973175049
86   1.322574496269226
87   1.2704813480377197
88   1.3145772218704224
89   1.1847541332244873
90   1.1561015844345093
91   1.4432262182235718
92   1.402505874633789
93   1.5478651523590088
94   1.6261996030807495
95   1.548555612564087
96   1.4248003959655762
97   1.6267683506011963
98   1.4989405870437622
99   1.5780420303344727
100   1.4174612760543823
101   1.3423314094543457
102   1.3115766048431396
103   1.3712396621704102
104   1.6961253881454468
105   1.376761794090271
106   1.6026649475097656
107   1.621003270149231
108   1.5772786140441895
109   1.4098025560379028
110   1.5709514617919922
111   1.2212698459625244
112   1.331615924835205
113   1.3986706733703613
114   1.6581852436065674
115   1.6089529991149902
116   1.477124810218811
117   1.4083173274993896
118   1.4228184223175049
119   1.4476252794265747
120   1.521612286567688
121   1.3832480907440186
122   1.372185468673706
123   1.5135806798934937
124   1.3873385190963745
125   1.4656352996826172
126   1.4913320541381836
127   1.2382904291152954
128   1.2815935611724854
129   1.3730067014694214
130   1.29475736618042
131   1.2779313325881958
132   1.3888862133026123
133   1.155226707458496
134   1.1869441270828247
135   1.1826472282409668
136   1.2137811183929443
137   1.2142869234085083
138   1.6218270063400269
139   1.44907546043396
140   1.3614321947097778
141   1.368572473526001
142   1.4543001651763916
143   1.3619778156280518
144   1.3941991329193115
145   1.1608911752700806
146   1.2066638469696045
147   1.284134030342102
148   1.2466700077056885
149   1.1668463945388794
150   1.0011231899261475
151   1.233412265777588
152   1.4503179788589478
153   1.4677294492721558
154   1.2002214193344116
155   1.1337250471115112
156   1.2096308469772339
157   1.197344422340393
158   1.2970678806304932
159   1.1344267129898071
160   1.2100352048873901
1   1.3360689878463745
2   1.4535411596298218
3   1.4195425510406494
4   1.207922101020813
5   1.6218358278274536
6   1.232999324798584
7   1.2063926458358765
8   1.5615965127944946
9   1.5686836242675781
10   1.321081519126892
11   1.2093809843063354
12   1.5592479705810547
13   1.495255947113037
14   1.3048948049545288
15   1.3919692039489746
16   1.3768973350524902
17   1.3434592485427856
18   1.3526692390441895
19   1.1636184453964233
20   1.6352556943893433
21   1.4506070613861084
22   1.3863784074783325
23   1.4015709161758423
24   1.4967271089553833
25   1.3282520771026611
26   1.506898283958435
27   1.2524491548538208
28   1.2252153158187866
29   1.1203001737594604
30   1.5831786394119263
31   1.6434686183929443
32   1.1571736335754395
33   1.3088661432266235
34   1.3043239116668701
35   0.9623664617538452
36   1.3637415170669556
37   1.3453881740570068
38   1.349367618560791
39   0.9838171005249023
40   1.6045589447021484
41   1.4275203943252563
42   1.1883893013000488
43   1.4713973999023438
44   1.7567391395568848
45   1.2110180854797363
46   0.8395569324493408
47   1.0943019390106201
48   1.2450315952301025
49   1.119873285293579
50   1.2523125410079956
51   1.2841160297393799
52   1.6498653888702393
53   1.4872039556503296
54   1.4639642238616943
55   0.5571815967559814
56   1.5180511474609375
57   1.0715702772140503
58   1.6074392795562744
59   1.8472501039505005
60   1.1740056276321411
61   1.5542654991149902
62   1.252601981163025
63   0.8359863758087158
64   1.889876365661621
65   1.4003146886825562
66   0.8070961833000183
67   1.0645995140075684
68   0.9489415884017944
69   0.87986159324646
70   0.9501097798347473
71   1.1093039512634277
72   0.6885381937026978
73   1.370119571685791
74   1.0694446563720703
75   0.8266840577125549
76   1.351474642753601
77   0.6733735203742981
78   0.8183763027191162
79   1.3850491046905518
80   0.9214219450950623
81   0.6896646022796631
82   0.8363886475563049
83   1.3917577266693115
84   1.2209296226501465
85   0.9022918939590454
86   1.1515586376190186
87   0.9524269700050354
88   1.3983747959136963
89   1.017399787902832
90   1.325615644454956
91   1.1862819194793701
92   1.6589763164520264
93   1.180877923965454
94   1.2850650548934937
95   1.9050723314285278
96   1.5674033164978027
97   1.5494673252105713
98   1.5556652545928955
99   1.2930715084075928
100   0.7381107211112976
101   0.8713991045951843
102   1.0622166395187378
103   1.0186572074890137
104   0.982067346572876
105   1.2609589099884033
106   1.342680811882019
107   1.6207932233810425
108   0.982670783996582
109   2.1468088626861572
110   0.7781475782394409
111   1.1966396570205688
112   1.5045310258865356
113   1.8166300058364868
114   1.1914715766906738
115   1.4899264574050903
116   1.1133495569229126
117   1.205430030822754
118   1.4701769351959229
119   1.2399823665618896
120   2.3837316036224365
121   1.6804229021072388
122   2.160456895828247
123   0.8954986929893494
124   1.6927664279937744
125   1.7411643266677856
126   1.1706154346466064
127   0.7703822255134583
128   1.249611258506775
129   1.5168942213058472
130   1.5933581590652466
131   1.3594015836715698
132   1.291654109954834
133   1.1536763906478882
134   1.0990345478057861
135   1.4040918350219727
136   1.0790951251983643
137   1.4033141136169434
138   0.8252107501029968
139   1.3369866609573364
140   1.1636617183685303
141   1.5558909177780151
142   1.5362753868103027
143   1.3914542198181152
144   1.2602933645248413
145   1.2031002044677734
146   1.2494157552719116
147   1.2186386585235596
148   1.4515095949172974
149   1.2992351055145264
150   1.2815366983413696
151   1.282963514328003
152   1.2756074666976929
153   1.4713364839553833
154   1.500577688217163
155   1.5192407369613647
156   1.1793649196624756
157   1.3584535121917725
158   1.4663605690002441
159   1.2731151580810547
160   1.3146119117736816
161   1.5722801685333252
162   1.384060025215149
163   1.4104821681976318
164   1.5259636640548706
