0   0.0
1   0.17973490059375763
2   0.18006201088428497
3   0.17819079756736755
4   0.17455582320690155
5   0.18287746608257294
6   0.17442335188388824
7   0.17361554503440857
8   0.18467280268669128
9   0.2226828783750534
10   0.26328015327453613
11   0.3799839913845062
12   0.516382098197937
13   1.168652892112732
14   1.8205100297927856
15   1.7556089162826538
16   1.5581079721450806
17   1.905859351158142
18   1.4316049814224243
19   2.304478645324707
20   2.3146872520446777
21   2.0692927837371826
22   2.142848014831543
23   1.6050057411193848
24   1.5773229598999023
25   1.8605059385299683
26   1.9315063953399658
27   1.452134132385254
28   1.9216846227645874
29   1.5514899492263794
30   1.865227222442627
31   1.470677375793457
32   1.317275047302246
33   1.3321034908294678
34   2.457345485687256
35   1.5706751346588135
36   1.6656978130340576
37   1.687691330909729
38   1.845146656036377
39   1.6603673696517944
40   1.3450676202774048
41   1.661433219909668
42   1.8978043794631958
43   1.3772308826446533
44   1.6038153171539307
45   1.3776557445526123
46   1.7391232252120972
47   1.673862338066101
48   1.4501564502716064
49   1.6310679912567139
50   1.7512378692626953
51   1.7286291122436523
52   1.4920746088027954
53   2.2516708374023438
54   1.504635214805603
55   2.36745548248291
56   1.7914432287216187
57   2.067169666290283
58   1.5714164972305298
59   1.7547324895858765
60   1.8423173427581787
61   1.6454899311065674
62   1.715883493423462
63   1.372806429862976
64   2.1275577545166016
65   1.3984739780426025
66   1.718235731124878
67   1.8852158784866333
68   1.992817759513855
69   1.7603306770324707
70   1.6660001277923584
71   1.7556915283203125
72   1.6674884557724
73   1.6723170280456543
74   1.8607357740402222
75   2.04032564163208
76   2.257314682006836
77   1.6946858167648315
78   2.0245988368988037
79   1.8376175165176392
80   1.8528965711593628
81   2.0781259536743164
82   1.6015805006027222
83   2.105386972427368
84   1.475352168083191
85   1.8201103210449219
86   1.9860037565231323
87   2.2455477714538574
88   1.4919506311416626
89   1.8343585729599
90   1.9328972101211548
91   1.913603663444519
92   1.683089256286621
93   1.6742607355117798
94   1.9418058395385742
95   1.698169231414795
96   1.4971590042114258
97   1.737290382385254
98   1.7430999279022217
99   1.8616541624069214
100   1.9497244358062744
101   1.912011742591858
102   1.565306544303894
103   1.9285937547683716
104   2.0468015670776367
105   1.8917819261550903
106   1.9838447570800781
107   1.8568552732467651
108   1.5207738876342773
109   1.7777999639511108
110   1.5165824890136719
111   1.8489742279052734
112   1.6253126859664917
113   1.7489609718322754
114   1.7317302227020264
115   1.517325520515442
116   1.9601428508758545
117   1.9861183166503906
118   1.5538156032562256
119   1.8081085681915283
120   1.6430585384368896
121   2.22349214553833
122   2.144927740097046
123   1.8661231994628906
124   1.5766842365264893
125   1.9430721998214722
126   1.8156983852386475
127   1.5684493780136108
128   1.7634506225585938
129   1.716591477394104
130   2.0307412147521973
131   1.3978277444839478
132   2.1123130321502686
133   1.8853152990341187
134   2.160550832748413
135   1.5604387521743774
136   1.4117289781570435
137   1.7205612659454346
138   1.7913075685501099
139   1.512162685394287
140   1.2213398218154907
141   1.7828564643859863
142   1.730075478553772
143   1.570471167564392
144   1.7026045322418213
145   1.7302368879318237
146   1.8972405195236206
147   1.6059263944625854
148   2.075819730758667
149   1.6558728218078613
150   2.018948554992676
151   1.4437693357467651
152   1.6449989080429077
153   1.9467796087265015
154   1.4773340225219727
155   1.488524079322815
156   1.7311632633209229
157   2.03969669342041
158   2.324955701828003
159   1.8813804388046265
160   1.5808826684951782
161   2.08148455619812
162   1.8174371719360352
163   1.7307871580123901
164   1.8822098970413208
165   1.9478298425674438
166   1.7154591083526611
167   1.9019795656204224
168   1.5821977853775024
169   1.5070827007293701
170   1.2804663181304932
171   1.8339123725891113
172   1.6882975101470947
173   1.7419828176498413
174   1.3791505098342896
175   1.6688770055770874
176   1.8048447370529175
177   1.3705503940582275
178   1.2289581298828125
179   1.9553871154785156
180   1.4969844818115234
181   1.4739288091659546
182   1.379529595375061
183   1.3222817182540894
184   1.6333750486373901
185   1.51399564743042
186   1.6540024280548096
187   1.7155929803848267
188   1.4275885820388794
189   1.9395859241485596
190   1.5957053899765015
191   1.707628607749939
192   1.84653639793396
193   1.8122615814208984
194   1.54025137424469
195   1.873626708984375
196   1.6958012580871582
197   1.6269030570983887
198   1.4195020198822021
199   1.542871117591858
200   1.7511998414993286
201   1.8639764785766602
202   2.0749590396881104
203   1.7639261484146118
204   1.5990047454833984
205   1.8825504779815674
206   2.2109436988830566
207   2.2553141117095947
208   1.8889939785003662
209   1.9195088148117065
210   1.9538744688034058
211   1.9082261323928833
212   1.8114978075027466
213   1.828587532043457
1   1.7338643074035645
2   1.9776571989059448
3   1.8852903842926025
4   1.854767918586731
5   1.413826823234558
6   2.0019195079803467
7   1.8920657634735107
8   1.902383804321289
9   2.034881830215454
10   2.107339859008789
11   1.6807045936584473
12   1.4197431802749634
13   1.7230172157287598
14   2.180742025375366
15   1.5085017681121826
16   1.7550417184829712
17   2.1061174869537354
18   2.1442761421203613
19   1.5865668058395386
20   1.9652241468429565
1   1.6027740240097046
2   1.803829550743103
3   1.880994200706482
4   1.8607865571975708
5   1.632986307144165
6   1.5292561054229736
7   1.903963327407837
8   2.1059303283691406
9   1.5615774393081665
10   1.3238204717636108
11   1.61348295211792
12   1.9846946001052856
13   1.562857747077942
14   1.3699088096618652
15   1.516479253768921
16   1.465802550315857
17   1.7991538047790527
18   1.5285745859146118
19   1.6468807458877563
20   1.7238600254058838
21   1.5473352670669556
22   1.4446747303009033
23   1.7563393115997314
24   1.5349620580673218
25   1.6112302541732788
26   1.7966911792755127
27   1.702629566192627
28   1.7233548164367676
29   1.924265742301941
30   2.2047126293182373
31   1.766697883605957
32   1.7803581953048706
33   1.710165023803711
34   1.5742653608322144
35   1.440367341041565
36   1.8751848936080933
37   1.8995946645736694
38   1.8442368507385254
39   1.6912226676940918
40   1.8488664627075195
41   1.7463101148605347
42   2.0111398696899414
43   1.7143733501434326
44   2.403576374053955
45   1.8493233919143677
46   1.8898783922195435
47   1.9778804779052734
48   2.2160472869873047
49   2.1299474239349365
50   1.539027452468872
51   1.6921840906143188
52   2.318481683731079
53   2.201212167739868
54   1.864047884941101
55   1.6850218772888184
56   2.029026985168457
57   2.0223937034606934
58   1.478638768196106
59   1.4304872751235962
60   1.8749074935913086
61   1.6168147325515747
62   1.5854167938232422
63   1.9162300825119019
64   1.8060303926467896
65   1.5225048065185547
66   1.7757104635238647
67   1.9583282470703125
68   1.7776570320129395
69   1.7253953218460083
70   1.6589676141738892
71   2.158806085586548
72   2.177150011062622
73   2.223233461380005
74   2.055349588394165
75   1.90529203414917
76   1.9547460079193115
77   1.6527011394500732
78   2.1548004150390625
79   2.113039970397949
80   1.9387431144714355
81   1.9714970588684082
82   1.680970549583435
83   1.67008376121521
84   1.9379712343215942
85   2.135302782058716
86   1.7925916910171509
87   1.9675792455673218
88   2.259860038757324
89   1.7562109231948853
90   1.8363757133483887
91   2.2276194095611572
92   2.5599119663238525
93   2.712876319885254
94   2.2171595096588135
95   3.5146989822387695
96   2.848292112350464
97   2.3145155906677246
98   2.5587961673736572
99   2.363767385482788
100   2.438870668411255
101   2.3505325317382813
102   2.50669002532959
103   2.551179885864258
104   2.6693167686462402
105   2.4138712882995605
106   2.404154062271118
107   2.563620090484619
108   3.020277261734009
109   2.6297123432159424
110   3.328057289123535
111   2.938527822494507
112   2.5157737731933594
113   2.6754984855651855
114   2.5552000999450684
115   2.1933014392852783
116   2.9531493186950684
117   2.883566379547119
118   2.7990572452545166
119   2.2962398529052734
120   2.8701741695404053
121   2.4084889888763428
122   2.200650453567505
123   2.5882387161254883
124   3.293771266937256
125   3.191119432449341
126   3.368351697921753
127   3.9206154346466064
128   3.2854421138763428
129   3.40997052192688
130   3.4096522331237793
131   3.10123872756958
132   3.234473705291748
133   3.9311585426330566
134   3.6897778511047363
135   3.495224952697754
136   3.6159496307373047
137   3.4390976428985596
138   2.872931480407715
139   3.1319825649261475
140   3.4861950874328613
141   2.739957094192505
142   2.9073967933654785
143   3.398958206176758
144   2.879823923110962
145   3.6254050731658936
146   2.9167401790618896
147   3.326319694519043
148   3.0866782665252686
149   3.366180419921875
150   3.2559940814971924
151   3.7906880378723145
152   3.2279436588287354
153   2.8205809593200684
154   3.1746606826782227
155   3.2031939029693604
156   3.0314815044403076
157   3.2456893920898438
158   3.2692270278930664
159   3.367065668106079
160   2.916081428527832
1   1.717866063117981
2   1.8451838493347168
3   2.3433403968811035
4   2.0680150985717773
5   1.976725459098816
6   1.7860348224639893
7   1.8797948360443115
8   1.7886079549789429
9   1.5313252210617065
10   1.576256275177002
11   1.6846853494644165
12   1.9224066734313965
13   1.5506556034088135
14   1.6790162324905396
15   1.5642222166061401
16   1.4295241832733154
17   1.775937557220459
18   1.4627537727355957
19   1.4769946336746216
20   1.7876150608062744
21   1.6066930294036865
22   1.2535550594329834
23   2.135241746902466
24   1.8105120658874512
25   1.8866796493530273
26   1.6365671157836914
27   1.6190842390060425
28   1.7609572410583496
29   1.5425344705581665
30   1.6205452680587769
31   1.6258094310760498
32   1.6252448558807373
33   1.6081886291503906
34   1.57966148853302
35   2.271939754486084
36   1.8821593523025513
37   1.6100263595581055
38   1.6507518291473389
39   1.444930911064148
40   1.981368064880371
41   1.5939202308654785
42   1.5879158973693848
43   1.57671320438385
44   2.5393035411834717
45   1.3006505966186523
46   1.324170708656311
47   1.5440281629562378
48   1.8542920351028442
49   2.0907318592071533
50   1.7125300168991089
51   2.2450461387634277
52   1.4678561687469482
53   1.7441565990447998
54   1.812166690826416
55   1.73954176902771
56   1.7049846649169922
57   1.6951936483383179
58   1.6460974216461182
59   1.7137627601623535
60   1.2799359560012817
61   1.2962641716003418
62   1.5315037965774536
63   1.685468316078186
64   1.7595521211624146
65   1.6377933025360107
66   1.7508337497711182
67   1.6951779127120972
68   2.153080701828003
69   2.0214664936065674
70   1.9228094816207886
71   1.7039557695388794
72   2.2332563400268555
73   2.1811110973358154
74   1.9456794261932373
75   1.731006383895874
76   1.9546623229980469
77   2.3852412700653076
78   1.9482980966567993
79   1.7194879055023193
80   1.7177072763442993
81   1.9837828874588013
82   1.990604281425476
83   1.8793054819107056
84   1.5905629396438599
85   1.211100697517395
86   1.3889960050582886
87   1.3661141395568848
88   1.5887571573257446
89   1.4050498008728027
90   1.3982821702957153
91   2.030056953430176
92   1.8991018533706665
93   2.161081314086914
94   1.5018497705459595
95   2.2498881816864014
96   2.8672235012054443
97   2.397247314453125
98   2.765181064605713
99   1.7083802223205566
100   1.6582757234573364
101   1.6554826498031616
102   2.0439093112945557
103   2.0767319202423096
104   1.8944460153579712
105   2.2450170516967773
106   1.8641552925109863
107   2.0402092933654785
108   1.612265944480896
109   1.7907674312591553
110   1.278739333152771
111   1.4571011066436768
112   1.679303765296936
113   2.0608577728271484
114   1.867538571357727
115   1.8901011943817139
116   2.0810420513153076
117   2.0438098907470703
118   1.8181504011154175
119   2.0172677040100098
120   2.3904967308044434
121   2.2159104347229004
122   3.0586025714874268
123   2.1874709129333496
124   2.485507011413574
125   1.80658757686615
126   2.0013725757598877
127   1.7115410566329956
128   1.8893858194351196
129   1.618528127670288
130   1.853704810142517
131   1.734798789024353
132   1.4667457342147827
133   1.9837924242019653
134   2.2285304069519043
135   1.7488878965377808
136   1.8728564977645874
137   2.1954193115234375
138   1.5625752210617065
139   1.8537691831588745
140   1.5989575386047363
141   1.632768154144287
142   1.7528033256530762
143   1.699484944343567
144   1.3066787719726563
145   1.638193964958191
146   1.7647429704666138
147   1.4072620868682861
148   2.148343324661255
149   1.8598272800445557
150   1.7539666891098022
151   1.621247410774231
152   1.5920748710632324
153   1.8194471597671509
154   1.8920385837554932
155   1.6241954565048218
156   1.7140569686889648
157   1.4985766410827637
158   1.9386905431747437
159   1.8775359392166138
160   2.023792266845703
161   1.8979851007461548
162   1.5998897552490234
163   2.251979351043701
164   1.6555386781692505
