0   0.0
1   0.2055797278881073
2   0.19741441309452057
3   0.19168393313884735
4   0.19670560956001282
5   0.21060487627983093
6   0.20159772038459778
7   0.189825177192688
8   0.20459866523742676
9   0.2587398588657379
10   0.31050142645835876
11   0.40869471430778503
12   0.5265304446220398
13   1.0629435777664185
14   1.8606321811676025
15   1.751159429550171
16   1.3855897188186646
17   1.9138067960739136
18   1.4177078008651733
19   2.1461455821990967
20   2.3945865631103516
21   2.0618200302124023
22   1.9592268466949463
23   1.6838382482528687
24   1.421307921409607
25   1.6094865798950195
26   1.7128971815109253
27   1.3544343709945679
28   1.8343664407730103
29   1.5504417419433594
30   1.7701705694198608
31   1.4130709171295166
32   1.2365926504135132
33   1.3146600723266602
34   2.2996065616607666
35   1.46940016746521
36   1.5350581407546997
37   1.5837123394012451
38   1.6835261583328247
39   1.5727038383483887
40   1.2773253917694092
41   1.5741701126098633
42   1.7831021547317505
43   1.3034603595733643
44   1.518813133239746
45   1.2981610298156738
46   1.6421030759811401
47   1.5248167514801025
48   1.4175233840942383
49   1.542639136314392
50   1.5595990419387817
51   1.6403813362121582
52   1.3683277368545532
53   2.079798460006714
54   1.3841419219970703
55   2.2737953662872314
56   1.759016752243042
57   2.0486745834350586
58   1.458318829536438
59   1.6560577154159546
60   1.6429057121276855
61   1.5131211280822754
62   1.598439335823059
63   1.3232134580612183
64   2.0107760429382324
65   1.3118942975997925
66   1.6204545497894287
67   1.8053007125854492
68   1.7246956825256348
69   1.6848129034042358
70   1.5689263343811035
71   1.7383403778076172
72   1.7870217561721802
73   1.5469292402267456
74   1.9331142902374268
75   2.025825262069702
76   2.26505446434021
77   1.6412370204925537
78   2.029865264892578
79   1.7290414571762085
80   1.8876159191131592
81   1.9941372871398926
82   1.5391368865966797
83   1.8973402976989746
84   1.6613126993179321
85   1.8568280935287476
86   1.9087120294570923
87   2.352998971939087
88   1.555301547050476
89   1.6899387836456299
90   1.8162033557891846
91   1.813660979270935
92   1.7421859502792358
93   1.5116667747497559
94   1.821170687675476
95   1.6374547481536865
96   1.4428528547286987
97   1.5860718488693237
98   1.648817539215088
99   1.7258869409561157
100   1.777087688446045
101   1.7752039432525635
102   1.5268492698669434
103   1.9590474367141724
104   2.3259122371673584
105   1.8062412738800049
106   1.8679810762405396
107   1.6825348138809204
108   1.4124058485031128
109   1.6031086444854736
110   1.47006356716156
111   1.7820935249328613
112   1.5941758155822754
113   1.6484496593475342
114   1.6515103578567505
115   1.3835769891738892
116   1.9154424667358398
117   1.8311430215835571
118   1.6451969146728516
119   1.8087432384490967
120   1.6172863245010376
121   2.214548349380493
122   2.135430097579956
123   1.7006099224090576
124   1.4021482467651367
125   1.7644816637039185
126   1.6700438261032104
127   1.4656003713607788
128   1.6302119493484497
129   1.6248021125793457
130   1.9444196224212646
131   1.3373675346374512
132   1.955543875694275
133   1.7470990419387817
134   2.148660659790039
135   1.4440720081329346
136   1.333943486213684
137   1.594928503036499
138   1.5789439678192139
139   1.4793998003005981
140   1.3317780494689941
141   1.6556092500686646
142   1.608490228652954
143   1.4850343465805054
144   1.591537594795227
145   1.6280933618545532
146   1.828259825706482
147   1.5232113599777222
148   2.0741820335388184
149   1.5584765672683716
150   1.9688700437545776
151   1.351293683052063
152   1.7394497394561768
153   1.9755874872207642
154   1.4580875635147095
155   1.3569085597991943
156   1.6330736875534058
157   1.9933764934539795
158   2.191957950592041
159   1.7034316062927246
160   1.4409656524658203
161   1.9506343603134155
162   1.7171106338500977
163   1.6623773574829102
164   1.6867698431015015
165   1.8689699172973633
166   1.794111728668213
167   1.8740140199661255
168   1.5646322965621948
169   1.385501503944397
170   1.2059667110443115
171   1.7461186647415161
172   1.582667589187622
173   1.682758092880249
174   1.2725491523742676
175   1.5874356031417847
176   1.6321014165878296
177   1.3169487714767456
178   1.067738652229309
179   1.8315808773040771
180   1.3997185230255127
181   1.3383418321609497
182   1.3263511657714844
183   1.1944559812545776
184   1.544913649559021
185   1.3991122245788574
186   1.5912716388702393
187   1.624679446220398
188   1.3332711458206177
189   1.8703163862228394
190   1.4996862411499023
191   1.6702852249145508
192   1.7458871603012085
193   1.725483775138855
194   1.5088789463043213
195   1.8289073705673218
196   1.521402359008789
197   1.5011998414993286
198   1.2863718271255493
199   1.5259816646575928
200   1.7280770540237427
201   1.7618651390075684
202   2.1644668579101563
203   1.8662424087524414
204   1.559027910232544
205   1.7718515396118164
206   2.1802988052368164
207   2.2129323482513428
208   1.908634901046753
209   1.8461021184921265
210   1.9999885559082031
211   1.7957067489624023
212   1.5814040899276733
213   1.718445897102356
1   1.5819131135940552
2   1.8777289390563965
3   1.9442068338394165
4   1.70509934425354
5   1.3518595695495605
6   2.0082013607025146
7   1.8314906358718872
8   1.8565222024917603
9   2.0943355560302734
10   2.121763229370117
11   1.5659321546554565
12   1.3926160335540771
13   1.5849779844284058
14   2.0034048557281494
15   1.4397493600845337
16   1.6255455017089844
17   1.9113587141036987
18   1.966645359992981
19   1.4575263261795044
20   1.9941691160202026
1   1.4855676889419556
2   1.7749500274658203
3   1.7874526977539063
4   1.7877317667007446
5   1.5473353862762451
6   1.4667569398880005
7   1.8528811931610107
8   1.9704903364181519
9   1.4277533292770386
10   1.326980471611023
11   1.4756267070770264
12   1.8355225324630737
13   1.4924437999725342
14   1.339463472366333
15   1.455947995185852
16   1.395262360572815
17   1.793206810951233
18   1.4407817125320435
19   1.5170978307724
20   1.5984200239181519
21   1.4563403129577637
22   1.3777495622634888
23   1.5741575956344604
24   1.4301645755767822
25   1.5562158823013306
26   1.6960225105285645
27   1.6298011541366577
28   1.649255633354187
29   1.722530484199524
30   2.05022931098938
31   1.6087584495544434
32   1.5967479944229126
33   1.5853670835494995
34   1.619480013847351
35   1.3943521976470947
36   1.7807892560958862
37   1.7122504711151123
38   1.797445297241211
39   1.556801676750183
40   1.7212473154067993
41   1.635544776916504
42   2.103287935256958
43   1.6748217344284058
44   2.2333991527557373
45   1.7598273754119873
46   1.9492334127426147
47   2.036762237548828
48   2.2178122997283936
49   2.1077024936676025
50   1.5759732723236084
51   1.7758069038391113
52   2.3914151191711426
53   2.1741085052490234
54   1.8935106992721558
55   1.790774941444397
56   2.143157720565796
57   2.1082441806793213
58   1.4691017866134644
59   1.4208614826202393
60   1.784087896347046
61   1.501220703125
62   1.5867743492126465
63   1.9807767868041992
64   1.793560266494751
65   1.4734266996383667
66   1.6653717756271362
67   1.9219948053359985
68   1.757991075515747
69   1.6756573915481567
70   1.619625210762024
71   2.110556125640869
72   2.1827330589294434
73   2.1740641593933105
74   2.00920033454895
75   1.8332252502441406
76   1.9402350187301636
77   1.558605432510376
78   1.9964749813079834
79   1.8528823852539063
80   1.833834171295166
81   1.9904288053512573
82   1.6785556077957153
83   1.776411771774292
84   1.9332910776138306
85   2.024629592895508
86   1.7767196893692017
87   1.814976453781128
88   2.134244441986084
89   1.7414617538452148
90   1.7128870487213135
91   2.0786120891571045
92   2.3817176818847656
93   2.613035202026367
94   2.1546080112457275
95   3.393341541290283
96   2.894501209259033
97   2.4115803241729736
98   2.5076513290405273
99   2.528876781463623
100   2.595897912979126
101   2.51593017578125
102   2.8172831535339355
103   2.7595291137695313
104   2.8212902545928955
105   2.6904330253601074
106   2.612592935562134
107   2.8317818641662598
108   3.0140459537506104
109   2.87544322013855
110   3.2180631160736084
111   3.1129982471466064
112   2.729581832885742
113   2.832510471343994
114   2.8881709575653076
115   2.55155873298645
116   3.3079965114593506
117   3.2687435150146484
118   3.0431816577911377
119   2.5092921257019043
120   3.0503952503204346
121   2.717982769012451
122   2.42673397064209
123   2.7005228996276855
124   3.1364924907684326
125   3.2408645153045654
126   3.403681755065918
127   3.787632942199707
128   3.4327383041381836
129   3.4921088218688965
130   3.5952060222625732
131   3.3690264225006104
132   3.5637805461883545
133   3.97092342376709
134   3.7457058429718018
135   3.631093740463257
136   3.8388442993164063
137   3.6800665855407715
138   3.2870781421661377
139   3.524646759033203
140   3.756194829940796
141   3.2598581314086914
142   3.27077054977417
143   3.6177313327789307
144   3.0811779499053955
145   3.676858425140381
146   3.16029953956604
147   3.3931100368499756
148   3.229201078414917
149   3.353607654571533
150   3.3035404682159424
151   3.699009418487549
152   3.328540086746216
153   2.949737787246704
154   3.3565099239349365
155   3.3997623920440674
156   3.208634853363037
157   3.4034245014190674
158   3.340259075164795
159   3.544171094894409
160   3.158137798309326
1   1.72532057762146
2   1.8727319240570068
3   2.244971513748169
4   1.9571603536605835
5   1.8551216125488281
6   1.7434873580932617
7   1.8124364614486694
8   1.681412696838379
9   1.5029455423355103
10   1.5416793823242188
11   1.5197333097457886
12   1.7968604564666748
13   1.4412003755569458
14   1.7295104265213013
15   1.4631118774414063
16   1.4101306200027466
17   1.7044965028762817
18   1.4575064182281494
19   1.4173263311386108
20   1.675148606300354
21   1.4877440929412842
22   1.186621904373169
23   2.0118966102600098
24   1.8092410564422607
25   1.8624308109283447
26   1.6905707120895386
27   1.5819463729858398
28   1.7082127332687378
29   1.5401884317398071
30   1.4807970523834229
31   1.53135085105896
32   1.5924808979034424
33   1.5487815141677856
34   1.4025747776031494
35   2.021252393722534
36   1.7086771726608276
37   1.563225269317627
38   1.5041178464889526
39   1.4178375005722046
40   1.7869150638580322
41   1.6251194477081299
42   1.5266273021697998
43   1.5012842416763306
44   2.2661635875701904
45   1.3392112255096436
46   1.1862965822219849
47   1.4015774726867676
48   1.831295132637024
49   1.926526665687561
50   1.5356333255767822
51   2.1353726387023926
52   1.3383311033248901
53   1.7265290021896362
54   1.6524981260299683
55   1.5098240375518799
56   1.6219102144241333
57   1.5787369012832642
58   1.4873489141464233
59   1.5555298328399658
60   1.2831370830535889
61   1.2061103582382202
62   1.3340165615081787
63   1.5473803281784058
64   1.716211199760437
65   1.5560146570205688
66   1.7296478748321533
67   1.541201114654541
68   2.0171360969543457
69   1.811252474784851
70   1.9083168506622314
71   1.7314279079437256
72   2.1614768505096436
73   1.9068819284439087
74   1.8176815509796143
75   1.7342619895935059
76   1.7173314094543457
77   2.1171772480010986
78   1.8431395292282104
79   1.7433524131774902
80   1.6658298969268799
81   1.9782177209854126
82   1.9307630062103271
83   1.846901535987854
84   1.5939950942993164
85   1.195789098739624
86   1.3504774570465088
87   1.2570098638534546
88   1.565173625946045
89   1.3395887613296509
90   1.363665223121643
91   1.7707875967025757
92   1.7433578968048096
93   2.033527135848999
94   1.4391745328903198
95   2.114250421524048
96   2.5826070308685303
97   2.1299307346343994
98   2.4075992107391357
99   1.8633055686950684
100   1.8914084434509277
101   1.6669695377349854
102   2.0693438053131104
103   1.9376877546310425
104   1.7374821901321411
105   2.1919870376586914
106   1.8665322065353394
107   1.963707447052002
108   1.6165084838867188
109   1.6417508125305176
110   1.1639446020126343
111   1.3646587133407593
112   1.4890596866607666
113   1.9700652360916138
114   1.8017717599868774
115   1.8542455434799194
116   2.0632381439208984
117   1.93944251537323
118   1.8531657457351685
119   2.083120346069336
120   2.327390193939209
121   2.186943531036377
122   3.0436654090881348
123   1.9331557750701904
124   2.4275715351104736
125   1.6686179637908936
126   1.9169095754623413
127   1.5940349102020264
128   1.7451988458633423
129   1.5709192752838135
130   1.7172456979751587
131   1.6740293502807617
132   1.5452178716659546
133   1.9429112672805786
134   2.1023271083831787
135   1.7274225950241089
136   1.7437005043029785
137   2.0277369022369385
138   1.5342596769332886
139   1.6792900562286377
140   1.466360330581665
141   1.6547703742980957
142   1.7475961446762085
143   1.4744908809661865
144   1.2978235483169556
145   1.6027339696884155
146   1.7242705821990967
147   1.323415994644165
148   2.068432331085205
149   1.9505856037139893
150   1.7399506568908691
151   1.6246269941329956
152   1.463783860206604
153   1.6364299058914185
154   1.8006328344345093
155   1.4968600273132324
156   1.6426130533218384
157   1.3973308801651
158   1.8652821779251099
159   1.8078334331512451
160   1.8195610046386719
161   1.8127343654632568
162   1.5589529275894165
163   2.0703070163726807
164   1.6476540565490723
