0.05 0.0 0.0
0.15000000000000002 0.0 0.0
0.25 0.0 0.0
0.35000000000000003 0.0 0.0
0.45 0.0 0.0
0.55 0.0 0.0
0.65 0.0 0.0
0.75 0.0 0.0
0.8500000000000001 0.0 0.0
0.9500000000000001 0.0 0.0
1.05 0.0 0.0
1.1500000000000001 0.0 0.0
1.25 0.0 0.0
1.35 0.0 0.0
1.4500000000000002 0.0 0.0
1.55 0.0 0.0
1.6500000000000001 0.0 0.0
1.75 0.0 0.0
1.85 0.0 0.0
1.9500000000000002 0.0 0.0
2.0500000000000003 0.31903917661795234 0.0003418803418803418
2.15 8.124973583902001 0.009914529914529891
2.25 16.994390757033738 0.03183760683760675
2.35 12.42004714013899 0.04931623931623917
2.45 4.69415050045814 0.05649572649572643
2.5500000000000003 2.0125447192439196 0.05982905982905981
2.6500000000000004 0.6922629515949833 0.06106837606837608
2.75 0.5764663790497724 0.062179487179487215
2.85 0.22713862138171334 0.0626495726495727
2.95 0.28894804494913223 0.06329059829059835
3.0500000000000003 0.36043698482362446 0.0641452991452992
3.1500000000000004 0.2705129381262145 0.0648290598290599
3.25 0.5243598349488502 0.0662393162393163
3.35 1.0904959029605645 0.06935897435897449
3.45 1.296053456238312 0.07329059829059842
3.5500000000000003 1.8502689519554187 0.07923076923076955
3.6500000000000004 3.185325778231947 0.09004273504273544
3.75 4.532029212324983 0.10628205128205179
3.85 5.657213633727296 0.12764957264957316
3.95 8.255986750834824 0.16047008547008598
4.05 9.498880413276206 0.20017094017094061
4.15 9.622557019374256 0.24239316239316278
4.25 10.500381034162764 0.29072649572649595
4.3500000000000005 10.05878511471178 0.33923076923076934
4.45 10.290346108212143 0.3911538461538465
4.55 9.802500737853503 0.4428632478632482
4.65 10.35610647408742 0.4999145299145294
4.75 8.90496558249297 0.5511111111111113
4.8500000000000005 8.249149010306597 0.6005555555555561
4.95 6.31785297608596 0.6399999999999993
5.050000000000001 5.359566768817851 0.6748290598290592
5.15 4.470880900876812 0.7050427350427346
5.25 3.517029621618222 0.7297435897435892
5.3500000000000005 3.468845844841436 0.7550427350427343
5.45 3.326256790374853 0.7802136752136747
5.550000000000001 3.501211040236011 0.8076923076923067
5.65 3.6830605264142204 0.8376495726495715
5.75 3.7437804667841155 0.8691880341880341
5.8500000000000005 4.435459895403575 0.907863247863247
5.95 4.533794226432365 0.9487606837606848
6.050000000000001 5.416212053831124 0.9992735042735041
6.15 5.676113967751052 1.053974358974359
6.25 5.959265741100717 1.113290598290599
6.3500000000000005 6.193398247317739 1.1769230769230774
6.45 6.345721406583096 1.2441880341880358
6.550000000000001 6.219775482573585 1.312179487179488
6.65 6.156180971304067 1.3815384615384623
6.75 5.621128577641353 1.4467948717948713
6.8500000000000005 5.6153041214551225 1.5139316239316232
6.95 5.503629963627994 1.5816666666666679
7.050000000000001 5.29775551360308 1.6487606837606845
7.15 5.023136867129542 1.7141880341880356
7.25 5.089853399468789 1.782350427350427
7.3500000000000005 5.174953843396487 1.8535897435897437
7.45 4.781022383570613 1.9211965811965799
7.550000000000001 4.639797561520647 1.9885897435897442
7.65 4.585610752201812 2.0569658119658105
7.75 4.428654770317057 2.1247435897435882
7.8500000000000005 4.528954411213082 2.195854700854701
7.95 4.516836407324164 2.2685897435897426
8.05 4.467108226455924 2.3423504273504268
8.15 4.610799448637958 2.4203846153846142
8.25 4.492843931935513 2.498290598290598
8.35 4.796603907078905 2.5835042735042726
8.450000000000001 4.834240304804971 2.6714529914529916
8.55 4.758362631129906 2.7600854700854716
8.65 4.6939486996363 2.8495726495726506
8.75 4.722954800846947 2.941709401709403
8.85 4.610394411571713 3.0337179487179506
8.950000000000001 4.728212588498227 3.130213675213678
9.05 4.644905729521966 3.2271367521367536
9.15 4.475308654515773 3.32260683760684
9.25 4.481218698589906 3.4202991452991465
9.35 4.314606353972985 3.5164102564102544
9.450000000000001 4.298821117119991 3.6142307692307676
9.55 4.132246382103041 3.7102564102564104
9.65 4.149639907370184 3.808717948717952
9.75 4.0474136467953965 3.9067521367521394
9.850000000000001 3.8481509762832404 4.001880341880348
9.950000000000001 3.8357066008623755 4.098632478632473
10.05 3.8294151271907735 4.197179487179484
