0.05 0.0 0.0
0.15000000000000002 0.0 0.0
0.25 0.0 0.0
0.35000000000000003 0.0 0.0
0.45 0.0 0.0
0.55 0.0 0.0
0.65 0.0 0.0
0.75 0.0 0.0
0.8500000000000001 0.0 0.0
0.9500000000000001 0.0 0.0
1.05 0.0 0.0
1.1500000000000001 0.0 0.0
1.25 0.0 0.0
1.35 0.0 0.0
1.4500000000000002 0.0 0.0
1.55 0.0 0.0
1.6500000000000001 0.0 0.0
1.75 0.0 0.0
1.85 0.0 0.0
1.9500000000000002 0.0 0.0
2.0500000000000003 0.0005916247124446689 0.0001801801801801802
2.15 0.03213829564020585 0.010945945945945975
2.25 0.1264680587992931 0.05734234234234237
2.35 0.09995208524513327 0.09734234234234217
2.45 0.040180877263794886 0.11481981981981973
2.5500000000000003 0.014052754750349944 0.12144144144144138
2.6500000000000004 0.005488182637440563 0.12423423423423412
2.75 0.0030413656025265433 0.1259009009009008
2.85 0.0018367798827888227 0.12698198198198185
2.95 0.0020001039206239365 0.1282432432432431
3.0500000000000003 0.001937936591668678 0.12954954954954942
3.1500000000000004 0.0018795064554737832 0.13090090090090073
3.25 0.0026484493773803026 0.13292792792792776
3.35 0.003655966611072171 0.1359009009009008
3.45 0.005849645854661548 0.1409459459459457
3.5500000000000003 0.0075472051471890695 0.14783783783783763
3.6500000000000004 0.011198980671394411 0.15864864864864825
3.75 0.012908468749625299 0.17180180180180135
3.85 0.01727951259870727 0.19036036036035997
3.95 0.021077467704857498 0.2141891891891887
4.05 0.02395328682342016 0.2426576576576575
4.15 0.02663908489674053 0.275900900900901
4.25 0.028601135428508857 0.31333333333333324
4.3500000000000005 0.028582601870780204 0.35252252252252253
4.45 0.028379862026722366 0.3932432432432435
4.55 0.02852748447404165 0.43603603603603613
4.65 0.03154017736799843 0.48545045045045
4.75 0.028325005456482557 0.5317567567567566
4.8500000000000005 0.02479043358099672 0.5740090090090092
4.95 0.020246868874622397 0.6099549549549551
5.050000000000001 0.017210278599178744 0.641756756756757
5.15 0.015399882709941717 0.671351351351352
5.25 0.011570863620373307 0.6944594594594596
5.3500000000000005 0.010555922863714545 0.7163513513513512
5.45 0.009523275639341631 0.7368468468468462
5.550000000000001 0.00930429254039192 0.7576126126126113
5.65 0.008822062215827152 0.7780180180180165
5.75 0.009326424693688707 0.8003603603603587
5.8500000000000005 0.010227423376524493 0.8257207207207199
5.95 0.011923555212895693 0.8563063063063053
6.050000000000001 0.012398877528155335 0.8891891891891891
6.15 0.013544019128659686 0.9263063063063068
6.25 0.015310378219596407 0.9696396396396407
6.3500000000000005 0.01609623187439055 1.0166666666666675
6.45 0.0162435729252643 1.0656306306306298
6.550000000000001 0.01589628860121251 1.115045045045045
6.65 0.016602694248620823 1.1682432432432437
6.75 0.016469178180701444 1.2226126126126124
6.8500000000000005 0.015289634364587884 1.2745945945945938
6.95 0.015534966293009744 1.3289639639639639
7.050000000000001 0.01632319403330619 1.3877477477477485
7.15 0.015748193866117637 1.446081081081083
7.25 0.01683069882181572 1.5101801801801797
7.3500000000000005 0.016065127912325613 1.5730630630630613
7.45 0.016073593538429635 1.6377027027027022
7.550000000000001 0.015018059993783672 1.699729729729729
7.65 0.014086224852377469 1.759459459459459
7.75 0.014283998724984204 1.8216216216216212
7.8500000000000005 0.013125391219139724 1.8802252252252258
7.95 0.013279261764018044 1.941036036036036
8.05 0.012394965292569865 1.9992342342342353
8.15 0.012579365893709836 2.0597747747747768
8.25 0.01262336022364899 2.1220270270270296
8.35 0.013276900573729069 2.1890990990991
8.450000000000001 0.014000634073193493 2.261531531531532
8.55 0.013641035234119752 2.333783783783784
8.65 0.013543493369939747 2.4072072072072075
8.75 0.013325020778946284 2.481126126126129
8.85 0.012938281298677917 2.5545495495495487
8.950000000000001 0.01337256863637246 2.632162162162158
9.05 0.013754245222575663 2.713783783783783
9.15 0.012987436750257556 2.7925675675675703
9.25 0.013325753732403614 2.8751801801801777
9.35 0.012907121990151493 2.9569369369369327
9.450000000000001 0.012148087420918498 3.035540540540542
9.55 0.012638023696832432 3.119054054054053
9.65 0.012190524932250486 3.201306306306309
9.75 0.011686693681368574 3.2818018018018003
9.850000000000001 0.011668469666378859 3.363828828828826
9.950000000000001 0.011874678459350207 3.4490090090090093
10.05 0.011097883639105124 3.5302252252252253
