0.05 0.0 0.0
0.15000000000000002 0.0 0.0
0.25 0.0 0.0
0.35000000000000003 0.0 0.0
0.45 0.0 0.0
0.55 0.0 0.0
0.65 0.0 0.0
0.75 0.0 0.0
0.8500000000000001 0.0 0.0
0.9500000000000001 0.0 0.0
1.05 0.0 0.0
1.1500000000000001 0.0 0.0
1.25 0.0 0.0
1.35 0.0 0.0
1.4500000000000002 0.0 0.0
1.55 0.0 0.0
1.6500000000000001 0.0 0.0
1.75 0.0 0.0
1.85 0.0 0.0
1.9500000000000002 0.0 0.0
2.0500000000000003 0.0011832494248893376 0.0003418803418803418
2.15 0.02810419995315072 0.009273504273504252
2.25 0.05795429490608419 0.029444444444444367
2.35 0.04097135025814026 0.04499999999999987
2.45 0.015326726378973305 0.051324786324786174
2.5500000000000003 0.006787384947447932 0.05435897435897423
2.6500000000000004 0.0022129768699357096 0.055427350427350336
2.75 0.0019727776881253256 0.0564529914529914
2.85 0.0007653249511620099 0.05688034188034184
2.95 0.0010714842431913943 0.05752136752136751
3.0500000000000003 0.0012028571948288348 0.058290598290598274
3.1500000000000004 0.0008771030125544324 0.058888888888888886
3.25 0.0017656329182535351 0.0601709401709402
3.35 0.0035451797440699834 0.06290598290598297
3.45 0.00464837929522212 0.06670940170940183
3.5500000000000003 0.006067361000681401 0.07196581196581225
3.6500000000000004 0.010359057121039827 0.0814529914529918
3.75 0.01494199464853884 0.09589743589743632
3.85 0.01895713518110602 0.11521367521367576
3.95 0.026735313478184083 0.1438888888888894
4.05 0.03062382239449922 0.17841880341880412
4.15 0.031223317663523792 0.21538461538461592
4.25 0.03455540309292767 0.2582905982905987
4.3500000000000005 0.03272215110723804 0.3008547008547017
4.45 0.033779570288443875 0.3468376068376074
4.55 0.030989856818116907 0.39094017094017086
4.65 0.03412779447202744 0.44166666666666615
4.75 0.029261824703097756 0.48705128205128195
4.8500000000000005 0.02743333694784075 0.5314102564102556
4.95 0.020754309197294634 0.5663675213675216
5.050000000000001 0.017527181746189134 0.5970940170940172
5.15 0.01479045051746305 0.624059829059828
5.25 0.011773861227748272 0.6463675213675211
5.3500000000000005 0.011381283087626376 0.6687606837606833
5.45 0.010862813311688589 0.6909401709401708
5.550000000000001 0.011403308644948873 0.7150854700854691
5.65 0.012171719392697535 0.7417948717948709
5.75 0.012353752064019119 0.7698717948717955
5.8500000000000005 0.014514584862953945 0.8040170940170941
5.95 0.014627866704480285 0.8396153846153842
6.050000000000001 0.01746033712184065 0.883547008547008
6.15 0.01859015246907051 0.9318803418803419
6.25 0.019702960744137594 0.9847863247863248
6.3500000000000005 0.020536571701808677 1.041709401709402
6.45 0.02078639368817171 1.1011538461538464
6.550000000000001 0.0206782168039474 1.1621367521367518
6.65 0.020229701120885124 1.223632478632479
6.75 0.018665978252857967 1.2820940170940183
6.8500000000000005 0.01841645733689529 1.3414957264957275
6.95 0.01808337004281579 1.401538461538463
7.050000000000001 0.017323849606229184 1.4607264957264967
7.15 0.01644135761157607 1.518504273504275
7.25 0.016842526438696825 1.5793589743589747
7.3500000000000005 0.017054813442741068 1.6426923076923066
7.45 0.01582716910787528 1.7030769230769236
7.550000000000001 0.015345250843321456 1.7632051282051302
7.65 0.015297257758237991 1.8247435897435886
7.75 0.014273648001270412 1.8836752136752137
7.8500000000000005 0.014981710961124137 1.947136752136752
7.95 0.014567841979637574 2.010427350427351
8.05 0.014524750350581104 2.0751282051282054
8.15 0.014947356646022779 2.143376068376069
8.25 0.014751611259908181 2.2123931623931608
8.35 0.015568481129436484 2.287008547008548
8.450000000000001 0.01578554078028592 2.3644871794871793
8.55 0.015435460691974726 2.442051282051284
8.65 0.015595789604525751 2.5222649572649565
8.75 0.015614878097448923 2.6044444444444466
8.85 0.015200496126974376 2.6862820512820513
8.950000000000001 0.01582511169446517 2.7734188034188034
9.05 0.015264783191280124 2.8593589743589773
9.15 0.01459879968610995 2.943376068376068
9.25 0.01471355033157975 3.0299145299145263
9.35 0.01423694668004585 3.1154700854700854
9.450000000000001 0.014187852242883622 3.202564102564106
9.55 0.013708233902011858 3.2885042735042718
9.65 0.013545769489340772 3.3752136752136748
9.75 0.01329549426649263 3.462094017094021
9.850000000000001 0.012405358195557095 3.5448290598290617
9.950000000000001 0.01277265784575268 3.6317521367521386
10.05 0.012550518436015174 3.7188888888888907
