0.05 0.0 0.0
0.15000000000000002 0.0 0.0
0.25 0.0 0.0
0.35000000000000003 0.0 0.0
0.45 0.0 0.0
0.55 0.0 0.0
0.65 0.0 0.0
0.75 0.0 0.0
0.8500000000000001 0.0 0.0
0.9500000000000001 0.0 0.0
1.05 0.0 0.0
1.1500000000000001 0.0 0.0
1.25 0.0 0.0
1.35 0.0 0.0
1.4500000000000002 0.0 0.0
1.55 0.0 0.0
1.6500000000000001 0.0 0.0
1.75 0.0 0.0
1.85 0.0 0.0
1.9500000000000002 0.0 0.0
2.0500000000000003 0.14182281199594596 0.0001801801801801802
2.15 10.081890872788543 0.014279279279279305
2.25 38.30963232890756 0.07292792792792789
2.35 30.472582814062402 0.1238288288288287
2.45 12.481911895348114 0.1464864864864862
2.5500000000000003 4.376140045354408 0.15509009009008973
2.6500000000000004 1.7812253567412704 0.15887387387387342
2.75 0.8468532539330079 0.16081081081081047
2.85 0.6237300876461398 0.16234234234234196
2.95 0.6675871214805381 0.16409909909909867
3.0500000000000003 0.5125663557120953 0.16554054054054007
3.1500000000000004 0.5854607789862549 0.1672972972972969
3.25 0.8178328184254703 0.1699099099099095
3.35 1.167542475146779 0.1738738738738735
3.45 1.7275361853531312 0.18009009009008972
3.5500000000000003 2.2807036867017723 0.18878378378378335
3.6500000000000004 3.331836141894748 0.20220720720720653
3.75 4.100055629946099 0.21963963963963898
3.85 5.2961808876505305 0.2433783783783781
3.95 6.443517991918575 0.2737837837837836
4.05 7.365696859075946 0.3103153153153155
4.15 7.895453399118427 0.3514414414414414
4.25 8.584141907190503 0.3983333333333335
4.3500000000000005 8.602130926870334 0.44756756756756794
4.45 8.536429025022798 0.49869369369369376
4.55 8.661817155145997 0.5529279279279283
4.65 9.3411335830621 0.6140090090090096
4.75 8.252813897199758 0.6703153153153151
4.8500000000000005 7.250166440493609 0.7218918918918922
4.95 5.981164513965714 0.7662162162162159
5.050000000000001 5.192682661732954 0.8062612612612613
5.15 4.615748290802746 0.8432882882882886
5.25 3.4748627317946497 0.8722522522522521
5.3500000000000005 3.0546464377586946 0.8986936936936935
5.45 2.893908570253316 0.9246846846846832
5.550000000000001 2.926006436130095 0.9519369369369363
5.65 2.6781297719426105 0.9777927927927916
5.75 2.8112999446169304 1.0059009009009003
5.8500000000000005 2.942156413405889 1.0363513513513527
5.95 3.6392766115101787 1.0753153153153168
6.050000000000001 3.7232154338595693 1.116531531531532
6.15 4.0453555384380655 1.1627927927927943
6.25 4.610491010231524 1.2172522522522533
6.3500000000000005 4.77265955473216 1.2754504504504514
6.45 4.872885268652476 1.3367567567567578
6.550000000000001 4.78044551615725 1.398783783783785
6.65 4.988687381206715 1.4654954954954964
6.75 4.894103072934947 1.5329279279279286
6.8500000000000005 4.611988140743185 1.5983783783783783
6.95 4.688293076228448 1.6668468468468476
7.050000000000001 4.810309613129943 1.7391441441441449
7.15 4.821960722180133 1.813693693693695
7.25 5.0245083739501375 1.8935585585585604
7.3500000000000005 4.742006584132413 1.9710360360360344
7.45 4.730646035187572 2.05045045045045
7.550000000000001 4.300533425714577 2.1245945945945954
7.65 4.155945027897809 2.1981531531531546
7.75 4.228253989655626 2.2749549549549557
7.8500000000000005 3.8985627484796073 2.3476126126126147
7.95 3.9355133323229357 2.4228378378378386
8.05 3.75384694751858 2.496396396396395
8.15 3.805250698818496 2.572837837837836
8.25 3.7798594782148616 2.650630630630634
8.35 3.965392636286875 2.7342342342342367
8.450000000000001 4.195065498302529 2.824819819819821
8.55 4.050643288614826 2.914369369369374
8.65 4.007064775178383 3.0050450450450445
8.75 4.033132955355468 3.098423423423428
8.85 3.816812139040664 3.188828828828827
8.950000000000001 3.9185174191240475 3.283738738738736
9.05 4.01041433672333 3.3830630630630605
9.15 3.855071995220445 3.480675675675679
9.25 3.940960016821754 3.5826576576576588
9.35 3.8677762586415327 3.6849099099099107
9.450000000000001 3.6863249369463222 3.784459459459462
9.55 3.7808285665873975 3.8887387387387355
9.65 3.673418430706918 3.9922072072072057
9.75 3.5005620883709483 4.092837837837839
9.850000000000001 3.5480797602999377 4.196936936936935
9.950000000000001 3.5597190600253197 4.303513513513513
10.05 3.4240372513307333 4.4081081081081095
