0.05 0.0 0.0
0.15000000000000002 0.0 0.0
0.25 0.0 0.0
0.35000000000000003 0.0 0.0
0.45 0.0 0.0
0.55 0.0 0.0
0.65 0.0 0.0
0.75 0.0 0.0
0.8500000000000001 0.0 0.0
0.9500000000000001 0.0 0.0
1.05 0.0 0.0
1.1500000000000001 0.0 0.0
1.25 0.0 0.0
1.35 0.0 0.0
1.4500000000000002 0.0 0.0
1.55 0.0 0.0
1.6500000000000001 0.0 0.0
1.75 0.0 0.0
1.85 0.0 0.0
1.9500000000000002 0.0 0.0
2.0500000000000003 0.11964587423539177 0.00012820512820512823
2.15 6.0593747271497795 0.007264957264957249
2.25 14.6744162452435 0.026196581196581123
2.35 10.080740712706797 0.04038461538461526
2.45 3.968016699940974 0.04645299145299132
2.5500000000000003 1.9855680736235575 0.04974358974358959
2.6500000000000004 0.8597259687532286 0.05128205128205113
2.75 0.3990498310740016 0.05205128205128189
2.85 0.24786168321715674 0.05256410256410241
2.95 0.23146638961246738 0.053076923076922924
3.0500000000000003 0.19812662593765248 0.05354700854700839
3.1500000000000004 0.30423733142346304 0.05431623931623918
3.25 0.4289663290503256 0.05547008547008538
3.35 0.6726464133367764 0.057393162393162354
3.45 1.197324921676326 0.06102564102564105
3.5500000000000003 1.6107147419975665 0.06619658119658134
3.6500000000000004 3.235648262527929 0.07717948717948749
3.75 4.329205894825838 0.0926923076923082
3.85 6.099140890888377 0.11572649572649629
3.95 8.127607715725063 0.14803418803418877
4.05 9.029891249527413 0.18576923076923146
4.15 9.681748781756278 0.22824786324786422
4.25 9.71442491234928 0.27294871794871867
4.3500000000000005 9.335668967571095 0.3179487179487186
4.45 9.690776885047718 0.36683760683760747
4.55 9.772763496507082 0.4183760683760688
4.65 9.255852520033901 0.4693589743589746
4.75 8.474988831893354 0.5180769230769229
4.8500000000000005 6.9086369125149805 0.5594871794871795
4.95 5.956261808975078 0.5966666666666666
5.050000000000001 4.952945576320376 0.6288461538461533
5.15 4.591869645202089 0.6598717948717946
5.25 3.663604557903187 0.6855982905982904
5.3500000000000005 3.6915152147365515 0.712521367521367
5.45 3.619649748538886 0.7399145299145293
5.550000000000001 3.796036529879809 0.7697008547008541
5.65 3.936060718474149 0.8017094017094007
5.75 4.272229244257672 0.8376923076923066
5.8500000000000005 4.387492383988943 0.8759401709401712
5.95 4.833337295645562 0.9195299145299135
6.050000000000001 5.004344297181412 0.9661965811965801
6.15 5.752182943530437 1.0216239316239324
6.25 6.08542811413265 1.0821794871794863
6.3500000000000005 6.389829505057659 1.1478205128205132
6.45 6.173657285796766 1.2132478632478632
6.550000000000001 6.197207050658721 1.2809829059829079
6.65 5.853072858364096 1.3469230769230782
6.75 5.776494554573648 1.4139743589743614
6.8500000000000005 5.667293042395241 1.4817094017094021
6.95 5.285467153891282 1.546752136752136
7.050000000000001 5.150303391482503 1.6119658119658116
7.15 5.204140889787225 1.6797435897435893
7.25 4.5442781134849275 1.7405982905982906
7.3500000000000005 4.635503885123406 1.8044017094017106
7.45 4.337413287603811 1.8657264957264936
7.550000000000001 4.169741089204002 1.926282051282049
7.65 4.33953358653933 1.9909829059829063
7.75 4.133864285645206 2.054230769230767
7.8500000000000005 4.273935313014329 2.121324786324787
7.95 4.270593493720116 2.1900854700854695
8.05 4.543243708236112 2.2650854700854697
8.15 4.573600552134765 2.342478632478632
8.25 4.586338883948417 2.4220085470085446
8.35 4.826572665959421 2.5077350427350438
8.450000000000001 5.072380780479367 2.6
8.55 5.050814430822149 2.6940598290598317
8.65 4.681244894999132 2.783290598290598
8.75 4.732701187155282 2.8755982905982886
8.85 4.66515836165481 2.968675213675214
8.950000000000001 4.613499779587634 3.062820512820512
9.05 4.659080761961407 3.1600427350427336
9.15 4.662940904873155 3.25948717948718
9.25 4.672236817330092 3.361324786324788
9.35 4.2346473672644676 3.455641025641027
9.450000000000001 4.2207543260406135 3.551666666666669
9.55 4.160418600110447 3.6483333333333343
9.65 4.055153922375285 3.7445299145299162
9.75 4.02331313178381 3.841965811965811
9.850000000000001 3.8176555948096147 3.936324786324791
9.950000000000001 3.7290199656320158 4.030384615384615
10.05 3.7701029926725123 4.127393162393166
