0.05 0.0 0.0
0.15000000000000002 0.0 0.0
0.25 0.0 0.0
0.35000000000000003 0.0 0.0
0.45 0.0 0.0
0.55 0.0 0.0
0.65 0.0 0.0
0.75 0.0 0.0
0.8500000000000001 0.0 0.0
0.9500000000000001 0.0 0.0
1.05 0.0 0.0
1.1500000000000001 0.0 0.0
1.25 0.0 0.0
1.35 0.0 0.0
1.4500000000000002 0.0 0.0
1.55 0.0 0.0
1.6500000000000001 0.0 0.0
1.75 0.0 0.0
1.85 0.0 0.0
1.9500000000000002 0.0 0.0
2.0500000000000003 0.32025327933480346 0.0003418803418803418
2.15 13.880805560985015 0.016623931623931578
2.25 44.613159388228105 0.07393162393162415
2.35 34.79835901604443 0.1226923076923083
2.45 15.210027574273507 0.14585470085470156
2.5500000000000003 5.985543396271092 0.1557264957264965
2.6500000000000004 2.5428186253578975 0.16025641025641107
2.75 1.2470677811202153 0.16264957264957344
2.85 0.7260033523847964 0.1641452991452999
2.95 0.3868907826294415 0.16500000000000084
3.0500000000000003 0.6697987329954946 0.16658119658119744
3.1500000000000004 0.6625485538623879 0.168247863247864
3.25 0.8769691095332551 0.1705982905982914
3.35 1.4103852287159302 0.1746153846153854
3.45 2.093841140649006 0.18094017094017162
3.5500000000000003 2.9009412722345678 0.19021367521367596
3.6500000000000004 3.880570489207886 0.2033333333333339
3.75 4.970036939997199 0.2210683760683765
3.85 6.2506311017640686 0.24457264957264988
3.95 7.233869311623407 0.2732051282051285
4.05 9.181258644383814 0.31141025641025655
4.15 9.292430000760907 0.3520085470085474
4.25 9.427546399441335 0.3952136752136757
4.3500000000000005 9.380928071690484 0.44025641025641005
4.45 9.850025025291487 0.4897435897435901
4.55 10.008498213347407 0.5423076923076928
4.65 10.158243294754339 0.5980341880341876
4.75 9.242728797681664 0.6509401709401706
4.8500000000000005 8.084992909559036 0.699188034188034
4.95 6.564576948994908 0.7399999999999995
5.050000000000001 5.548158117614054 0.7758974358974354
5.15 4.648230724325473 0.8071794871794863
5.25 3.972452463896014 0.834957264957264
5.3500000000000005 3.2307773330443332 0.8584188034188028
5.45 3.2430613734412748 0.882863247863248
5.550000000000001 2.8274602499973756 0.9049572649572644
5.65 3.01786915441263 0.9294017094017089
5.75 3.174013803437296 0.9560256410256406
5.8500000000000005 3.469427294609788 0.9861538461538474
5.95 3.796568081703628 1.0202564102564093
6.050000000000001 4.008611732824803 1.0574786324786318
6.15 4.805638506257667 1.1035897435897437
6.25 4.988765815315015 1.15303418803419
6.3500000000000005 5.577368149483241 1.2100854700854713
6.45 5.6073116044322955 1.2692735042735046
6.550000000000001 5.4182674858884905 1.3282478632478654
6.65 5.542032813413531 1.3904273504273519
6.75 5.559639090237582 1.4547008547008544
6.8500000000000005 5.690231513305908 1.5224358974358951
6.95 5.628927051640212 1.5914102564102564
7.050000000000001 5.622409207936884 1.662307692307691
7.15 5.160352652950742 1.7292307692307674
7.25 5.515038848845945 1.802777777777776
7.3500000000000005 5.256944391019337 1.8748290598290602
7.45 5.171339165787709 1.9476495726495722
7.550000000000001 5.0032158622350815 2.0199999999999982
7.65 4.717834297911764 2.090042735042734
7.75 4.71475182700761 2.1618803418803427
7.8500000000000005 4.436023733390909 2.2312393162393183
7.95 4.543957759372853 2.3041025641025628
8.05 4.413833641447347 2.3766666666666665
8.15 4.431229367741413 2.451324786324788
8.25 4.4943592427112975 2.528931623931625
8.35 4.469717286331183 2.6079914529914525
8.450000000000001 4.48022337059401 2.689145299145298
8.55 4.523034400066919 2.773034188034189
8.65 4.5518030090464965 2.8594444444444456
8.75 4.587252334510721 2.948547008547008
8.85 4.593807828239281 3.039829059829062
8.950000000000001 4.489587376989267 3.1310683760683755
9.05 4.450282222753883 3.223547008547011
9.15 4.50463157061295 3.319230769230769
9.25 4.393712343048924 3.4146153846153813
9.35 4.547472369907948 3.515470085470085
9.450000000000001 4.404408213683542 3.6152564102564084
9.55 4.146452392618186 3.711196581196583
9.65 4.030181911084678 3.8064102564102558
9.75 3.9885868623980176 3.9026068376068364
9.850000000000001 3.942895346175836 3.9996581196581165
9.950000000000001 3.78728024502755 4.094786324786324
10.05 3.525742365425209 4.185128205128204
