0.05 0.0 0.0
0.15000000000000002 0.0 0.0
0.25 0.0 0.0
0.35000000000000003 0.0 0.0
0.45 0.0 0.0
0.55 0.0 0.0
0.65 0.0 0.0
0.75 0.0 0.0
0.8500000000000001 0.0 0.0
0.9500000000000001 0.0 0.0
1.05 0.0 0.0
1.1500000000000001 0.0 0.0
1.25 0.0 0.0
1.35 0.0 0.0
1.4500000000000002 0.0 0.0
1.55 0.0 0.0
1.6500000000000001 0.0 0.0
1.75 0.0 0.0
1.85 0.0 0.0
1.9500000000000002 0.0 0.0
2.0500000000000003 0.0007395308905558361 0.00021367521367521368
2.15 0.039803077445610596 0.012863247863247829
2.25 0.12769590403035427 0.05730769230769227
2.35 0.10107767179068654 0.0956837606837611
2.45 0.043805440934498015 0.11376068376068421
2.5500000000000003 0.018067827536164212 0.12183760683760735
2.6500000000000004 0.007524121357781419 0.125470085470086
2.75 0.0033701618838807646 0.12722222222222276
2.85 0.002219442358369827 0.128461538461539
2.95 0.0010000519603119678 0.12905982905982963
3.0500000000000003 0.0017374603925305392 0.13017094017094075
3.1500000000000004 0.002067457101021161 0.1315811965811971
3.25 0.002589594946771851 0.13346153846153905
3.35 0.003988327212078731 0.13653846153846214
3.45 0.005954103816351932 0.14141025641025695
3.5500000000000003 0.008435111635093674 0.1487179487179494
3.6500000000000004 0.011945579382820709 0.15965811965812018
3.75 0.015163030072333791 0.1743162393162398
3.85 0.018537729535506333 0.19320512820512856
3.95 0.021954035359879907 0.21675213675213723
4.05 0.027402256919830368 0.24764957264957344
4.15 0.02822732302066544 0.2810683760683767
4.25 0.02815370491037334 0.31602564102564173
4.3500000000000005 0.02831977334783052 0.35286324786324774
4.45 0.029729789092152757 0.3933333333333336
4.55 0.029248178818649058 0.4349572649572652
4.65 0.03056263312869859 0.4803846153846155
4.75 0.02733307919536055 0.522777777777778
4.8500000000000005 0.02444685614330701 0.5623076923076927
4.95 0.02019612484235517 0.5963247863247861
5.050000000000001 0.016868998287013715 0.6258974358974357
5.15 0.014063819826430781 0.6515384615384612
5.25 0.012112190573373227 0.6744871794871786
5.3500000000000005 0.009600242604448203 0.6933760683760679
5.45 0.009795369229037109 0.7133760683760687
5.550000000000001 0.00863825858413828 0.7316666666666662
5.65 0.009328405742563365 0.7521367521367518
5.75 0.009533260725201961 0.7738034188034196
5.8500000000000005 0.010354584946037231 0.7981623931623932
5.95 0.01139674128596364 0.8258974358974354
6.050000000000001 0.011753456506141756 0.855470085470085
6.15 0.014661729445102488 0.8935897435897435
6.25 0.015055735754405629 0.9340170940170932
6.3500000000000005 0.01672836358593272 0.9803846153846152
6.45 0.017349391137287836 1.030000000000001
6.550000000000001 0.01673674870957196 1.0793589743589747
6.65 0.01682762490736587 1.130512820512821
6.75 0.016387309855030997 1.1818376068376055
6.8500000000000005 0.017383015846047935 1.2379059829059824
6.95 0.01683490961993101 1.2938034188034195
7.050000000000001 0.01696111196104462 1.351752136752138
7.15 0.015675229261332503 1.4068376068376047
7.25 0.01662962933483687 1.4669230769230763
7.3500000000000005 0.015927032256918824 1.5260683760683758
7.45 0.015793565776436057 1.5863247863247842
7.550000000000001 0.014930809100573605 1.6448290598290591
7.65 0.014064978661046596 1.7014102564102558
7.75 0.014304700172411719 1.7604700854700843
7.8500000000000005 0.013549116377636167 1.817863247863249
7.95 0.0135448469992984 1.8767094017094015
8.05 0.013354327931313657 1.936196581196581
8.15 0.013309418378612636 1.9969658119658111
8.25 0.013673784554849874 2.0609401709401696
8.35 0.013437400379187192 2.125341880341878
8.450000000000001 0.013486929216030301 2.19153846153846
8.55 0.013521973829333163 2.2594871794871794
8.65 0.013801069010717745 2.330470085470086
8.75 0.013934025384931032 2.4038034188034185
8.85 0.013898730401217842 2.478632478632478
8.950000000000001 0.013411374697418255 2.552478632478631
9.05 0.013336759854340761 2.6275641025641034
9.15 0.013284462176221116 2.704017094017096
9.25 0.013093243307410737 2.781025641025641
9.35 0.013874267219165574 2.8644017094017085
9.450000000000001 0.013380300299716536 2.94653846153846
9.55 0.012508507812129192 3.024957264957266
9.65 0.011756579630719114 3.1002136752136726
9.75 0.011830570156460971 3.1775213675213676
9.850000000000001 0.011815847372214507 3.256324786324786
9.950000000000001 0.011284398303253475 3.333119658119658
10.05 0.010568533670739597 3.4064957264957267
