0.05 0.0 0.0
0.15000000000000002 0.0 0.0
0.25 0.0 0.0
0.35000000000000003 0.0 0.0
0.45 0.0 0.0
0.55 0.0 0.0
0.65 0.0 0.0
0.75 0.0 0.0
0.8500000000000001 0.0 0.0
0.9500000000000001 0.0 0.0
1.05 0.0 0.0
1.1500000000000001 0.0 0.0
1.25 0.0 0.0
1.35 0.0 0.0
1.4500000000000002 0.0 0.0
1.55 0.0 0.0
1.6500000000000001 0.0 0.0
1.75 0.0 0.0
1.85 0.0 0.0
1.9500000000000002 0.0 0.0
2.0500000000000003 0.0004437185343335017 0.00012820512820512823
2.15 0.019498129154099784 0.0063247863247863105
2.25 0.04628976521100376 0.022435897435897377
2.35 0.03039083672993913 0.033974358974358874
2.45 0.012634193366450984 0.03918803418803408
2.5500000000000003 0.006213803120903037 0.041965811965811846
2.6500000000000004 0.002832610393517709 0.0433333333333332
2.75 0.001232986055078329 0.04397435897435884
2.85 0.0007653249511620099 0.04440170940170927
2.95 0.0007143228287942626 0.04482905982905969
3.0500000000000003 0.0004677777979889912 0.04512820512820499
3.1500000000000004 0.0010024034429193514 0.04581196581196568
3.25 0.0013536519039943767 0.04679487179487166
3.35 0.002215737340043741 0.04850427350427337
3.45 0.003760486620853846 0.051581196581196434
3.5500000000000003 0.004982141959909118 0.05589743589743582
3.6500000000000004 0.010125745023719119 0.06517094017094027
3.75 0.013881024614323084 0.07858974358974385
3.85 0.01941848139126569 0.09837606837606877
3.95 0.02609780972907685 0.1263675213675221
4.05 0.02933519620463167 0.15944444444444503
4.15 0.030934547095537446 0.19606837606837693
4.25 0.031251300805157686 0.23487179487179552
4.3500000000000005 0.029206819612785782 0.27286324786324856
4.45 0.030922747894160992 0.31495726495726545
4.55 0.03098985681811688 0.35905982905982964
4.65 0.028751301155878272 0.40179487179487194
4.75 0.026919776586559734 0.4435470085470087
4.8500000000000005 0.022121101180484264 0.47931623931623907
4.95 0.018597687825937615 0.5106410256410259
5.050000000000001 0.01594266601113726 0.5385897435897433
5.15 0.014837329916884488 0.5656410256410256
5.25 0.011683640068914961 0.5877777777777778
5.3500000000000005 0.0119242832349368 0.6112393162393163
5.45 0.011490721595601229 0.634700854700854
5.550000000000001 0.012271171072794549 0.6606837606837608
5.65 0.01265858816840543 0.688461538461538
5.75 0.013782801009019822 0.7197863247863245
5.8500000000000005 0.013787947322881163 0.7522222222222223
5.95 0.015786857343730813 0.7906410256410252
6.050000000000001 0.015931708385492727 0.8307264957264952
6.15 0.018080608060103927 0.8777350427350422
6.25 0.01971887589821202 0.9306837606837594
6.3500000000000005 0.020289886155841003 0.9869230769230767
6.45 0.019964501773829926 1.0440170940170934
6.550000000000001 0.019794284621017615 1.1023931623931635
6.65 0.018894175334586233 1.1598290598290601
6.75 0.018706912415693177 1.2184188034188044
6.8500000000000005 0.018177970839007435 1.277051282051282
6.95 0.01662897800378505 1.3322649572649565
7.050000000000001 0.016060521945413936 1.3871367521367528
7.15 0.01661160835607466 1.4455128205128212
7.25 0.014394209744307603 1.4975213675213672
7.3500000000000005 0.014672663386973657 1.5520085470085474
7.45 0.01374376255864327 1.6044444444444443
7.550000000000001 0.013294854852884772 1.6565384615384602
7.65 0.014001240087053932 1.7128632478632475
7.75 0.013248926353608526 1.767564102564103
7.8500000000000005 0.013841688510883715 1.826196581196581
7.95 0.013751413293405358 1.8859401709401713
8.05 0.014448001339481598 1.9502991452991467
8.15 0.014732084759448877 2.0175641025641022
8.25 0.014559794642906286 2.085683760683758
8.35 0.015595231097012847 2.1604273504273497
8.450000000000001 0.01638631425730727 2.2408547008547024
8.55 0.016353934386042643 2.3230341880341907
8.65 0.015113873889521741 2.4007692307692294
8.75 0.015233235211031804 2.480940170940172
8.85 0.015065556996865494 2.562051282051283
8.950000000000001 0.014800631682856813 2.6435470085470056
9.05 0.015143332902339055 2.728803418803417
9.15 0.015074040367651687 2.8155555555555543
9.25 0.01500418836282085 2.90380341880342
9.35 0.01366803772180228 2.985940170940168
9.450000000000001 0.013505610084001085 3.068846153846155
9.55 0.01341511900505191 3.1529487179487194
9.65 0.012944922148758871 3.2358119658119655
9.75 0.012713448526346122 3.3188888888888903
9.850000000000001 0.011937594172687431 3.3985042735042774
9.950000000000001 0.011893517187736267 3.4794444444444412
10.05 0.011891908591653429 3.5620085470085483
