0.05 0.0 0.0
0.15000000000000002 0.0 0.0
0.25 0.0 0.0
0.35000000000000003 0.0 0.0
0.45 0.0 0.0
0.55 0.0 0.0
0.65 0.0 0.0
0.75 0.0 0.0
0.8500000000000001 0.0 0.0
0.9500000000000001 0.0 0.0
1.05 0.0 0.0
1.1500000000000001 0.0 0.0
1.25 0.0 0.0
1.35 0.0 0.0
1.4500000000000002 0.0 0.0
1.55 0.0 0.0
1.6500000000000001 0.0 0.0
1.75 0.0 0.0
1.85 0.0 0.0
1.9500000000000002 0.0 0.0
2.0500000000000003 0.0010353432467781704 0.00029914529914529915
2.15 0.042492474570314014 0.013803418803418767
2.25 0.14267561584929947 0.06346153846153864
2.35 0.10715583913667433 0.10414529914529976
2.45 0.04639441498500028 0.12329059829059899
2.5500000000000003 0.01672946994089279 0.1307692307692314
2.6500000000000004 0.00681596875940199 0.13405982905982972
2.75 0.003945555376250654 0.13611111111111182
2.85 0.0026021048339508316 0.13756410256410317
2.95 0.002500129900779921 0.1390598290598296
3.0500000000000003 0.002004761991381391 0.14034188034188094
3.1500000000000004 0.002693959252845754 0.14217948717948786
3.25 0.004296373434416936 0.145299145299146
3.35 0.004431474680087479 0.14871794871794952
3.45 0.006058561778042319 0.15367521367521442
3.5500000000000003 0.008385783496876756 0.16094017094017166
3.6500000000000004 0.011105655832466118 0.171111111111112
3.75 0.014013645868600046 0.1846581196581204
3.85 0.019166838003905874 0.20418803418803508
3.95 0.025500149964288805 0.23153846153846247
4.05 0.0285013792582468 0.26367521367521424
4.15 0.02949069425560571 0.2985897435897444
4.25 0.028876477285823023 0.334444444444445
4.3500000000000005 0.032360761888182196 0.37653846153846215
4.45 0.03082856693610771 0.4185042735042735
4.55 0.03174058009374962 0.46367521367521375
4.65 0.03297774242579233 0.5126923076923073
4.75 0.029978215891685856 0.5591880341880345
4.8500000000000005 0.026587607870450662 0.6021794871794874
4.95 0.02379895113332808 0.6422649572649569
5.050000000000001 0.01845351402206559 0.6746153846153845
5.15 0.015399882709941725 0.7026923076923078
5.25 0.012788849264623127 0.7269230769230763
5.3500000000000005 0.010403882822467628 0.7473931623931617
5.45 0.010297695856167223 0.7684188034188025
5.550000000000001 0.010111606426759973 0.789829059829059
5.65 0.01038004229809243 0.8126068376068372
5.75 0.01019137537092597 0.8357692307692296
5.8500000000000005 0.011789694087680996 0.8635042735042726
5.95 0.012011357534051031 0.8927350427350433
6.050000000000001 0.013706704335919638 0.9272222222222233
6.15 0.01515483693765076 0.9666239316239316
6.25 0.017172451246304093 1.012735042735041
6.3500000000000005 0.01739133099072084 1.060940170940172
6.45 0.01899317496597144 1.1152564102564118
6.550000000000001 0.018359706160197147 1.1694017094017102
6.65 0.019287803987390138 1.2280341880341876
6.75 0.017697203065757887 1.2834615384615382
6.8500000000000005 0.017038535349098795 1.3384188034188031
6.95 0.016564624373739463 1.3934188034188049
7.050000000000001 0.017036161129013825 1.4516239316239294
7.15 0.017025074449856882 1.5114529914529906
7.25 0.01641673223097696 1.5707692307692305
7.3500000000000005 0.01675560618935965 1.632991452991454
7.45 0.016611246841457233 1.6963675213675207
7.550000000000001 0.01503987271708618 1.7552991452991455
7.65 0.014670495113976854 1.8143162393162406
7.75 0.0143254016198392 1.8734615384615378
7.8500000000000005 0.014598340579627347 1.9352991452991464
7.95 0.014144872901228114 1.9967521367521368
8.05 0.014380845954769522 2.0608119658119675
8.15 0.01409562874696952 2.1251709401709395
8.25 0.01424923440585559 2.191837606837607
8.35 0.015274231486096627 2.2650427350427376
8.450000000000001 0.01460140755021483 2.336709401709405
8.55 0.014414934365232559 2.4091452991453
8.65 0.013518566695025738 2.478675213675211
8.75 0.013812224463734105 2.5513675213675207
8.85 0.013652664928666286 2.6248717948717966
8.950000000000001 0.013830480156712557 2.7010256410256392
9.05 0.013997145800457798 2.7798290598290607
9.15 0.014301774260146383 2.8621367521367516
9.25 0.014030550958163208 2.944658119658118
9.35 0.013838710409275362 3.027820512820512
9.450000000000001 0.013992925911774319 3.113717948717948
9.55 0.013169720486666802 3.1962820512820502
9.65 0.013031711209065143 3.2797008547008546
9.75 0.012549952531922946 3.361709401709401
9.850000000000001 0.012853899039404718 3.4474358974358985
9.950000000000001 0.01280405572639612 3.5345726495726515
10.05 0.012273532987451829 3.619786324786325
