0.05 0.0 0.0
0.15000000000000002 0.0 0.0
0.25 0.0 0.0
0.35000000000000003 0.0 0.0
0.45 0.0 0.0
0.55 0.0 0.0
0.65 0.0 0.0
0.75 0.0 0.0
0.8500000000000001 0.0 0.0
0.9500000000000001 0.0 0.0
1.05 0.0 0.0
1.1500000000000001 0.0 0.0
1.25 0.0 0.0
1.35 0.0 0.0
1.4500000000000002 0.0 0.0
1.55 0.0 0.0
1.6500000000000001 0.0 0.0
1.75 0.0 0.0
1.85 0.0 0.0
1.9500000000000002 0.0 0.0
2.0500000000000003 0.3992536825203728 0.00042735042735042735
2.15 7.7267354335102985 0.009529914529914507
2.25 16.627247392509766 0.030982905982905894
2.35 11.963679082379807 0.047820512820512674
2.45 5.67108651524121 0.05649572649572646
2.5500000000000003 1.5981498608108005 0.059145299145299174
2.6500000000000004 0.9554211199169358 0.060854700854700954
2.75 0.5328046171858887 0.061880341880341985
2.85 0.20646960244439708 0.06230769230769243
2.95 0.09635228759926581 0.06252136752136765
3.0500000000000003 0.28845245006911646 0.06320512820512836
3.1500000000000004 0.388390007412115 0.06418803418803436
3.25 0.49229786052462066 0.06551282051282073
3.35 0.7019464104624914 0.06752136752136775
3.45 1.127218167148539 0.07094017094017124
3.5500000000000003 1.9427598527468506 0.07717948717948751
3.6500000000000004 2.9956900844125616 0.08735042735042779
3.75 4.353558240035728 0.10294871794871854
3.85 5.588894166856207 0.12405982905982985
3.95 7.7823151704520255 0.15500000000000097
4.05 9.252340688725328 0.19367521367521429
4.15 9.727351007186368 0.23636752136752204
4.25 10.139546191112737 0.28303418803418817
4.3500000000000005 9.598641362636625 0.32931623931623977
4.45 10.423712943855286 0.38192307692307736
4.55 10.264649732730856 0.436068376068376
4.65 9.268394284533377 0.48713675213675206
4.75 8.87531377042314 0.5381623931623926
4.8500000000000005 7.913669233703486 0.5855982905982899
4.95 6.229492630561696 0.6244871794871796
5.050000000000001 5.08276454290489 0.657521367521368
5.15 4.135378627857608 0.6854700854700847
5.25 3.310181429283207 0.7087179487179478
5.3500000000000005 3.052753148097539 0.7309829059829054
5.45 3.1967977261465252 0.7551709401709391
5.550000000000001 3.24456965540918 0.7806410256410246
5.65 3.677714751470456 0.8105555555555543
5.75 3.9160888649664347 0.8435470085470078
5.8500000000000005 4.125678682279493 0.879529914529914
5.95 4.443171560579076 0.9196153846153838
6.050000000000001 4.865802397468748 0.9649999999999999
6.15 5.617970078002726 1.0191452991452996
6.25 5.816881334626827 1.0770512820512816
6.3500000000000005 6.05104506642965 1.1392307692307706
6.45 6.183324935920534 1.2047863247863255
6.550000000000001 5.941735814249905 1.2697435897435916
6.65 5.703496783058318 1.334017094017095
6.75 5.5980871462857165 1.399017094017095
6.8500000000000005 5.254250067405755 1.4618376068376073
6.95 5.395573198666678 1.5282478632478647
7.050000000000001 5.145007206711158 1.593418803418802
7.15 5.04480458317409 1.6591452991452986
7.25 5.060675052767915 1.7269230769230748
7.3500000000000005 4.812149240579551 1.7931623931623908
7.45 4.677051997426952 1.8593162393162392
7.550000000000001 4.589359895102858 1.9259829059829077
7.65 4.570663108353051 1.9941452991453
7.75 4.263503037279779 2.0594017094017105
7.8500000000000005 4.302550834725746 2.1269658119658117
7.95 4.343330281164141 2.1969230769230768
8.05 4.383782656860305 2.2693162393162405
8.15 4.274248756215741 2.3416666666666663
8.25 4.489324209970244 2.419529914529915
8.35 4.605857861601804 2.501367521367523
8.450000000000001 4.50254289572005 2.5832905982906027
8.55 4.581632561321351 2.6686324786324787
8.65 4.574846255296035 2.7558547008547
8.75 4.521227887217592 2.8440598290598276
8.85 4.338176541573545 2.930641025641026
8.950000000000001 4.465602986647447 3.0217948717948757
9.05 4.425154735582613 3.1141452991453025
9.15 4.403282749334529 3.208076923076923
9.25 4.110241181530069 3.2976923076923077
9.35 4.322197344076915 3.3939743589743565
9.450000000000001 4.12377527514261 3.4878205128205138
9.55 4.102681606703373 3.58316239316239
9.65 3.9296996390292067 3.676410256410254
9.75 3.8933740463631716 3.770726495726496
9.850000000000001 3.960147236110201 3.868632478632482
9.950000000000001 3.784481980030058 3.9641025641025607
10.05 3.81946877849557 4.062393162393164
