0.05 0.0 0.0
0.15000000000000002 0.0 0.0
0.25 0.0 0.0
0.35000000000000003 0.0 0.0
0.45 0.0 0.0
0.55 0.0 0.0
0.65 0.0 0.0
0.75 0.0 0.0
0.8500000000000001 0.0 0.0
0.9500000000000001 0.0 0.0
1.05 0.0 0.0
1.1500000000000001 0.0 0.0
1.25 0.0 0.0
1.35 0.0 0.0
1.4500000000000002 0.0 0.0
1.55 0.0 0.0
1.6500000000000001 0.0 0.0
1.75 0.0 0.0
1.85 0.0 0.0
1.9500000000000002 0.0 0.0
2.0500000000000003 0.0011832494248893376 0.0003418803418803418
2.15 0.022859875559979058 0.007606837606837591
2.25 0.04948216281176265 0.02482905982905976
2.35 0.03466806560304169 0.03799145299145288
2.45 0.017708582505435347 0.045299145299145166
2.5500000000000003 0.005066639467813245 0.04756410256410242
2.6500000000000004 0.0029211294683151377 0.048974358974358825
2.75 0.0018905786177867705 0.0499572649572648
2.85 0.0004591949706972059 0.05021367521367506
2.95 0.00035716141439713135 0.050427350427350276
3.0500000000000003 0.0009355555959779824 0.05102564102564087
3.1500000000000004 0.0010024034429193514 0.05170940170940155
3.25 0.001412506334602828 0.05273504273504258
3.35 0.002215737340043741 0.05444444444444432
3.45 0.003290425793247115 0.05713675213675205
3.5500000000000003 0.00577139217137987 0.0621367521367522
3.6500000000000004 0.008492560342474106 0.06991452991453015
3.75 0.012687433325830343 0.08217948717948753
3.85 0.01686010695310757 0.09935897435897495
3.95 0.023707170669924782 0.12478632478632554
4.05 0.028198173095925014 0.15658119658119718
4.15 0.028877056798634722 0.1907692307692315
4.25 0.029805756054258316 0.22777777777777852
4.3500000000000005 0.028878283959098687 0.265341880341881
4.45 0.030734385978054432 0.30717948717948795
4.55 0.029278207749674337 0.34884615384615403
4.65 0.026709958773810973 0.3885470085470088
4.75 0.026506473977758908 0.4296581196581196
4.8500000000000005 0.023733272234259136 0.4680341880341871
4.95 0.018902152019540958 0.4998717948717949
5.050000000000001 0.0151869738913433 0.5264957264957274
5.15 0.012141764450151913 0.5486324786324794
5.25 0.010059659209915209 0.5676923076923086
5.3500000000000005 0.009383042545524037 0.5861538461538466
5.45 0.009167460945124476 0.604871794871795
5.550000000000001 0.009889595108008768 0.6258119658119659
5.65 0.010789012069687078 0.6494871794871796
5.75 0.011488801386781853 0.6755982905982908
5.8500000000000005 0.012552663504757417 0.7051282051282047
5.95 0.013258150494456925 0.7373931623931614
6.050000000000001 0.014420064412882018 0.7736752136752129
6.15 0.017012208492915966 0.817905982905982
6.25 0.017156536092229675 0.863974358974359
6.3500000000000005 0.018239312554984722 0.9145299145299159
6.45 0.018664418200234723 0.9679059829059833
6.550000000000001 0.018026420255158035 1.0210683760683772
6.65 0.016926032070566824 1.0725213675213674
6.75 0.016605625390152146 1.1245299145299157
6.8500000000000005 0.0159255983589555 1.1758974358974368
6.95 0.01602405388135636 1.2291025641025641
7.050000000000001 0.01552266957496781 1.282136752136751
7.15 0.015030708585730808 1.3349572649572643
7.25 0.015553316198656115 1.3911538461538455
7.3500000000000005 0.014235360478185428 1.4440170940170944
7.45 0.013990186989197594 1.4973931623931602
7.550000000000001 0.013643858425725047 1.5508547008547016
7.65 0.01377815507807962 1.6062820512820508
7.75 0.012865949576199518 1.659401709401709
7.8500000000000005 0.013085036442140067 1.7148290598290625
7.95 0.012836619705217453 1.7705982905982907
8.05 0.013114487271627707 1.8290170940170951
8.15 0.01261680448267921 1.8866239316239317
8.25 0.013271883071607794 1.9487179487179498
8.35 0.013473067002622317 2.013290598290599
8.450000000000001 0.013417274320143766 2.079145299145301
8.55 0.013615522075951195 2.1475641025641035
8.65 0.013410551103731736 2.2165384615384616
8.75 0.01338186120883821 2.286965811965811
8.85 0.012993844469899258 2.356923076923079
8.950000000000001 0.013178538331143632 2.4294871794871824
9.05 0.01335194114045839 2.5046581196581235
9.15 0.012794370223381228 2.5782905982905993
9.25 0.012126871853534128 2.6496153846153843
9.35 0.012480440271468801 2.724615384615382
9.450000000000001 0.012252512241155632 2.799829059829061
9.55 0.011860928388612958 2.8741880341880326
9.65 0.011603029754792637 2.948461538461543
9.75 0.011451259449399193 3.0232905982905964
9.850000000000001 0.011591576950290694 3.100598290598293
9.950000000000001 0.01103949483423462 3.1757264957264937
10.05 0.011288695837004334 3.254102564102566
