0.05 0.0 0.0
0.15000000000000002 0.0 0.0
0.25 0.0 0.0
0.35000000000000003 0.0 0.0
0.45 0.0 0.0
0.55 0.0 0.0
0.65 0.0 0.0
0.75 0.0 0.0
0.8500000000000001 0.0 0.0
0.9500000000000001 0.0 0.0
1.05 0.0 0.0
1.1500000000000001 0.0 0.0
1.25 0.0 0.0
1.35 0.0 0.0
1.4500000000000002 0.0 0.0
1.55 0.0 0.0
1.6500000000000001 0.0 0.0
1.75 0.0 0.0
1.85 0.0 0.0
1.9500000000000002 0.0 0.0
2.0500000000000003 0.3608717764694512 0.00038461538461538456
2.15 13.703651456195182 0.01645299145299141
2.25 45.50290624853809 0.07487179487179527
2.35 34.78840257772318 0.1235897435897442
2.45 14.738418357379313 0.14602564102564158
2.5500000000000003 5.4142627016778855 0.15495726495726553
2.6500000000000004 2.2796995978821837 0.15901709401709463
2.75 1.3141759847307828 0.16153846153846219
2.85 0.8716094333132621 0.16333333333333394
2.95 0.8133661540308789 0.16512820512820578
3.0500000000000003 0.6340431317694241 0.16662393162393227
3.1500000000000004 0.8660698160226206 0.16880341880341945
3.25 1.3245827968360506 0.17235042735042796
3.35 1.4864294141206067 0.17658119658119723
3.45 2.011052469749516 0.18264957264957327
3.5500000000000003 2.7137860681387727 0.19132478632478708
3.6500000000000004 3.530251097597389 0.20324786324786412
3.75 4.493484031417893 0.21927350427350514
3.85 5.969367945703558 0.24170940170940225
3.95 7.63631662316968 0.2719230769230773
4.05 8.866942713490793 0.30880341880341927
4.15 9.226925768909865 0.3491025641025648
4.25 9.05770472177908 0.3905982905982909
4.3500000000000005 9.830908312701611 0.4377777777777782
4.45 9.693531346022532 0.48645299145299137
4.55 10.289528521623005 0.5404700854700857
4.65 10.466355294287482 0.597863247863248
4.75 9.606568337889586 0.6528205128205125
4.8500000000000005 8.397088757892728 0.7029059829059828
4.95 7.372734165542249 0.7487179487179474
5.050000000000001 5.761944223713845 0.7859829059829052
5.15 4.651170243600639 0.8172649572649563
5.25 4.041544394827448 0.8455128205128196
5.3500000000000005 3.4211835433887052 0.87034188034188
5.45 3.1543674578069933 0.894102564102564
5.550000000000001 3.1572786085666276 0.918760683760682
5.65 3.1990348947846408 0.9446581196581175
5.75 3.2008945091997214 0.971495726495725
5.8500000000000005 3.6634259185858182 1.0032905982905984
5.95 3.8321051889467794 1.0376923076923081
6.050000000000001 4.374006095586498 1.0782905982905986
6.15 4.678449797157953 1.1231623931623937
6.25 5.358255520973251 1.1762393162393154
6.3500000000000005 5.492167731390505 1.2323931623931634
6.45 5.885666840763308 1.2944871794871797
6.550000000000001 5.742764759038942 1.3569658119658141
6.65 5.964265735204534 1.4238461538461535
6.75 5.444395817224159 1.486752136752137
6.8500000000000005 5.337115765371596 1.5502564102564098
6.95 5.327896530394603 1.6155128205128193
7.050000000000001 5.347517939515097 1.6829059829059814
7.15 5.400313448908424 1.752905982905982
7.25 5.158418833438716 1.8216666666666663
7.3500000000000005 5.328268438886428 1.894658119658121
7.45 5.149700275376729 1.9671367521367518
7.550000000000001 4.677234582677985 2.034743589743588
7.65 4.621751425086605 2.103333333333332
7.75 4.565208228931639 2.172863247863249
7.8500000000000005 4.589009157281351 2.2445726495726483
7.95 4.452903565240061 2.3159401709401686
8.05 4.524765444694232 2.390299145299143
8.15 4.407721581731165 2.4645299145299164
8.25 4.437089349192878 2.5411111111111104
8.35 4.71064526523798 2.6244017094017082
8.450000000000001 4.588306201619755 2.7074786324786326
8.55 4.5832824674129915 2.7924358974358974
8.65 4.351397660340544 2.8750000000000018
8.75 4.290228128553776 2.9582905982906
8.85 4.331600088613549 3.0443162393162395
8.950000000000001 4.373752187754839 3.1331623931623938
9.05 4.411312150196612 3.224786324786324
9.15 4.4607198802311325 3.3194871794871776
9.25 4.409561537422995 3.4151709401709396
9.35 4.3861614983509085 3.512393162393162
9.450000000000001 4.427110989605688 3.6126495726495693
9.55 4.120509061674954 3.707948717948719
9.65 4.122548356801083 3.8052991452991427
9.75 3.967752612720198 3.900940170940172
9.850000000000001 4.099237881326845 4.001794871794873
9.950000000000001 4.0376411259361324 4.103162393162396
10.05 3.8842579209824364 4.202649572649576
