0.05 0.0 0.0
0.15000000000000002 0.0 0.0
0.25 0.0 0.0
0.35000000000000003 0.0 0.0
0.45 0.0 0.0
0.55 0.0 0.0
0.65 0.0 0.0
0.75 0.0 0.0
0.8500000000000001 0.0 0.0
0.9500000000000001 0.0 0.0
1.05 0.0 0.0
1.1500000000000001 0.0 0.0
1.25 0.0 0.0
1.35 0.0 0.0
1.4500000000000002 0.0 0.0
1.55 0.0 0.0
1.6500000000000001 0.0 0.0
1.75 0.0 0.0
1.85 0.0 0.0
1.9500000000000002 0.0 0.0
2.0500000000000003 0.2796108225054377 0.00029914529914529915
2.15 7.513121238704802 0.009145299145299123
2.25 15.14737204539714 0.02867521367521359
2.35 11.060001485351682 0.04423076923076911
2.45 4.891456594554628 0.05170940170940155
2.5500000000000003 2.0382077746466685 0.05508547008546997
2.6500000000000004 0.8361725348175867 0.056581196581196536
2.75 0.37707625879113793 0.05730769230769229
2.85 0.4340244530779281 0.05820512820512823
2.95 0.21204866635190486 0.058675213675213715
3.0500000000000003 0.1805301345553309 0.05910256410256415
3.1500000000000004 0.3380256517017644 0.05995726495726503
3.25 0.6038251861902787 0.06158119658119668
3.35 0.7623513680827094 0.06376068376068392
3.45 1.0711435192925522 0.0670085470085472
3.5500000000000003 1.7976445452237542 0.07277777777777807
3.6500000000000004 3.110622439001612 0.0833333333333337
3.75 4.450146369189591 0.09927350427350486
3.85 5.932022997221301 0.12166666666666728
3.95 7.6361181471301585 0.15200854700854796
4.05 9.28832751263279 0.19081196581196655
4.15 9.616508687433639 0.2329914529914535
4.25 9.568389964577513 0.2770085470085474
4.3500000000000005 9.922294212208284 0.32482905982906024
4.45 10.294824094973928 0.376752136752137
4.55 9.863261029857236 0.42876068376068427
4.65 9.824750184111819 0.4828632478632475
4.75 8.709003125468866 0.5329059829059832
4.8500000000000005 7.432808512222887 0.5774358974358975
4.95 6.019749607917739 0.6150000000000002
5.050000000000001 4.948341337949602 0.6471367521367519
5.15 4.143944989164034 0.6751282051282045
5.25 3.5919088832453396 0.7003418803418797
5.3500000000000005 3.3642162701648313 0.7248717948717937
5.45 3.4685538727200176 0.7511111111111103
5.550000000000001 3.3175328424508788 0.7771367521367514
5.65 3.7477480217194734 0.8076068376068368
5.75 4.111141569202199 0.8422222222222223
5.8500000000000005 4.432375150681098 0.880854700854702
5.95 4.469383493789842 0.9211538461538451
6.050000000000001 5.01064038895932 0.9678632478632482
6.15 5.674527173127597 1.022521367521368
6.25 5.915205810278183 1.0813675213675222
6.3500000000000005 6.250830443758278 1.1455555555555572
6.45 6.429626471808992 1.2136752136752142
6.550000000000001 6.003716699319522 1.2792735042735057
6.65 5.881508142486466 1.345512820512823
6.75 5.811412812423877 1.41294871794872
6.8500000000000005 5.636044940632501 1.480299145299146
6.95 5.075298119346955 1.542735042735042
7.050000000000001 5.293611645262686 1.6097435897435886
7.15 4.881012271240585 1.673290598290596
7.25 4.6930982831087205 1.7361111111111103
7.3500000000000005 4.618777739524953 1.7996581196581194
7.45 4.417396605452314 1.862094017094019
7.550000000000001 4.4776246313046935 1.927094017094014
7.65 4.149100348622705 1.988931623931623
7.75 4.36152598713855 2.055641025641029
7.8500000000000005 4.330018434409986 2.123589743589744
7.95 4.386213806646404 2.194188034188034
8.05 4.391431313098581 2.266666666666667
8.15 4.471953889366601 2.3423076923076906
8.25 4.343867737566969 2.4176068376068387
8.35 4.519609829028145 2.497863247863249
8.450000000000001 4.570946325077939 2.5809829059829066
8.55 4.545029883170655 2.6655982905982913
8.65 4.501024835859866 2.7513675213675177
8.75 4.486433612749658 2.8388461538461556
8.85 4.558949686358254 2.929786324786327
8.950000000000001 4.5310926186940526 3.0222222222222213
9.05 4.46047003717941 3.1152564102564133
9.15 4.332662821028108 3.2076495726495735
9.25 4.282993726826862 3.3009829059829077
9.35 4.445548467224284 3.3999572649572634
9.450000000000001 4.344389153129242 3.498760683760683
9.55 4.211510888072397 3.5965811965811927
9.65 3.9914618222091844 3.6912393162393173
9.75 3.996447734787813 3.787991452991458
9.850000000000001 3.8187538594225563 3.882350427350426
9.950000000000001 3.9524638022260135 3.982008547008549
10.05 3.6253033685831713 4.075256410256411
