0.05 0.0 0.0
0.15000000000000002 0.0 0.0
0.25 0.0 0.0
0.35000000000000003 0.0 0.0
0.45 0.0 0.0
0.55 0.0 0.0
0.65 0.0 0.0
0.75 0.0 0.0
0.8500000000000001 0.0 0.0
0.9500000000000001 0.0 0.0
1.05 0.0 0.0
1.1500000000000001 0.0 0.0
1.25 0.0 0.0
1.35 0.0 0.0
1.4500000000000002 0.0 0.0
1.55 0.0 0.0
1.6500000000000001 0.0 0.0
1.75 0.0 0.0
1.85 0.0 0.0
1.9500000000000002 0.0 0.0
2.0500000000000003 0.401197511022703 0.00042735042735042735
2.15 16.332477065150574 0.01957264957264952
2.25 47.72999487202676 0.08085470085470124
2.35 36.80271266870196 0.13239316239316326
2.45 15.102995818888418 0.1553846153846159
2.5500000000000003 6.065351447524324 0.1653846153846161
2.6500000000000004 2.400026798783681 0.16965811965812042
2.75 1.2930398637777298 0.17213675213675284
2.85 0.8091195492609572 0.1738034188034195
2.95 0.7547033685678819 0.17547008547008622
3.0500000000000003 0.7797118296417956 0.17730769230769317
3.1500000000000004 0.9002761859258845 0.17957264957265034
3.25 1.4040467081560468 0.18333333333333404
3.35 1.576934272830987 0.1878205128205135
3.45 2.250969376222581 0.19461538461538522
3.5500000000000003 3.021465356609725 0.20427350427350485
3.6500000000000004 4.2882653437023315 0.21876068376068433
3.75 5.057758254378933 0.23679487179487266
3.85 6.492149736623527 0.26119658119658157
3.95 7.690749971883482 0.29162393162393235
4.05 8.87780512689594 0.32854700854700847
4.15 9.061452460789695 0.36811965811965813
4.25 9.936690127724315 0.4136324786324788
4.3500000000000005 9.637077348093355 0.45987179487179536
4.45 10.086106401982883 0.5105128205128208
4.55 10.16001441022248 0.563846153846154
4.65 10.366743382716823 0.620683760683761
4.75 9.882379077964787 0.6772222222222228
4.8500000000000005 8.426133706112724 0.7274786324786318
4.95 6.946868070637752 0.770641025641025
5.050000000000001 6.212283192408234 0.8108119658119651
5.15 4.454526442030692 0.8407692307692299
5.25 4.151511429016599 0.8697863247863241
5.3500000000000005 3.5859154490499487 0.8958119658119658
5.45 3.143302509123699 0.9194871794871785
5.550000000000001 3.01469217709666 0.9430341880341877
5.65 3.109484681854535 0.9682051282051284
5.75 3.4152034852487207 0.9968376068376067
5.8500000000000005 3.7227247543738486 1.0291452991452983
5.95 4.151047641166306 1.0664102564102569
6.050000000000001 4.425095211072359 1.1074786324786325
6.15 4.736029257508534 1.1529059829059853
6.25 4.8796667880067846 1.2012393162393185
6.3500000000000005 5.3707970965954415 1.2561538461538466
6.45 5.870135775326165 1.3180769230769234
6.550000000000001 5.801672847300565 1.3811965811965823
6.65 5.72796662835661 1.4454273504273507
6.75 5.719049896366002 1.5114957264957267
6.8500000000000005 5.502412101446031 1.5769658119658103
6.95 5.398195329262751 1.6430769230769229
7.050000000000001 5.4248771448618145 1.7114529914529908
7.15 5.459246351830172 1.7822222222222237
7.25 5.627386284747866 1.857222222222224
7.3500000000000005 5.692532317317462 1.9352136752136742
7.45 5.447931235456816 2.011880341880341
7.550000000000001 5.159319577847451 2.0864529914529903
7.65 5.004975524490998 2.160726495726496
7.75 4.83243652450763 2.2343162393162403
7.8500000000000005 4.605851234779609 2.3062820512820514
7.95 4.703894414467237 2.3816666666666695
8.05 4.460449902025334 2.454957264957265
8.15 4.473634556273602 2.5302991452991455
8.25 4.52895312464473 2.6084615384615395
8.35 4.740139518942228 2.6922649572649595
8.450000000000001 4.572752527318308 2.775042735042738
8.55 4.608920482643663 2.860470085470085
8.65 4.57033862543526 2.9471794871794894
8.75 4.664594159256616 3.0377350427350405
8.85 4.476002609016543 3.126623931623933
8.950000000000001 4.586771255330576 3.2197863247863276
9.05 4.590646359483479 3.315128205128202
9.15 4.660259235725632 3.414059829059828
9.25 4.69174719214159 3.5158547008547
9.35 4.52824344123823 3.616239316239319
9.450000000000001 4.570818539908451 3.7197435897435898
9.55 4.336904315811698 3.8200427350427337
9.65 4.200737663477183 3.919230769230771
9.75 4.022697537399242 4.016196581196582
9.850000000000001 4.013871324873533 4.114957264957262
9.950000000000001 3.9579432932664194 4.214316239316238
10.05 3.7416435355138966 4.310128205128207
