0.05 0.0 0.0
0.15000000000000002 0.0 0.0
0.25 0.0 0.0
0.35000000000000003 0.0 0.0
0.45 0.0 0.0
0.55 0.0 0.0
0.65 0.0 0.0
0.75 0.0 0.0
0.8500000000000001 0.0 0.0
0.9500000000000001 0.0 0.0
1.05 0.0 0.0
1.1500000000000001 0.0 0.0
1.25 0.0 0.0
1.35 0.0 0.0
1.4500000000000002 0.0 0.0
1.55 0.0 0.0
1.6500000000000001 0.0 0.0
1.75 0.0 0.0
1.85 0.0 0.0
1.9500000000000002 0.0 0.0
2.0500000000000003 0.0008874370686670032 0.0002564102564102564
2.15 0.02501139325974179 0.008205128205128186
2.25 0.04862267115001987 0.02512820512820506
2.35 0.03556853483948436 0.03863247863247852
2.45 0.014808931568872852 0.044743589743589614
2.5500000000000003 0.006500594034175484 0.04764957264957251
2.6500000000000004 0.002655572243922852 0.048931623931623786
2.75 0.0011507869847397739 0.04952991452991438
2.85 0.0013010524169754162 0.05025641025641011
2.95 0.0006428905459148364 0.050641025641025496
3.0500000000000003 0.0005346031977017042 0.050982905982905835
3.1500000000000004 0.0012530043036491892 0.05183760683760669
3.25 0.0018244873488619862 0.053162393162393004
3.35 0.0026588848080524884 0.055213675213675116
3.45 0.003342654774092307 0.057948717948717934
3.5500000000000003 0.005623407756729103 0.0628205128205129
3.6500000000000004 0.009565795990149397 0.07158119658119681
3.75 0.014190474207636005 0.08529914529914569
3.85 0.01937654082670572 0.10504273504273563
3.95 0.02466342629358561 0.13149572649572722
4.05 0.03066172316478948 0.16606837606837677
4.15 0.031151125021527205 0.20294871794871855
4.25 0.03052852842970801 0.2408547008547018
4.3500000000000005 0.03176939771154539 0.28217948717948776
4.45 0.033402846456230754 0.3276495726495731
4.55 0.031650493300673634 0.37269230769230827
4.65 0.030792643537945637 0.41846153846153883
4.75 0.02824234493472236 0.4622649572649572
4.8500000000000005 0.02420899484029104 0.501410256410256
4.95 0.01956182443901487 0.5343589743589745
5.050000000000001 0.016235191992993017 0.5628205128205127
5.15 0.01338406853481996 0.5872222222222221
5.25 0.01145808717183166 0.608931623931623
5.3500000000000005 0.01092516296388563 0.6304273504273497
5.45 0.011072116072992804 0.6530341880341881
5.550000000000001 0.010515263369944005 0.6752991452991459
5.65 0.011957497131386052 0.7015384615384614
5.75 0.013124686363295824 0.7313675213675214
5.8500000000000005 0.014169432031419387 0.7647008547008545
5.95 0.0143995806694764 0.7997435897435893
6.050000000000001 0.01630537318771112 0.8407692307692306
6.15 0.018442220221306024 0.8887179487179483
6.25 0.019416487970797945 0.9408547008547008
6.3500000000000005 0.020074036303119283 0.9964957264957269
6.45 0.020711676241413377 1.0557264957264967
6.550000000000001 0.019185675577033164 1.112307692307692
6.65 0.0188660590022431 1.1696581196581208
6.75 0.01900709627648475 1.2291880341880344
6.8500000000000005 0.01804547834018087 1.2873931623931634
6.95 0.016719073085848912 1.3429059829059815
7.050000000000001 0.0172237840489369 1.4017521367521364
7.15 0.01574819386611762 1.4570940170940176
7.25 0.015399557179201726 1.5127350427350414
7.3500000000000005 0.014661155415689752 1.5671794871794866
7.45 0.014393426966468309 1.6220940170940166
7.550000000000001 0.014396397379661937 1.6785042735042734
7.65 0.013395723634123674 1.7323931623931605
7.75 0.01401487990842649 1.790256410256409
7.8500000000000005 0.013982930230382518 1.8494871794871803
7.95 0.013957979587512319 1.910128205128208
8.05 0.014179379800633324 1.973290598290596
8.15 0.014320260280785759 2.0386752136752153
8.25 0.013856467047232637 2.1035042735042744
8.35 0.014641148920122983 2.1736752136752147
8.450000000000001 0.01460140755021486 2.245341880341881
8.55 0.014644552788749545 2.3189316239316247
8.65 0.014607031499603742 2.3940598290598283
8.75 0.014510549745263258 2.4704273504273506
8.85 0.014724240373648813 2.5497008547008564
8.950000000000001 0.014614362589837128 2.6301709401709394
9.05 0.014490537599280852 2.711752136752135
9.15 0.01396019502028825 2.7920940170940187
9.25 0.013819838385513416 2.873376068376069
9.35 0.014407619367518928 2.959957264957266
9.450000000000001 0.014006849221139284 3.045940170940168
9.55 0.013585534642819318 3.131111111111112
9.65 0.012851457006890587 3.2133760683760686
9.75 0.012850785161661563 3.2973504273504255
9.850000000000001 0.012360504111172333 3.3797863247863247
9.950000000000001 0.012703582508337103 3.4662393162393137
10.05 0.01161492314309006 3.546880341880341
