0.05 0.0 0.0
0.15000000000000002 0.0 0.0
0.25 0.0 0.0
0.35000000000000003 0.0 0.0
0.45 0.0 0.0
0.55 0.0 0.0
0.65 0.0 0.0
0.75 0.0 0.0
0.8500000000000001 0.0 0.0
0.9500000000000001 0.0 0.0
1.05 0.0 0.0
1.1500000000000001 0.0 0.0
1.25 0.0 0.0
1.35 0.0 0.0
1.4500000000000002 0.0 0.0
1.55 0.0 0.0
1.6500000000000001 0.0 0.0
1.75 0.0 0.0
1.85 0.0 0.0
1.9500000000000002 0.0 0.0
2.0500000000000003 0.0011832494248893376 0.0003418803418803418
2.15 0.04827467838842636 0.015683760683760643
2.25 0.14230726227998114 0.06521367521367546
2.35 0.11199586128255375 0.10773504273504342
2.45 0.044944589516718994 0.126282051282052
2.5500000000000003 0.01864140936270911 0.13461538461538528
2.6500000000000004 0.006904487834199418 0.1379487179487185
2.75 0.003698958165234987 0.13987179487179544
2.85 0.002372507348602229 0.14119658119658182
2.95 0.002285833052141642 0.1425641025641032
3.0500000000000003 0.0025393651890830943 0.1441880341880348
3.1500000000000004 0.002756609468028213 0.14606837606837675
3.25 0.004178664573200033 0.14910256410256487
3.35 0.004653048414091852 0.15269230769230852
3.45 0.0071553703757913515 0.15854700854700923
3.5500000000000003 0.009421674399432124 0.16670940170940246
3.6500000000000004 0.012972152611031856 0.1785897435897443
3.75 0.014809373394261862 0.19290598290598363
3.85 0.019460421955825667 0.2127350427350434
3.95 0.02362748270128638 0.23807692307692374
4.05 0.02664424151402592 0.26811965811965893
4.15 0.027433203958702985 0.3005982905982911
4.25 0.03035643976888665 0.3382905982905987
4.3500000000000005 0.029732476658685156 0.3769658119658123
4.45 0.030734385978054432 0.41880341880341926
4.55 0.031140001473243445 0.4631196581196586
4.65 0.03217270599342772 0.5109401709401707
4.75 0.030281304471473175 0.5579059829059835
4.8500000000000005 0.025979740096076554 0.5999145299145299
4.95 0.021413981616768548 0.6359829059829063
5.050000000000001 0.018867925829694532 0.6690598290598283
5.15 0.013524706733084268 0.6937179487179476
5.25 0.013127178610248086 0.7185897435897429
5.3500000000000005 0.011250963052271879 0.7407264957264944
5.45 0.009586066467732898 0.7602991452991443
5.550000000000001 0.008981366985844709 0.779316239316239
5.65 0.009503678501818226 0.8001709401709397
5.75 0.01024778519770231 0.823461538461538
5.8500000000000005 0.011226549994124585 0.8498717948717941
5.95 0.012450369139827744 0.8801709401709394
6.050000000000001 0.013350024297438465 0.9137606837606846
6.15 0.014217932701809018 0.9507264957264963
6.25 0.01507165090848005 0.991196581196582
6.3500000000000005 0.016250410340620355 1.0362393162393173
6.45 0.01830577445579463 1.0885897435897431
6.550000000000001 0.01795396679754088 1.1415384615384612
6.65 0.017910103702576546 1.1959829059829057
6.75 0.017765426670483225 1.2516239316239322
6.8500000000000005 0.017118030848394757 1.3068376068376073
6.95 0.016435917113648245 1.3614102564102564
7.050000000000001 0.016473292369244618 1.4176923076923058
7.15 0.017000752914928554 1.477435897435897
7.25 0.01769411485413656 1.5413675213675218
7.3500000000000005 0.01781433954747852 1.607521367521368
7.45 0.01719370458640383 1.6731196581196552
7.550000000000001 0.01606507071230454 1.7360683760683768
7.65 0.01575405087185206 1.7994444444444457
7.75 0.014884340700382068 1.860897435897435
7.8500000000000005 0.014154438032631087 1.9208547008547026
7.95 0.014213728332597106 1.9826068376068404
8.05 0.013613355843774492 2.043247863247865
8.15 0.013711883210033408 2.1058547008547004
8.25 0.01401174716575798 2.1714102564102555
8.35 0.014578732329111532 2.2412820512820475
8.450000000000001 0.014122530140994951 2.3105982905982914
8.55 0.01427886418833361 2.3823504273504263
8.65 0.014191586917703738 2.4553418803418827
8.75 0.014307548209935008 2.530641025641025
8.85 0.013993981551882955 2.605982905982907
8.950000000000001 0.014032271674150582 2.6832478632478627
9.05 0.013860514225399084 2.7612820512820546
9.15 0.01437603061663724 2.844017094017095
9.25 0.014306657087842217 2.928162393162393
9.35 0.013724928617626624 3.0106410256410303
9.450000000000001 0.01356826497614336 3.0939316239316237
9.55 0.01307428772951705 3.1758974358974355
9.65 0.012584413744409733 3.256452991452996
9.75 0.012281819101068936 3.336709401709401
9.850000000000001 0.012129825962907842 3.417606837606837
9.950000000000001 0.012088184047725624 3.4998717948717926
10.05 0.011301006301384931 3.578333333333336
