0.05 0.0 0.0
0.15000000000000002 0.0 0.0
0.25 0.0 0.0
0.35000000000000003 0.0 0.0
0.45 0.0 0.0
0.55 0.0 0.0
0.65 0.0 0.0
0.75 0.0 0.0
0.8500000000000001 0.0 0.0
0.9500000000000001 0.0 0.0
1.05 0.0 0.0
1.1500000000000001 0.0 0.0
1.25 0.0 0.0
1.35 0.0 0.0
1.4500000000000002 0.0 0.0
1.55 0.0 0.0
1.6500000000000001 0.0 0.0
1.75 0.0 0.0
1.85 0.0 0.0
1.9500000000000002 0.0 0.0
2.0500000000000003 0.3193553554353818 0.00040540540540540544
2.15 11.695741554711482 0.01675675675675674
2.25 36.540329263422954 0.07270270270270265
2.35 29.45118092675573 0.12189189189189166
2.45 12.459111372325562 0.1445045045045042
2.5500000000000003 4.398657384389035 0.15315315315315275
2.6500000000000004 2.120636063830816 0.15765765765765719
2.75 1.0437930160953817 0.16004504504504471
2.85 0.8801254821800878 0.16220720720720685
2.95 0.6164828775838364 0.16382882882882843
3.0500000000000003 0.6886768044096857 0.16576576576576538
3.1500000000000004 0.8855828638110687 0.16842342342342304
3.25 1.1710864726359562 0.17216216216216182
3.35 1.4594401488670592 0.17711711711711683
3.45 1.9782866622007582 0.18423423423423393
3.5500000000000003 2.3990503755016377 0.19337837837837807
3.6500000000000004 3.1747208013552117 0.20617117117117062
3.75 4.279370298890135 0.22436936936936894
3.85 5.397441357831205 0.24855855855855843
3.95 6.625542546606682 0.27981981981981996
4.05 7.638095602208758 0.31770270270270246
4.15 8.22530457013553 0.3605405405405407
4.25 8.35434361531166 0.40617117117117063
4.3500000000000005 8.579865120340006 0.45527027027027034
4.45 8.913318330598441 0.5086486486486481
4.55 8.964283124976493 0.5647747747747748
4.65 9.087489290202305 0.6241891891891893
4.75 8.543364042516044 0.6824774774774766
4.8500000000000005 7.808021668280726 0.7380180180180174
4.95 6.079253305494479 0.7830630630630627
5.050000000000001 5.2046866161085745 0.8231981981981967
5.15 4.195563339959223 0.8568468468468462
5.25 3.3080627537771856 0.8844144144144135
5.3500000000000005 3.1072210866432797 0.9113063063063062
5.45 2.8236398839393426 0.9366666666666662
5.550000000000001 2.91085707797845 0.9637837837837828
5.65 2.846548275790325 0.9912612612612606
5.75 2.8153146530575888 1.0194144144144148
5.8500000000000005 3.0949923037402938 1.051441441441443
5.95 3.3789570698359905 1.0876126126126124
6.050000000000001 3.606095319029374 1.127522522522524
6.15 4.088429620444444 1.1742792792792807
6.25 4.720934047634957 1.2300450450450457
6.3500000000000005 4.927744640694459 1.2901351351351356
6.45 5.01584465348243 1.3532432432432426
6.550000000000001 4.7599118905085325 1.4150000000000011
6.65 4.804203485018874 1.479234234234237
6.75 4.609805507974329 1.542747747747748
6.8500000000000005 4.510846821194539 1.6067567567567562
6.95 4.648224294006018 1.6746396396396377
7.050000000000001 4.660421518392476 1.7446846846846837
7.15 4.810623361239571 1.8190540540540536
7.25 4.951318117365085 1.8977477477477485
7.3500000000000005 4.941053658668748 1.9784684684684681
7.45 4.67503126026934 2.0569369369369364
7.550000000000001 4.612140932577446 2.136441441441439
7.65 4.289211364056552 2.212342342342345
7.75 4.154095349272371 2.287792792792792
7.8500000000000005 4.1798002348734835 2.3656756756756736
7.95 4.06825029016119 2.443423423423424
8.05 3.953965298971588 2.5209009009009007
8.15 3.90216198780913 2.5992792792792776
8.25 4.035734355085417 2.6823423423423414
8.35 3.938004044864665 2.765360360360362
8.450000000000001 4.03019990200927 2.8523873873873864
8.55 4.140672663060041 2.94391891891892
8.65 4.043789948731124 3.035405405405403
8.75 4.042853850756553 3.129009009009007
8.85 4.056196812669121 3.2250900900900885
8.950000000000001 3.9836251950478614 3.321576576576576
9.05 3.94489671324689 3.4192792792792757
9.15 4.172230186917539 3.524909909909913
9.25 4.009318335423346 3.6286486486486513
9.35 3.907120237366641 3.7319369369369384
9.450000000000001 3.97384604794664 3.839234234234234
9.55 3.8174334986074614 3.944504504504503
9.65 3.773439111019056 4.050765765765764
9.75 3.744958005109173 4.158423423423426
9.850000000000001 3.66206279483539 4.2658558558558495
9.950000000000001 3.516461356044806 4.371126126126129
10.05 3.4436536943796927 4.476306306306304
