0.05 0.0 0.0
0.15000000000000002 0.0 0.0
0.25 0.0 0.0
0.35000000000000003 0.0 0.0
0.45 0.0 0.0
0.55 0.0 0.0
0.65 0.0 0.0
0.75 0.0 0.0
0.8500000000000001 0.0 0.0
0.9500000000000001 0.0 0.0
1.05 0.0 0.0
1.1500000000000001 0.0 0.0
1.25 0.0 0.0
1.35 0.0 0.0
1.4500000000000002 0.0 0.0
1.55 0.0 0.0
1.6500000000000001 0.0 0.0
1.75 0.0 0.0
1.85 0.0 0.0
1.9500000000000002 0.0 0.0
2.0500000000000003 0.0008874370686670032 0.0002564102564102564
2.15 0.024339043978565938 0.007991452991452973
2.25 0.055621388967068176 0.027350427350427274
2.35 0.03736947331236969 0.04153846153846142
2.45 0.015533844303013484 0.04794871794871781
2.5500000000000003 0.00611820614981222 0.050683760683760536
2.6500000000000004 0.0030096485431125664 0.05213675213675198
2.75 0.0019727776881253256 0.053162393162393004
2.85 0.0008418574462782109 0.05363247863247848
2.95 0.0006428905459148364 0.05401709401709386
3.0500000000000003 0.0005346031977017042 0.054358974358974216
3.1500000000000004 0.0009397532277368918 0.054999999999999875
3.25 0.001412506334602828 0.05602564102564092
3.35 0.002271130773544835 0.05777777777777769
3.45 0.003969402544234617 0.061025641025641016
3.5500000000000003 0.00577139217137987 0.06602564102564124
3.6500000000000004 0.00900584695657969 0.07427350427350461
3.75 0.014455716716189948 0.08824786324786367
3.85 0.019334600262145757 0.10794871794871856
3.95 0.027054065352737668 0.13696581196581278
4.05 0.029941608529275222 0.17072649572649645
4.15 0.03512172033133948 0.21230769230769292
4.25 0.03283451648471413 0.25307692307692387
4.3500000000000005 0.03495619355231055 0.298547008547009
4.45 0.035600402144140696 0.3470085470085474
4.55 0.03483355998935624 0.3965811965811966
4.65 0.032661478113077694 0.44512820512820517
4.75 0.030308857978726508 0.49213675213675206
4.8500000000000005 0.025186869086023335 0.5328632478632483
4.95 0.02108414540703159 0.5683760683760677
5.050000000000001 0.01662522663546731 0.5975213675213676
5.15 0.01354814643279499 0.6222222222222222
5.25 0.01260840694695648 0.6461111111111112
5.3500000000000005 0.011055482999240125 0.6678632478632471
5.45 0.011051185796862383 0.6904273504273497
5.550000000000001 0.011847331282451322 0.7155128205128201
5.65 0.01232751740092407 0.7425641025641028
5.75 0.012748620851453533 0.7715384615384608
5.8500000000000005 0.014423755170444854 0.8054700854700847
5.95 0.015488329451802646 0.8431623931623925
6.050000000000001 0.018445453418598205 0.8895726495726496
6.15 0.01924762912580157 0.9396153846153852
6.25 0.020164500212295895 0.993760683760683
6.3500000000000005 0.021322881879580632 1.052863247863248
6.45 0.022101420751118594 1.116068376068377
6.550000000000001 0.02151867691230688 1.1795299145299156
6.65 0.019231571322703846 1.237991452991454
6.75 0.01893887267175939 1.2973076923076943
6.8500000000000005 0.018933178082318976 1.35837606837607
6.95 0.018482362549098567 1.4197435897435895
7.050000000000001 0.017836685587352203 1.4806837606837593
7.15 0.01655080451875374 1.5388461538461533
7.25 0.01698445784127009 1.6002136752136746
7.3500000000000005 0.016042111969757838 1.6597863247863245
7.45 0.015099096926692049 1.7173931623931633
7.550000000000001 0.01433095920975437 1.7735470085470093
7.65 0.01425619438302456 1.8308974358974355
7.75 0.01364225385473126 1.887222222222223
7.8500000000000005 0.014537808414127858 1.9488034188034182
7.95 0.014449804097290747 2.011581196581199
8.05 0.015503300242099758 2.0806410256410284
8.15 0.016594654560675243 2.1564102564102567
8.25 0.014906891378433536 2.2261538461538475
8.35 0.015488231226707465 2.300384615384617
8.450000000000001 0.01606416036383205 2.3792307692307704
8.55 0.015205842268457725 2.455641025641026
8.65 0.015712114087457728 2.536452991452992
8.75 0.015419996623533803 2.6176068376068358
8.85 0.0159863181199616 2.7036752136752193
8.950000000000001 0.015576752903772223 2.7894444444444475
9.05 0.01501429197033922 2.8739743589743614
9.15 0.015304235072773457 2.962051282051285
9.25 0.015025986215163892 3.050427350427344
9.35 0.014869857896091862 3.1397863247863254
9.450000000000001 0.01449416504891251 3.2287606837606844
9.55 0.013871832914268594 3.3157264957264942
9.65 0.013752728017763421 3.403760683760683
9.75 0.013432830901808083 3.4915384615384606
9.850000000000001 0.013046130829625127 3.5785470085470092
9.950000000000001 0.013212228174760877 3.668461538461538
10.05 0.012692088776392002 3.756581196581193
