0.05 0.0 0.0
0.15000000000000002 0.0 0.0
0.25 0.0 0.0
0.35000000000000003 0.0 0.0
0.45 0.0 0.0
0.55 0.0 0.0
0.65 0.0 0.0
0.75 0.0 0.0
0.8500000000000001 0.0 0.0
0.9500000000000001 0.0 0.0
1.05 0.0 0.0
1.1500000000000001 0.0 0.0
1.25 0.0 0.0
1.35 0.0 0.0
1.4500000000000002 0.0 0.0
1.55 0.0 0.0
1.6500000000000001 0.0 0.0
1.75 0.0 0.0
1.85 0.0 0.0
1.9500000000000002 0.0 0.0
2.0500000000000003 0.2392590621535375 0.0002564102564102564
2.15 7.11400229638831 0.008632478632478614
2.25 16.834245707519912 0.030341880341880255
2.35 11.177949065876314 0.04606837606837593
2.45 4.696020010790398 0.053247863247863084
2.5500000000000003 1.8050834740485389 0.05623931623931613
2.6500000000000004 0.9082066247667278 0.05786324786324781
2.75 0.5993757912612212 0.059017094017094006
2.85 0.35118724821735076 0.059743589743589745
2.95 0.17357354074999667 0.06012820512820515
3.0500000000000003 0.18060773876350686 0.0605555555555556
3.1500000000000004 0.321044607059467 0.06136752136752146
3.25 0.4762601240737821 0.06264957264957281
3.35 0.7777268171896796 0.06487179487179501
3.45 1.09967794133427 0.06820512820512845
3.5500000000000003 1.8375229918708602 0.07410256410256444
3.6500000000000004 2.6820200624693267 0.0832051282051286
3.75 4.450252881815172 0.09914529914529964
3.85 5.817282878940733 0.12111111111111177
3.95 7.979028503163365 0.15282051282051357
4.05 8.89716081947719 0.19000000000000078
4.15 10.393948617071482 0.23559829059829104
4.25 9.715596797519831 0.28029914529914557
4.3500000000000005 10.354375950146384 0.33021367521367506
4.45 10.640866874362814 0.38388888888888906
4.55 10.493478142725081 0.43923076923076954
4.65 9.722013220357997 0.4927777777777779
4.75 8.94410276155666 0.544188034188034
4.8500000000000005 7.438327445057738 0.5887606837606838
4.95 6.259392613000305 0.627820512820513
5.050000000000001 4.973151723223031 0.6601282051282048
5.15 4.093239418123471 0.6877777777777773
5.25 3.724914928343759 0.7139316239316242
5.3500000000000005 3.3114233181150765 0.7380769230769233
5.45 3.2936035090704547 0.7629914529914527
5.550000000000001 3.5077430381300454 0.7905128205128189
5.65 3.6314933716581073 0.8200427350427334
5.75 3.8258288074268574 0.8522649572649563
5.8500000000000005 4.221215282021133 0.8890598290598275
5.95 4.573400928579385 0.9302991452991438
6.050000000000001 5.46355633104574 0.9812393162393154
6.15 5.6290610216961445 1.0354700854700865
6.25 6.04296139012777 1.095598290598291
6.3500000000000005 6.245165777013266 1.159743589743592
6.45 6.541015432221269 1.2290598290598314
6.550000000000001 6.35153227096557 1.2984615384615392
6.65 5.76229597963028 1.363376068376069
6.75 5.655846427194939 1.429017094017094
6.8500000000000005 5.606555750752501 1.4960256410256416
6.95 5.460224559131597 1.5632051282051276
7.050000000000001 5.241854054058158 1.6295726495726488
7.15 4.883358157989988 1.693162393162392
7.25 5.010832005308348 1.7602564102564093
7.3500000000000005 4.733242981409441 1.825384615384615
7.45 4.546672889528988 1.8896581196581195
7.550000000000001 4.268173288956506 1.9516239316239308
7.65 4.168732912718512 2.013760683760685
7.75 4.04469171518634 2.0756410256410285
7.8500000000000005 4.317652794622863 2.1434188034188044
7.95 4.318873769088258 2.212948717948717
8.05 4.564805719216311 2.2882905982906023
8.15 4.872541782277695 2.3707264957264944
8.25 4.45420128192976 2.447948717948716
8.35 4.593929470190823 2.529529914529917
8.450000000000001 4.7413725785896155 2.6157692307692324
8.55 4.523601447724681 2.700000000000004
8.65 4.618864096315132 2.788034188034186
8.75 4.601565885363273 2.877777777777781
8.85 4.742892371378518 2.9723931623931623
8.950000000000001 4.639152693323596 3.0670512820512843
9.05 4.457554634184708 3.160042735042734
9.15 4.5168471702527615 3.2563675213675243
9.25 4.453378780443887 3.353418803418805
9.35 4.406372343141086 3.4515384615384637
9.450000000000001 4.292586240220321 3.5491880341880355
9.55 4.122196748546472 3.6449572649572675
9.65 4.123908383030269 3.7427777777777806
9.75 3.996150228672723 3.8395299145299164
9.850000000000001 3.8801315107543735 3.9354273504273514
9.950000000000001 3.933325744358785 4.034615384615381
10.05 3.7525777877962714 4.1311538461538415
