0.05 0.0 0.0
0.15000000000000002 0.0 0.0
0.25 0.0 0.0
0.35000000000000003 0.0 0.0
0.45 0.0 0.0
0.55 0.0 0.0
0.65 0.0 0.0
0.75 0.0 0.0
0.8500000000000001 0.0 0.0
0.9500000000000001 0.0 0.0
1.05 0.0 0.0
1.1500000000000001 0.0 0.0
1.25 0.0 0.0
1.35 0.0 0.0
1.4500000000000002 0.0 0.0
1.55 0.0 0.0
1.6500000000000001 0.0 0.0
1.75 0.0 0.0
1.85 0.0 0.0
1.9500000000000002 0.0 0.0
2.0500000000000003 0.0011832494248893376 0.0003603603603603604
2.15 0.037517089889612686 0.012927927927927968
2.25 0.11480352910421282 0.055045045045045024
2.35 0.09060971691704081 0.09130630630630607
2.45 0.0404915541498552 0.1089189189189186
2.5500000000000003 0.013957157779259129 0.11549549549549533
2.6500000000000004 0.007435602282983989 0.11927927927927909
2.75 0.0030413656025265433 0.12094594594594571
2.85 0.002372507348602229 0.12234234234234216
2.95 0.0021429684863827894 0.12369369369369355
3.0500000000000003 0.002071587391094104 0.12509009009009
3.1500000000000004 0.002819259683210673 0.12711711711711696
3.25 0.0036489746977239725 0.12990990990990975
3.35 0.004819228714595133 0.13382882882882877
3.45 0.006371935663113473 0.13932432432432426
3.5500000000000003 0.007744517700056763 0.1463963963963962
3.6500000000000004 0.010032420184790834 0.15608108108108082
3.75 0.013704196275287125 0.17004504504504467
3.85 0.01795056163166678 0.189324324324324
3.95 0.021595439501007112 0.2137387387387384
4.05 0.024787103769805037 0.24319819819819816
4.15 0.026855662822730293 0.27671171171171166
4.25 0.02767185666007355 0.31292792792792773
4.3500000000000005 0.02762984847508757 0.35081081081081095
4.45 0.028599617595513358 0.3918468468468471
4.55 0.029608525990952733 0.4362612612612615
4.65 0.029412581082463456 0.4823423423423431
4.75 0.027360632702613977 0.5270720720720719
4.8500000000000005 0.025821165894065874 0.5710810810810812
4.95 0.020094636777820724 0.6067567567567573
5.050000000000001 0.017649067571962353 0.6393693693693697
5.15 0.014063819826430781 0.6663963963963969
5.25 0.010646096742331782 0.687657657657658
5.3500000000000005 0.010360442810682793 0.7091441441441445
5.45 0.008686064594124786 0.7278378378378381
5.550000000000001 0.009324475387551134 0.7486486486486488
5.65 0.009386829995648313 0.7703603603603606
5.75 0.00887514607947796 0.791621621621622
5.8500000000000005 0.009936768360495368 0.8162612612612612
5.95 0.011063092465573321 0.8446396396396396
6.050000000000001 0.01177044126987896 0.8758558558558548
6.15 0.013396086880895207 0.9125675675675672
6.25 0.015326293373670852 0.9559459459459455
6.3500000000000005 0.016234992493997374 1.0033783783783787
6.45 0.01673670807386939 1.0538288288288291
6.550000000000001 0.01598323275035312 1.103513513513514
6.65 0.015984134937071848 1.1547297297297299
6.75 0.01517292969091962 1.2048198198198206
6.8500000000000005 0.014852409118460143 1.255315315315315
6.95 0.015135973786726984 1.3082882882882882
7.050000000000001 0.015285013876398608 1.3633333333333335
7.15 0.015468496214441404 1.4206306306306293
7.25 0.015908144705089354 1.4812162162162161
7.3500000000000005 0.016260763424151937 1.544864864864865
7.45 0.015121499147651532 1.6056756756756778
7.550000000000001 0.015050779078737466 1.667837837837837
7.65 0.014086224852377463 1.7275675675675686
7.75 0.013704358197013815 1.7872072072072094
7.8500000000000005 0.013256544244388622 1.8463963963963963
7.95 0.013761249783600934 1.9094144144144125
8.05 0.013095300018852831 1.9709009009008998
8.15 0.012354734359893597 2.0303603603603615
8.25 0.013153139451559001 2.0952252252252253
8.35 0.012982650930389202 2.1608108108108133
8.450000000000001 0.013190895908512534 2.2290540540540564
8.55 0.013402912424546581 2.300045045045046
8.65 0.01298679763019375 2.3704504504504493
8.75 0.013065178813726128 2.44292792792793
8.85 0.013017657257565532 2.516801801801804
8.950000000000001 0.013131971057888688 2.5930180180180202
9.05 0.012759870981870688 2.668738738738738
9.15 0.013536933788290151 2.7508558558558582
9.25 0.012853466931636838 2.830540540540542
9.35 0.01276489475059058 2.9113963963963965
9.450000000000001 0.012670211522104107 2.9933783783783765
9.55 0.012249476042722694 3.074324324324327
9.65 0.012090383708820167 3.1559009009009027
9.75 0.012183721504415032 3.2398198198198225
9.850000000000001 0.011809439645873826 3.322837837837837
9.950000000000001 0.011171365932937076 3.402972972972972
10.05 0.01087014004806414 3.4825225225225234
