0.05 0.0 0.0
0.15000000000000002 0.0 0.0
0.25 0.0 0.0
0.35000000000000003 0.0 0.0
0.45 0.0 0.0
0.55 0.0 0.0
0.65 0.0 0.0
0.75 0.0 0.0
0.8500000000000001 0.0 0.0
0.9500000000000001 0.0 0.0
1.05 0.0 0.0
1.1500000000000001 0.0 0.0
1.25 0.0 0.0
1.35 0.0 0.0
1.4500000000000002 0.0 0.0
1.55 0.0 0.0
1.6500000000000001 0.0 0.0
1.75 0.0 0.0
1.85 0.0 0.0
1.9500000000000002 0.0 0.0
2.0500000000000003 0.0711290054672735 9.00900900900901e-5
2.15 10.314109165471598 0.014504504504504542
2.25 36.81445983216886 0.07085585585585573
2.35 29.512072107237692 0.12013513513513488
2.45 13.152992447749027 0.14400900900900876
2.5500000000000003 4.879637046419163 0.15360360360360328
2.6500000000000004 2.121099632643247 0.15810810810810774
2.75 0.8871279380934121 0.1601351351351348
2.85 0.6606974029442241 0.16175675675675644
2.95 0.4622200362001157 0.16297297297297259
3.0500000000000003 0.5606563609761356 0.16454954954954912
3.1500000000000004 0.8710163995177658 0.1671621621621617
3.25 1.0161926763051325 0.17040540540540497
3.35 1.3539843337409188 0.17499999999999946
3.45 1.7900943970456407 0.18144144144144098
3.5500000000000003 2.2217510051732874 0.18990990990990947
3.6500000000000004 2.99698173813225 0.20198198198198142
3.75 3.993573817044125 0.21896396396396348
3.85 5.397659571565866 0.2431531531531529
3.95 6.035308236633155 0.27162162162162135
4.05 7.121702235764104 0.3069369369369365
4.15 8.114880904049 0.3491891891891886
4.25 8.496189838319145 0.3955855855855859
4.3500000000000005 8.685375795814158 0.44527027027027094
4.45 8.773487367231754 0.4977927927927929
4.55 8.657258486967583 0.5519819819819816
4.65 9.43262958693954 0.6136486486486488
4.75 8.669588870040432 0.672792792792792
4.8500000000000005 7.575475057176267 0.7266666666666659
4.95 6.116863212174586 0.7719819819819823
5.050000000000001 5.205271761408286 0.8121171171171169
5.15 3.9490685403769783 0.8437837837837833
5.25 3.4649386697540385 0.8726576576576573
5.3500000000000005 2.8531347549892723 0.897342342342342
5.45 2.813798344359634 0.9226126126126116
5.550000000000001 2.810278322354331 0.9487837837837828
5.65 2.7719628111955967 0.97554054054054
5.75 2.9738643556371036 1.0052702702702692
5.8500000000000005 3.008283186151853 1.0363963963963962
5.95 3.573324840267269 1.074639639639639
6.050000000000001 3.7410217131298458 1.1160360360360368
6.15 4.446753718581615 1.1668918918918925
6.25 4.591577342555884 1.2211261261261273
6.3500000000000005 5.121565927755001 1.2835585585585592
6.45 4.96743935695389 1.3460360360360366
6.550000000000001 5.437739007437787 1.4165765765765779
6.65 4.8983310970525595 1.4820720720720715
6.75 4.947052422855537 1.5502252252252249
6.8500000000000005 4.991633177129416 1.6210360360360376
6.95 5.033525294095298 1.6945495495495468
7.050000000000001 4.538344962755022 1.7627477477477485
7.15 4.8669985651061385 1.837972972972973
7.25 4.4983475094263925 1.9094594594594587
7.3500000000000005 4.4374856801997895 1.98193693693694
7.45 3.951418772211736 2.0482432432432427
7.550000000000001 3.837198596329078 2.114369369369371
7.65 3.535894234324134 2.176936936936938
7.75 3.681157569590794 2.243783783783783
7.8500000000000005 4.030189433663111 2.3188738738738714
7.95 3.8541766363649694 2.392522522522522
8.05 3.9707932715880325 2.470315315315313
8.15 4.051053525712306 2.551666666666665
8.25 4.1285485534464135 2.636621621621622
8.35 4.237356686084971 2.7259459459459507
8.450000000000001 4.074889664245383 2.8139189189189153
8.55 4.147481609732019 2.905585585585586
8.65 3.9703435665950497 2.995405405405405
8.75 3.9290068666780247 3.0863513513513525
8.85 4.004602876272808 3.1811711711711714
8.950000000000001 4.194473196721848 3.2827477477477487
9.05 4.113156349386484 3.3845945945945948
9.15 3.93255312966749 3.484144144144146
9.25 3.871103436872142 3.5842792792792832
9.35 3.855037148984748 3.686171171171173
9.450000000000001 3.7821397310385048 3.788288288288294
9.55 3.6961078777336844 3.8901801801801814
9.65 3.5417710809841645 3.9899099099099056
9.75 3.512217711553394 4.090855855855861
9.850000000000001 3.5703311795576376 4.195585585585583
9.950000000000001 3.324514681852856 4.295090090090088
10.05 3.2703120883428647 4.394954954954955
