0.05 0.0 0.0
0.15000000000000002 0.0 0.0
0.25 0.0 0.0
0.35000000000000003 0.0 0.0
0.45 0.0 0.0
0.55 0.0 0.0
0.65 0.0 0.0
0.75 0.0 0.0
0.8500000000000001 0.0 0.0
0.9500000000000001 0.0 0.0
1.05 0.0 0.0
1.1500000000000001 0.0 0.0
1.25 0.0 0.0
1.35 0.0 0.0
1.4500000000000002 0.0 0.0
1.55 0.0 0.0
1.6500000000000001 0.0 0.0
1.75 0.0 0.0
1.85 0.0 0.0
1.9500000000000002 0.0 0.0
2.0500000000000003 0.00029581235622233446 9.00900900900901e-5
2.15 0.03321405449008722 0.011216216216216254
2.25 0.11529466719663722 0.05351351351351349
2.35 0.09331112462636879 0.09085585585585568
2.45 0.039145287643593984 0.1078828828828827
2.5500000000000003 0.015677903258893816 0.1152702702702702
2.6500000000000004 0.006727449684604562 0.11869369369369365
2.75 0.002794768391510878 0.12022522522522515
2.85 0.0020663773681374254 0.12144144144144127
2.95 0.001428645657588526 0.12234234234234213
3.0500000000000003 0.0016706349928178263 0.12346846846846823
3.1500000000000004 0.002318057961750999 0.125135135135135
3.25 0.003178139252856363 0.12756756756756735
3.35 0.004099114079080918 0.13090090090090067
3.45 0.005536271969590392 0.13567567567567548
3.5500000000000003 0.00710325190323677 0.14216216216216193
3.6500000000000004 0.009332483892828685 0.15117117117117082
3.75 0.012422190817276399 0.16382882882882832
3.85 0.01648264187206785 0.18153153153153118
3.95 0.01988214817528146 0.20400900900900845
4.05 0.022778362944423314 0.23108108108108094
4.15 0.025664484229786608 0.2631081081081076
4.25 0.02780952758873062 0.29950450450450455
4.3500000000000005 0.02835262691319927 0.3383783783783784
4.45 0.028065925499878117 0.378648648648649
4.55 0.02804702157763672 0.42072072072072103
4.65 0.029700094094022272 0.4672522522522526
4.75 0.027773935311414772 0.5126576576576573
4.8500000000000005 0.024367569042301675 0.5541891891891891
4.95 0.019840916616484603 0.5894144144144144
5.050000000000001 0.016868998287013763 0.6205855855855849
5.15 0.012657437843787703 0.6449099099099097
5.25 0.011164868405623371 0.6672072072072068
5.3500000000000005 0.009035522451245368 0.685945945945945
5.45 0.008790715974776894 0.7048648648648642
5.550000000000001 0.008900635597207895 0.7247297297297292
5.65 0.008685738958628926 0.7448198198198196
5.75 0.009608473827570423 0.7678378378378377
5.8500000000000005 0.00955528365195715 0.7915315315315308
5.95 0.011133334322497595 0.8200900900900907
6.050000000000001 0.012364908000680915 0.8528828828828835
6.15 0.014448049531664882 0.8924774774774775
6.25 0.014562365978098464 0.9336936936936941
6.3500000000000005 0.016975049131900385 0.9832882882882886
6.45 0.01589987267017596 1.0312162162162162
6.550000000000001 0.01764966227554862 1.0860810810810815
6.65 0.01573108794598364 1.1364864864864863
6.75 0.015977968226678862 1.1892342342342344
6.8500000000000005 0.01623033110625664 1.244414414414414
6.95 0.016255726949520568 1.3013063063063053
7.050000000000001 0.01382155510099875 1.3510810810810825
7.15 0.015553621586690694 1.4086936936936942
7.25 0.014524313529999784 1.4640090090090097
7.3500000000000005 0.01437345613359223 1.520270270270269
7.45 0.012567645958270353 1.5708108108108096
7.550000000000001 0.012236937772712632 1.6213513513513513
7.65 0.011313596883696824 1.6693243243243243
7.75 0.011385796085132332 1.718873873873876
7.8500000000000005 0.01269157736639337 1.7755405405405407
7.95 0.012256266783678879 1.8316666666666663
8.05 0.012701961336967878 1.8913063063063051
8.15 0.012457690479559368 1.9512612612612623
8.25 0.013217078323892961 2.0164414414414416
8.35 0.013660316775656758 2.0854504504504514
8.450000000000001 0.013347619424257239 2.154504504504504
8.55 0.01354748698750172 2.2262612612612633
8.65 0.012887090930537748 2.296126126126127
8.75 0.01276473654144033 2.366936936936936
8.85 0.013168471579451946 2.4416666666666687
8.950000000000001 0.013589882578228766 2.5205405405405394
9.05 0.013222900208458505 2.599009009009009
9.15 0.012749816409486695 2.676351351351348
9.25 0.01248290344180445 2.753738738738739
9.35 0.01228843349806158 2.8315765765765795
9.450000000000001 0.012057585910046324 2.9095945945945942
9.55 0.011751862380441807 2.987252252252254
9.65 0.011402747307932008 3.064189189189187
9.75 0.011359701692522218 3.1424324324324315
9.850000000000001 0.01131604471764144 3.2219819819819837
9.950000000000001 0.01062504280974117 3.298198198198197
10.05 0.0102115302037024 3.3729279279279263
