0.05 0.0 0.0
0.15000000000000002 0.0 0.0
0.25 0.0 0.0
0.35000000000000003 0.0 0.0
0.45 0.0 0.0
0.55 0.0 0.0
0.65 0.0 0.0
0.75 0.0 0.0
0.8500000000000001 0.0 0.0
0.9500000000000001 0.0 0.0
1.05 0.0 0.0
1.1500000000000001 0.0 0.0
1.25 0.0 0.0
1.35 0.0 0.0
1.4500000000000002 0.0 0.0
1.55 0.0 0.0
1.6500000000000001 0.0 0.0
1.75 0.0 0.0
1.85 0.0 0.0
1.9500000000000002 0.0 0.0
2.0500000000000003 0.3589387880994056 0.00038461538461538456
2.15 6.965814352668286 0.008589743589743569
2.25 15.677486513800588 0.02880341880341872
2.35 11.512972935390952 0.044999999999999866
2.45 4.835034336252595 0.05239316239316223
2.5500000000000003 1.5478158979609575 0.05495726495726485
2.6500000000000004 0.9074198334678453 0.0565811965811965
2.75 0.17739217366810775 0.05692307692307684
2.85 0.2684349200197599 0.0574786324786324
2.95 0.1541280382683144 0.05782051282051275
3.0500000000000003 0.16246621877857653 0.058205128205128145
3.1500000000000004 0.38899418205803193 0.05918803418803415
3.25 0.49227170614383914 0.06051282051282049
3.35 0.6430695822008485 0.062350427350427375
3.45 0.9163186710545603 0.06512820512820525
3.5500000000000003 1.650913641042148 0.07042735042735064
3.6500000000000004 3.0227932453381863 0.080683760683761
3.75 3.9498329696277144 0.09482905982906026
3.85 5.727689001325598 0.11645299145299201
3.95 7.775867335745481 0.147350427350428
4.05 9.021978140644208 0.18504273504273577
4.15 9.283391631420178 0.22576923076923133
4.25 9.35471204140395 0.2688034188034194
4.3500000000000005 10.098204899481468 0.3174786324786331
4.45 9.582456687003496 0.3658119658119659
4.55 9.877572072472942 0.41790598290598346
4.65 9.66071376452686 0.4711111111111115
4.75 8.016420511109269 0.5171794871794873
4.8500000000000005 7.018148391251141 0.5592307692307694
4.95 5.854711998413652 0.5957692307692308
5.050000000000001 4.789811822625861 0.6268803418803417
5.15 4.143849118037553 0.6548717948717945
5.25 3.786714904000082 0.6814529914529909
5.3500000000000005 3.545968253805629 0.7073076923076915
5.45 3.5531301143081375 0.7341880341880335
5.550000000000001 3.5298591567694433 0.761880341880341
5.65 3.9054001978963426 0.7936324786324777
5.75 3.9477742490977548 0.8268803418803408
5.8500000000000005 4.1228500423553935 0.8628205128205122
5.95 4.86682620127741 0.906709401709401
6.050000000000001 4.945666920485288 0.9528205128205118
6.15 5.359223420105177 1.0044444444444436
6.25 5.782064433468243 1.0619658119658124
6.3500000000000005 6.187902823559926 1.125512820512821
6.45 6.347715542994249 1.1927777777777786
6.550000000000001 6.233593048577564 1.2608974358974374
6.65 5.8613435200862805 1.326923076923078
6.75 5.531484792069365 1.391111111111111
6.8500000000000005 5.2888201301647495 1.4543162393162408
6.95 5.126365534071613 1.5173931623931627
7.050000000000001 5.229290889155137 1.5835897435897412
7.15 4.81155085810547 1.646239316239315
7.25 4.9377680048621295 1.712350427350425
7.3500000000000005 4.55638135355066 1.7750427350427338
7.45 4.383702234175417 1.837008547008546
7.550000000000001 4.009304494293073 1.8952136752136757
7.65 4.130921155667674 1.9567948717948704
7.75 3.983395672640581 2.0177350427350436
7.8500000000000005 4.171738271111151 2.0832051282051296
7.95 4.393752387378859 2.1539316239316255
8.05 4.378586249140826 2.2261965811965823
8.15 4.537107597775178 2.3029487179487176
8.25 4.661182360913938 2.383760683760685
8.35 4.812821948011279 2.46923076923077
8.450000000000001 4.690146912825003 2.554529914529912
8.55 4.843257249710929 2.6447008547008566
8.65 4.552339849553426 2.731452991452991
8.75 4.689850924718216 2.822905982905982
8.85 4.599742036832184 2.9146581196581196
8.950000000000001 4.618861322204164 3.008888888888888
9.05 4.726264881318399 3.1074786324786325
9.15 4.583317415952326 3.205213675213677
9.25 4.63305380256906 3.30619658119658
9.35 4.577371498351263 3.408119658119658
9.450000000000001 4.471626696017378 3.5098290598290625
9.55 4.251415474622725 3.6085897435897456
9.65 4.080734214031585 3.705384615384613
9.75 3.9110793545912514 3.800085470085473
9.850000000000001 3.7162949628535724 3.8919230769230744
9.950000000000001 3.584392926778012 3.98230769230769
10.05 3.736022528156944 4.078418803418798
