0.05 0.0 0.0
0.15000000000000002 0.0 0.0
0.25 0.0 0.0
0.35000000000000003 0.0 0.0
0.45 0.0 0.0
0.55 0.0 0.0
0.65 0.0 0.0
0.75 0.0 0.0
0.8500000000000001 0.0 0.0
0.9500000000000001 0.0 0.0
1.05 0.0 0.0
1.1500000000000001 0.0 0.0
1.25 0.0 0.0
1.35 0.0 0.0
1.4500000000000002 0.0 0.0
1.55 0.0 0.0
1.6500000000000001 0.0 0.0
1.75 0.0 0.0
1.85 0.0 0.0
1.9500000000000002 0.0 0.0
2.0500000000000003 0.0011832494248893376 0.0003418803418803418
2.15 0.02205305642256803 0.007350427350427335
2.25 0.0500960854272932 0.024786324786324716
2.35 0.03725691465781431 0.03893162393162382
2.45 0.014912490530892946 0.04508547008546995
2.5500000000000003 0.004684251583449981 0.047179487179487035
2.6500000000000004 0.0029211294683151377 0.048589743589743446
2.75 0.000575393492369887 0.04888888888888874
2.85 0.0009949224365106127 0.0494444444444443
2.95 0.0005714582630354101 0.04978632478632464
3.0500000000000003 0.0004677777979889912 0.05008547008546994
3.1500000000000004 0.0010024034429193514 0.050769230769230615
3.25 0.0017656329182535351 0.0520512820512819
3.35 0.0018279833055360874 0.053461538461538304
3.45 0.002820364965640384 0.05576923076923069
3.5500000000000003 0.00503147009812604 0.06012820512820519
3.6500000000000004 0.009425808731756967 0.06876068376068395
3.75 0.01184749871540952 0.08021367521367546
3.85 0.017027869211347454 0.09756410256410308
3.95 0.02474311426222401 0.12410256410256466
4.05 0.0284634784879566 0.15619658119658203
4.15 0.029959946428583524 0.1916666666666674
4.25 0.029530414196944164 0.22833333333333372
4.3500000000000005 0.03193366553838891 0.26987179487179597
4.45 0.02972978909215275 0.31034188034188076
4.55 0.030749625369914445 0.3541025641025647
4.65 0.030303871418295686 0.3991452991452996
4.75 0.02570742226741067 0.43901709401709443
4.8500000000000005 0.02254396571917931 0.47547008547008557
4.95 0.018496199761403164 0.506623931623932
5.050000000000001 0.015186973891343311 0.5332478632478638
5.15 0.013454387633952111 0.5577777777777778
5.25 0.01199941412483157 0.5805128205128205
5.3500000000000005 0.011120643016917378 0.6023931623931617
5.45 0.011113976625253643 0.6250854700854698
5.550000000000001 0.01104001739608325 0.6484615384615375
5.65 0.012600163915320484 0.6761111111111101
5.75 0.012936653607374664 0.7055128205128205
5.8500000000000005 0.013024977905804739 0.7361538461538463
5.95 0.015716615486806536 0.7744017094017097
6.050000000000001 0.015592013110748749 0.8136324786324785
6.15 0.016995771576497707 0.8578205128205127
6.25 0.018047784720397433 0.9062820512820506
6.3500000000000005 0.020104871996365233 0.9620085470085467
6.45 0.020457636922434987 1.0205128205128202
6.550000000000001 0.019837756695587953 1.0790170940170953
6.65 0.018936349833100944 1.136581196581197
6.75 0.017642624181977592 1.1918376068376055
6.8500000000000005 0.016879544350506908 1.246282051282051
6.95 0.016719073085848923 1.301794871794872
7.050000000000001 0.016948603766383095 1.3597008547008538
7.15 0.015006387050802426 1.4124358974358957
7.25 0.01577804091939715 1.469444444444444
7.3500000000000005 0.014430995990011733 1.5230341880341884
7.45 0.013833371442481203 1.575811965811967
7.550000000000001 0.012727724047019308 1.625683760683759
7.65 0.01289643813784786 1.6775641025641028
7.75 0.012317361219370397 1.7284188034188062
7.8500000000000005 0.0130446816651404 1.783675213675214
7.95 0.014135036411032548 1.8450854700854709
8.05 0.013872383756235309 1.9068803418803404
8.15 0.014507453225632619 1.9731196581196568
8.25 0.014852086630718698 2.0426068376068396
8.35 0.01533664807710814 2.116111111111111
8.450000000000001 0.01505416437347732 2.1899999999999995
8.55 0.015375929989581427 2.2672649572649592
8.65 0.01469842930762174 2.342863247863248
8.75 0.015070833982769209 2.422179487179488
8.85 0.014755990757203867 2.501623931623933
8.950000000000001 0.01478510925843854 2.583034188034188
9.05 0.01541659605245646 2.6698290598290604
9.15 0.014843845662529904 2.755256410256411
9.25 0.014742614134703833 2.8419658119658116
9.35 0.014805855638289426 2.930940170940172
9.450000000000001 0.014563781595737253 3.020341880341881
9.55 0.013476468634648173 3.104829059829064
9.65 0.013045063372189183 3.1883333333333352
9.75 0.01251725333303831 3.270128205128208
9.850000000000001 0.01184788600391791 3.3491452991453015
9.950000000000001 0.011485344739371508 3.4273076923076915
10.05 0.011867287662892233 3.509700854700854
