0   0.0
1   0.28506365418434143
2   0.14386893808841705
3   0.2101549506187439
4   0.2764891982078552
5   0.1800222247838974
6   0.18387021124362946
7   0.28208279609680176
8   0.26654961705207825
9   0.2821008265018463
10   0.3871929347515106
11   0.6338420510292053
12   0.789310872554779
13   1.5082138776779175
14   1.910033106803894
15   1.9917384386062622
16   0.8442299962043762
17   0.9205410480499268
18   0.8231493234634399
19   1.1507494449615479
20   2.068895101547241
21   2.711731433868408
22   2.924086093902588
23   2.660043478012085
24   2.328293800354004
25   3.1411752700805664
26   1.3295458555221558
27   1.496834397315979
28   1.2533047199249268
29   1.837473750114441
30   1.463323950767517
31   1.5680577754974365
32   1.4810563325881958
33   2.1353485584259033
34   1.9483275413513184
35   1.5091091394424438
36   1.7443134784698486
37   2.1139214038848877
38   2.5364813804626465
39   1.425844430923462
40   1.416254997253418
41   1.8133172988891602
42   1.5936850309371948
43   1.7038650512695313
44   2.0450189113616943
45   1.7509161233901978
46   1.7436145544052124
47   2.4257774353027344
48   1.6528559923171997
49   2.667888879776001
50   2.226001262664795
51   1.9089244604110718
52   2.0677525997161865
53   1.6106935739517212
54   1.8624067306518555
55   1.650404453277588
56   1.7303582429885864
57   2.332669258117676
58   1.960433006286621
59   2.5682413578033447
60   2.1518075466156006
61   2.249988317489624
62   2.5611026287078857
63   2.4770724773406982
64   1.0184212923049927
65   0.9551621675491333
66   1.08420729637146
67   1.3338381052017212
68   2.305103063583374
69   2.8121860027313232
70   1.831913948059082
71   1.798161506652832
72   2.2128632068634033
73   1.8421623706817627
74   1.7501721382141113
75   1.7856167554855347
76   1.2865023612976074
77   1.4145698547363281
78   1.923669695854187
79   1.109911561012268
80   1.5359877347946167
81   2.7441635131835938
82   1.6118987798690796
83   2.424339771270752
84   2.018369674682617
85   2.6530137062072754
86   1.870235562324524
87   2.0352461338043213
88   2.4263341426849365
89   1.8499876260757446
90   2.398116111755371
91   2.4498777389526367
92   1.6603522300720215
93   2.086198568344116
94   2.2578985691070557
95   2.247676372528076
96   2.4902184009552
97   1.760739803314209
98   1.0586364269256592
99   1.5268906354904175
100   2.905390739440918
101   2.7065958976745605
102   2.2855188846588135
103   2.8428540229797363
104   1.8378455638885498
105   2.3746893405914307
106   2.1978867053985596
107   2.2014102935791016
108   1.4426008462905884
109   2.4669439792633057
110   2.0763862133026123
111   1.8786301612854004
112   2.2373452186584473
113   2.1168806552886963
114   2.1446664333343506
115   2.0970847606658936
116   1.2793149948120117
117   1.455183982849121
118   1.9019439220428467
119   2.353283643722534
120   2.2442827224731445
121   1.8459333181381226
122   1.9797114133834839
123   2.0321059226989746
124   2.1236648559570313
125   1.683419108390808
126   1.4583594799041748
127   1.6693471670150757
128   1.871087908744812
129   2.7393362522125244
130   1.541662573814392
131   1.9340170621871948
132   2.269688367843628
133   1.4980376958847046
134   1.4978066682815552
135   0.9531099796295166
136   1.7414608001708984
137   1.7968493700027466
138   1.8669452667236328
139   0.95399010181427
140   1.1799192428588867
141   1.1791905164718628
142   1.652405023574829
143   2.2169716358184814
144   2.36590838432312
145   2.1296236515045166
146   1.5418647527694702
147   2.517965316772461
148   2.157733678817749
149   2.5279440879821777
150   2.1988511085510254
151   2.5652196407318115
152   2.2666430473327637
153   1.7596051692962646
154   1.4722543954849243
155   1.7786329984664917
156   2.801318645477295
157   0.9855831265449524
158   2.1201159954071045
159   1.3507696390151978
160   1.1195887327194214
161   0.8679597973823547
162   2.0035011768341064
163   1.6276345252990723
164   1.1145840883255005
165   1.251886248588562
166   2.7755286693573
167   1.9341126680374146
168   1.6168900728225708
169   1.7611430883407593
170   2.294175863265991
171   0.9390111565589905
172   1.281357765197754
173   1.5461300611495972
174   0.9669511914253235
175   1.4058778285980225
176   2.7710063457489014
177   1.0816594362258911
178   1.457984209060669
179   1.8106157779693604
180   2.0424551963806152
181   3.0790374279022217
182   2.2952022552490234
183   2.051179885864258
184   1.6802231073379517
185   1.6537222862243652
186   1.4820419549942017
187   1.346104621887207
188   1.788419485092163
189   1.4097076654434204
190   1.664217472076416
191   1.866683006286621
192   1.2324693202972412
193   1.8888639211654663
194   1.9947705268859863
195   1.7351443767547607
196   1.4743971824645996
197   1.114740014076233
198   0.9700710773468018
199   1.3845722675323486
200   1.467942476272583
201   1.024707555770874
202   1.2565271854400635
203   0.9968407154083252
204   0.9928240776062012
205   2.6751303672790527
206   1.842285394668579
207   1.5589969158172607
208   2.1735503673553467
209   1.6059952974319458
210   1.3159759044647217
211   2.248577356338501
212   2.420034170150757
213   2.7404556274414063
1   1.159743070602417
2   1.2134376764297485
3   1.0051345825195313
4   1.4318143129348755
5   1.2067815065383911
6   0.8719223141670227
7   1.3539881706237793
8   1.2173439264297485
9   0.8742777705192566
10   1.7617058753967285
11   1.8587974309921265
12   1.4017785787582397
13   1.5004833936691284
14   1.241503357887268
15   1.09937584400177
16   1.6769909858703613
17   1.8840233087539673
18   0.974818766117096
19   1.8323525190353394
20   1.6215420961380005
1   0.9305946230888367
2   1.2586110830307007
3   1.4146769046783447
4   1.2448838949203491
5   1.325812816619873
6   1.7630932331085205
7   1.5952553749084473
8   1.1869057416915894
9   1.2334964275360107
10   1.2191475629806519
11   1.5515176057815552
12   1.3650375604629517
13   1.1954905986785889
14   1.4245342016220093
15   1.3841674327850342
16   1.6149388551712036
17   1.5418226718902588
18   1.278536319732666
19   1.4332623481750488
20   1.5212929248809814
21   1.339611530303955
22   1.2941495180130005
23   1.7046070098876953
24   1.2616838216781616
25   1.6597340106964111
26   1.3086292743682861
27   1.50634765625
28   1.7825764417648315
29   1.2877565622329712
30   1.1640238761901855
31   1.5197423696517944
32   1.3730591535568237
33   1.4867948293685913
34   1.3531030416488647
35   1.2795195579528809
36   1.3252075910568237
37   1.4818246364593506
38   1.2286396026611328
39   1.3914998769760132
40   1.015213131904602
41   1.0994232892990112
42   1.7394319772720337
43   1.458454966545105
44   1.0662841796875
45   1.4557476043701172
46   1.171238899230957
47   1.6076023578643799
48   1.400482416152954
49   1.4676644802093506
50   1.3831976652145386
51   1.508634328842163
52   1.2917215824127197
53   1.4243980646133423
54   1.2190743684768677
55   0.9943737983703613
56   1.1220197677612305
57   1.3287509679794312
58   1.2460379600524902
59   1.2027122974395752
60   1.0232727527618408
61   1.3636757135391235
62   1.1731109619140625
63   1.176965355873108
64   1.3700909614562988
65   1.5893157720565796
66   1.088894248008728
67   1.0147582292556763
68   1.276039958000183
69   1.2368738651275635
70   1.3047993183135986
71   1.3286446332931519
72   1.3601758480072021
73   1.4919251203536987
74   1.4442352056503296
75   1.250838041305542
76   1.6305246353149414
77   1.269358515739441
78   1.737308144569397
79   1.3586421012878418
80   1.4503018856048584
81   1.3856325149536133
82   1.966831922531128
83   1.469378113746643
84   1.5410228967666626
85   1.786515235900879
86   1.3476229906082153
87   1.5064815282821655
88   1.2848355770111084
89   1.1981080770492554
90   1.2373753786087036
91   1.266287088394165
92   1.53486168384552
93   1.2063000202178955
94   1.735880732536316
95   1.3631821870803833
96   1.305914282798767
97   1.583505630493164
98   1.0490806102752686
99   1.4689985513687134
100   1.4227209091186523
101   1.2430020570755005
102   1.3285491466522217
103   1.738708734512329
104   1.410764455795288
105   1.391178846359253
106   1.3406933546066284
107   1.4845200777053833
108   1.2305355072021484
109   1.2043228149414063
110   1.7478506565093994
111   1.3754390478134155
112   1.3617461919784546
113   1.318822979927063
114   1.3938945531845093
115   1.781110405921936
116   1.0498946905136108
117   1.0202505588531494
118   1.437272310256958
119   1.6535123586654663
120   1.0920406579971313
121   1.3225492238998413
122   1.1514568328857422
123   1.309191107749939
124   1.729548692703247
125   1.4226698875427246
126   1.5836197137832642
127   1.226944088935852
128   1.1071003675460815
129   1.308492660522461
130   1.182976245880127
131   1.4326622486114502
132   1.4408878087997437
133   1.2450844049453735
134   1.1174184083938599
135   1.5797550678253174
136   1.0565122365951538
137   1.1073635816574097
138   1.2315486669540405
139   1.5679782629013062
140   1.23812997341156
141   1.3903303146362305
142   1.5861518383026123
143   1.4364924430847168
144   1.5654473304748535
145   0.9658663272857666
146   1.242335319519043
147   1.5496294498443604
148   1.5883828401565552
149   1.6348848342895508
150   1.3653078079223633
151   1.0884766578674316
152   1.5229721069335938
153   1.2871901988983154
154   1.4469826221466064
155   1.285665512084961
156   1.1779230833053589
157   1.2830679416656494
158   1.2829495668411255
159   1.0748528242111206
160   1.5232760906219482
1   0.922889769077301
2   1.4505618810653687
3   1.2949408292770386
4   1.3451482057571411
5   1.6534178256988525
6   1.0942637920379639
7   1.5334891080856323
8   1.1403876543045044
9   1.4657858610153198
10   1.2641210556030273
11   1.3109862804412842
12   1.3959887027740479
13   1.1408820152282715
14   1.6124482154846191
15   1.7105796337127686
16   1.4481515884399414
17   1.2246407270431519
18   1.399031162261963
19   1.2675472497940063
20   1.3419581651687622
21   1.200896978378296
22   1.3351941108703613
23   1.6398957967758179
24   1.2243852615356445
25   1.521950364112854
26   1.272808313369751
27   1.6916202306747437
28   1.2504230737686157
29   1.2065236568450928
30   0.9734142422676086
31   1.0319044589996338
32   1.476167917251587
33   1.5659897327423096
34   1.4851185083389282
35   1.9309929609298706
36   1.4705971479415894
37   1.507414698600769
38   1.219531774520874
39   1.0441198348999023
40   1.3855094909667969
41   1.409582257270813
42   1.4193211793899536
43   1.35232675075531
44   1.4080449342727661
45   1.5156290531158447
46   1.3255219459533691
47   1.0759532451629639
48   1.0982526540756226
49   1.5663375854492188
50   1.5943233966827393
51   0.9510530233383179
52   1.4823546409606934
53   1.0952268838882446
54   1.101559042930603
55   1.257926344871521
56   1.2731143236160278
57   1.1401031017303467
58   1.5757073163986206
59   0.8270822763442993
60   1.5468151569366455
61   1.726025104522705
62   0.7383654117584229
63   1.4289005994796753
64   2.5285797119140625
65   2.4709067344665527
66   0.7943552732467651
67   0.9754622578620911
68   1.000902771949768
69   2.7467808723449707
70   2.2263596057891846
71   2.291632652282715
72   2.1151344776153564
73   2.1786131858825684
74   1.4997060298919678
75   1.5970823764801025
76   0.9371174573898315
77   1.523974061012268
78   1.3998664617538452
79   2.12229061126709
80   1.2256371974945068
81   1.458668828010559
82   2.240180253982544
83   2.1224210262298584
84   1.4225084781646729
85   1.0268208980560303
86   1.4613292217254639
87   1.179470181465149
88   2.5856804847717285
89   2.2874746322631836
90   2.2485673427581787
91   1.7742037773132324
92   1.8355178833007813
93   0.5757770538330078
94   2.5829098224639893
95   1.2586936950683594
96   1.7104448080062866
97   1.3748648166656494
98   1.7848715782165527
99   1.7014961242675781
100   2.9216208457946777
101   2.1355197429656982
102   2.5797085762023926
103   1.7201659679412842
104   1.1094284057617188
105   1.4651756286621094
106   1.3407167196273804
107   1.1210696697235107
108   1.410936951637268
109   1.6155112981796265
110   1.5860189199447632
111   2.054161787033081
112   1.0774933099746704
113   1.470051646232605
114   2.0017666816711426
115   1.8173490762710571
116   0.9805347919464111
117   1.3141896724700928
118   1.4375824928283691
119   1.3095593452453613
120   1.1190029382705688
121   1.2666447162628174
122   1.1595215797424316
123   1.2971559762954712
124   1.226395606994629
125   1.246695637702942
126   1.3223108053207397
127   0.9051396250724792
128   1.7815123796463013
129   0.8573331236839294
130   1.1897834539413452
131   1.4033052921295166
132   1.4920707941055298
133   1.2442049980163574
134   1.0860240459442139
135   1.2084680795669556
136   0.9300787448883057
137   1.3216665983200073
138   1.137284755706787
139   1.3381625413894653
140   1.8296847343444824
141   1.5968246459960938
142   1.684322476387024
143   1.0515501499176025
144   1.0941702127456665
145   1.3760868310928345
146   0.9661027789115906
147   1.2602556943893433
148   1.2222180366516113
149   1.3244702816009521
150   1.6687943935394287
151   1.4575419425964355
152   1.2737902402877808
153   1.224185824394226
154   1.1922895908355713
155   1.2364423274993896
156   1.4371716976165771
157   1.586970567703247
158   1.582764983177185
159   1.4464633464813232
160   1.1565619707107544
161   1.5828622579574585
162   1.045505166053772
163   1.20728600025177
164   1.6290761232376099
