0   0.0
1   1.8965034484863281
2   1.9242743253707886
3   1.864463448524475
4   2.1637701988220215
5   1.827131986618042
6   2.1021084785461426
7   2.052901268005371
8   1.940950870513916
9   2.4163384437561035
10   2.8007373809814453
11   3.1918752193450928
12   3.1381123065948486
13   5.143712997436523
14   4.511926651000977
15   4.915006160736084
16   4.0651631355285645
17   4.363259792327881
18   4.425225257873535
19   5.619313716888428
20   6.272010326385498
21   4.459386825561523
22   3.7802252769470215
23   4.069894790649414
24   3.5422558784484863
25   5.333045959472656
26   3.652064561843872
27   4.472292423248291
28   4.976640224456787
29   2.840023994445801
30   4.860267162322998
31   4.587904453277588
32   4.521735668182373
33   5.003523826599121
34   3.8705365657806396
35   4.531403064727783
36   5.9602484703063965
37   4.965024948120117
38   5.236036777496338
39   5.587189197540283
40   5.11068868637085
41   5.676355361938477
42   5.129080295562744
43   5.801451206207275
44   5.119000434875488
45   5.715099334716797
46   6.341390132904053
47   5.301279544830322
48   5.853047847747803
49   5.440009117126465
50   5.6996893882751465
51   4.8289995193481445
52   4.0222578048706055
53   4.949868679046631
54   5.81436824798584
55   5.3638176918029785
56   4.55882453918457
57   5.846235752105713
58   6.315431594848633
59   5.929811477661133
60   6.72920036315918
61   4.789162635803223
62   5.783263683319092
63   5.985959053039551
64   5.643847942352295
65   5.461863994598389
66   4.1788716316223145
67   4.732325077056885
68   4.890322208404541
69   5.591709613800049
70   6.236207485198975
71   4.870838642120361
72   6.153954982757568
73   4.812317371368408
74   4.461341381072998
75   4.4735941886901855
76   3.9663407802581787
77   4.746218204498291
78   4.104709148406982
79   4.543282508850098
80   3.311163902282715
81   3.3710923194885254
82   4.339625835418701
83   3.6154565811157227
84   4.899984359741211
85   3.258904457092285
86   3.7604033946990967
87   4.378617286682129
88   4.086910724639893
89   3.7104384899139404
90   4.251870632171631
91   3.0541393756866455
92   4.375498294830322
93   4.242641448974609
94   4.396063804626465
95   4.477035045623779
96   3.9706027507781982
97   4.452133655548096
98   5.398714542388916
99   5.763175010681152
100   5.27669620513916
101   3.6118381023406982
102   5.37713098526001
103   4.890756607055664
104   5.586671352386475
105   5.606895923614502
106   5.015992164611816
107   4.025794506072998
108   3.823011875152588
109   5.352571964263916
110   5.61433744430542
111   6.139014720916748
112   5.557693004608154
113   6.0054826736450195
114   5.205467700958252
115   4.244180202484131
116   4.104134559631348
117   4.467039108276367
118   3.729297637939453
119   3.3427467346191406
120   3.860781669616699
121   4.276164531707764
122   4.435211181640625
123   3.936499834060669
124   4.499030590057373
125   3.657405138015747
126   4.716402053833008
127   3.748215436935425
128   4.037863731384277
129   3.5577094554901123
130   3.2171308994293213
131   3.935659170150757
132   3.5667788982391357
133   3.910532236099243
134   3.855592727661133
135   4.181601524353027
136   3.406146287918091
137   3.973059892654419
138   3.6046903133392334
139   5.163487911224365
140   4.992350101470947
141   5.10343074798584
142   4.437503337860107
143   3.8697454929351807
144   3.4811925888061523
145   3.877162218093872
146   4.600264549255371
147   4.134687900543213
148   3.2212765216827393
149   4.3430681228637695
150   4.12833309173584
151   5.55552339553833
152   4.0865159034729
153   5.6357340812683105
154   5.33611536026001
155   3.744101047515869
156   5.2091546058654785
157   6.3700737953186035
158   5.153818607330322
159   4.962951183319092
160   4.999732971191406
161   5.901257514953613
162   5.466719627380371
163   5.861763000488281
164   4.929529190063477
165   5.447237014770508
166   5.59113883972168
167   6.335671901702881
168   4.963378429412842
169   4.29497766494751
170   5.248141288757324
171   4.543445587158203
172   4.877466678619385
173   4.181341648101807
174   4.749278545379639
175   4.8281731605529785
176   6.012528419494629
177   6.003966808319092
178   4.578001499176025
179   5.758521556854248
180   6.203507423400879
181   4.560460090637207
182   3.6640543937683105
183   3.7349557876586914
184   5.133224964141846
185   4.896657943725586
186   5.117587089538574
187   4.795266628265381
188   5.265340328216553
189   4.602415561676025
190   3.5343775749206543
191   4.099294185638428
192   5.201689720153809
193   4.82482385635376
194   3.636979341506958
195   4.235145092010498
196   2.555023193359375
197   3.412403106689453
198   3.7857394218444824
199   3.5184648036956787
200   4.4674787521362305
201   4.202322959899902
202   4.380790710449219
203   3.5702028274536133
204   4.738216400146484
205   6.140416145324707
206   4.0886921882629395
207   3.674726963043213
208   4.404542446136475
209   4.207886695861816
210   3.5241611003875732
211   4.662858009338379
212   3.337879180908203
213   2.784367084503174
1   4.050769329071045
2   3.851027488708496
3   4.63738489151001
4   4.05364990234375
5   3.1140034198760986
6   3.757648468017578
7   2.798661231994629
8   4.671789169311523
9   4.111914157867432
10   4.837491989135742
11   4.28494930267334
12   4.338010311126709
13   3.47524094581604
14   4.563282012939453
15   4.270758152008057
16   4.171309471130371
17   5.238335132598877
18   4.9353837966918945
19   4.911813259124756
20   4.0498175621032715
1   4.80789852142334
2   3.6998980045318604
3   2.8434901237487793
4   3.8702805042266846
5   3.3040385246276855
6   3.4670825004577637
7   3.6845836639404297
8   4.439996719360352
9   3.1930832862854004
10   3.2005069255828857
11   3.718860626220703
12   4.2528581619262695
13   4.315312385559082
14   4.7638983726501465
15   4.441004276275635
16   3.648966073989868
17   4.772240161895752
18   4.140756607055664
19   4.477789878845215
20   3.670250177383423
21   4.791943073272705
22   4.302244663238525
23   4.043279647827148
24   4.884893894195557
25   4.921047210693359
26   4.033297061920166
27   3.7633869647979736
28   3.7094414234161377
29   3.92803955078125
30   4.927365779876709
31   4.819368839263916
32   4.158841133117676
33   4.2877631187438965
34   4.449678897857666
35   3.7697505950927734
36   3.717155933380127
37   4.404180526733398
38   3.3850600719451904
39   2.9829049110412598
40   4.442444324493408
41   2.827822208404541
42   4.370513916015625
43   4.346273899078369
44   4.515955448150635
45   3.571690082550049
46   3.5304713249206543
47   4.320387363433838
48   5.127066135406494
49   4.897518634796143
50   3.8540046215057373
51   4.21144962310791
52   4.094601154327393
53   4.147876739501953
54   6.129077911376953
55   6.444151401519775
56   5.132164001464844
57   5.145046710968018
58   6.22976541519165
59   5.922152042388916
60   6.031074047088623
61   5.858757019042969
62   4.80648136138916
63   4.076513767242432
64   5.207176208496094
65   4.32633113861084
66   4.617602825164795
67   4.357293605804443
68   3.3727805614471436
69   4.542564868927002
70   3.571259021759033
71   4.276919364929199
72   2.870138168334961
73   4.096281051635742
74   4.217271327972412
75   3.8190841674804688
76   4.247109413146973
77   6.139460563659668
78   3.9127278327941895
79   4.566564083099365
80   4.772965431213379
81   5.035325050354004
82   4.8271870613098145
83   4.945323944091797
84   4.244632720947266
85   3.1583480834960938
86   5.844820499420166
87   5.641826629638672
88   4.570775032043457
89   5.423006057739258
90   3.785595655441284
91   4.696451187133789
92   3.6092586517333984
93   4.164523601531982
94   4.227467060089111
95   4.357563495635986
96   3.9973762035369873
97   4.746339797973633
98   4.3736066818237305
99   4.569849491119385
100   2.961884021759033
101   5.1618757247924805
102   5.202425003051758
103   5.465493202209473
104   4.927365779876709
105   4.963803768157959
106   4.525796413421631
107   3.8282687664031982
108   3.9711720943450928
109   5.375550270080566
110   6.093470573425293
111   4.308560371398926
112   3.883580446243286
113   4.328948020935059
114   5.21678352355957
115   4.600005149841309
116   4.540215492248535
117   6.41563081741333
118   3.9468424320220947
119   4.6659979820251465
120   5.835779190063477
121   4.363080024719238
122   4.234145641326904
123   3.8817293643951416
124   3.607969284057617
125   4.05654239654541
126   4.244544982910156
127   4.83306884765625
128   3.746596574783325
129   4.853915214538574
130   4.139311790466309
131   4.37371301651001
132   3.4387147426605225
133   3.9169607162475586
134   3.6996397972106934
135   3.628495454788208
136   4.333900451660156
137   4.112663269042969
138   3.443248748779297
139   3.640470504760742
140   4.1808905601501465
141   4.020589351654053
142   4.0228190422058105
143   3.084524154663086
144   4.601823806762695
145   4.109865188598633
146   4.134454250335693
147   4.173147201538086
148   3.392277956008911
149   5.032173156738281
150   4.157257556915283
151   4.056674003601074
152   3.449816942214966
153   3.803830862045288
154   3.889810085296631
155   4.313027381896973
156   4.508816242218018
157   3.779449462890625
158   5.251636981964111
159   4.818243503570557
160   4.435291767120361
1   4.545341491699219
2   5.025776386260986
3   4.5036725997924805
4   4.145723342895508
5   4.333610534667969
6   4.511805057525635
7   4.390407562255859
8   3.883179187774658
9   4.2221784591674805
10   3.351025104522705
11   4.399403095245361
12   3.822366237640381
13   4.712274551391602
14   4.01234245300293
15   3.654888153076172
16   3.878051519393921
17   3.878458023071289
18   4.264481067657471
19   4.098144054412842
20   4.187108993530273
21   4.391648292541504
22   2.934022903442383
23   4.2070393562316895
24   4.349664211273193
25   3.841731071472168
26   3.5140254497528076
27   3.821610689163208
28   3.9459280967712402
29   4.274044036865234
30   4.007648468017578
31   4.2915802001953125
32   2.049084186553955
33   4.152428150177002
34   4.276455402374268
35   3.675567388534546
36   3.4903221130371094
37   4.071835994720459
38   4.711065292358398
39   4.624965190887451
40   3.4347522258758545
41   4.343451023101807
42   4.577311992645264
43   4.426998615264893
44   4.1935954093933105
45   3.410011053085327
46   2.9062247276306152
47   3.0391762256622314
48   4.535634994506836
49   4.113948822021484
50   4.75361442565918
51   4.271259307861328
52   4.572090148925781
53   4.485128402709961
54   4.2689032554626465
55   4.912241458892822
56   4.39886474609375
57   4.314289569854736
58   4.132143974304199
59   4.744519233703613
60   4.119915008544922
61   4.82582950592041
62   5.256748199462891
63   5.109151840209961
64   3.493584632873535
65   3.956251382827759
66   4.231663703918457
67   4.036689281463623
68   4.8094162940979
69   3.4973716735839844
70   5.1517558097839355
71   4.778811454772949
72   4.19834566116333
73   4.1463398933410645
74   4.344642162322998
75   5.698858737945557
76   5.641690731048584
77   3.766608476638794
78   5.733410358428955
79   5.5758585929870605
80   5.59126615524292
81   4.109341621398926
82   4.582222938537598
83   4.650384426116943
84   4.5378241539001465
85   4.1374030113220215
86   4.914248466491699
87   5.032447338104248
88   5.765401363372803
89   3.755687952041626
90   4.172302722930908
91   5.620678424835205
92   4.633737087249756
93   5.800101280212402
94   5.127155303955078
95   5.152697563171387
96   5.344339847564697
97   5.1909260749816895
98   4.385341167449951
99   5.215336799621582
100   3.950657844543457
101   4.729158401489258
102   4.113877296447754
103   4.480055332183838
104   3.652980327606201
105   4.3640336990356445
106   3.596257209777832
107   5.867313385009766
108   3.703887939453125
109   3.487581253051758
110   4.073864459991455
111   3.7195565700531006
112   3.9378066062927246
113   3.629843235015869
114   2.9079015254974365
115   3.665011405944824
116   4.6482415199279785
117   4.659393310546875
118   3.9887166023254395
119   3.8316617012023926
120   3.190469980239868
121   3.8846819400787354
122   4.70145320892334
123   4.063252925872803
124   3.912781000137329
125   4.698622703552246
126   4.210841178894043
127   4.33238410949707
128   4.182137966156006
129   3.5404655933380127
130   3.188222885131836
131   4.674734115600586
132   5.013233661651611
133   4.444016933441162
134   4.113861560821533
135   3.5791828632354736
136   4.071348190307617
137   3.379354476928711
138   5.061209678649902
139   5.787574291229248
140   4.096306800842285
141   3.69126296043396
142   4.0530242919921875
143   4.3163862228393555
144   4.17008113861084
145   4.7198567390441895
146   4.847135066986084
147   4.003128528594971
148   5.462435245513916
149   4.17116641998291
150   4.69980525970459
151   4.335893154144287
152   4.877703666687012
153   3.7765235900878906
154   3.9378139972686768
155   4.062349796295166
156   4.201508045196533
157   4.112793922424316
158   4.076508045196533
159   4.166753768920898
160   3.6861841678619385
161   5.025978088378906
162   4.953755855560303
163   3.9492578506469727
164   4.979274749755859
