0   0.0
1   1.442104458808899
2   1.3599133491516113
3   1.3421785831451416
4   1.3849360942840576
5   1.4207813739776611
6   1.4304945468902588
7   1.3963075876235962
8   1.2374811172485352
9   1.49848473072052
10   1.399927020072937
11   1.5493944883346558
12   2.4646964073181152
13   2.421663999557495
14   3.6621789932250977
15   1.9839303493499756
16   3.2978436946868896
17   3.05605411529541
18   3.227224111557007
19   3.995288133621216
20   3.2226524353027344
21   3.1177306175231934
22   3.745820999145508
23   3.4925599098205566
24   3.9970176219940186
25   3.465579032897949
26   3.5169780254364014
27   2.801236391067505
28   3.2105281352996826
29   2.8735742568969727
30   2.6935675144195557
31   3.0696516036987305
32   3.0930681228637695
33   2.911486864089966
34   3.3346774578094482
35   3.5948543548583984
36   3.7926509380340576
37   4.208782196044922
38   3.3765788078308105
39   3.4154155254364014
40   3.2911007404327393
41   3.003584384918213
42   3.6386163234710693
43   2.848799467086792
44   3.5307271480560303
45   3.3483457565307617
46   3.8188273906707764
47   3.129991054534912
48   2.844109058380127
49   2.8806674480438232
50   3.2481980323791504
51   2.768824577331543
52   4.303081512451172
53   3.5544893741607666
54   3.4109561443328857
55   2.741154909133911
56   2.9724175930023193
57   3.3824069499969482
58   3.8265249729156494
59   3.3275976181030273
60   3.6828055381774902
61   1.702487826347351
62   3.4990944862365723
63   3.484860897064209
64   3.2255799770355225
65   2.8867011070251465
66   2.842071533203125
67   3.2308664321899414
68   3.1640188694000244
69   2.761542797088623
70   3.509773015975952
71   2.704319477081299
72   2.92750883102417
73   2.7633023262023926
74   3.271676778793335
75   3.4959704875946045
76   2.792863368988037
77   3.0711281299591064
78   2.557307004928589
79   3.8780415058135986
80   3.5122978687286377
81   2.4392566680908203
82   3.3487164974212646
83   3.084230422973633
84   3.31086802482605
85   3.805880308151245
86   3.6580352783203125
87   3.7684426307678223
88   4.055016994476318
89   3.872990846633911
90   4.373295307159424
91   3.4436702728271484
92   3.1343026161193848
93   3.614136219024658
94   3.3292739391326904
95   2.500720262527466
96   3.0276529788970947
97   2.558826208114624
98   3.7957470417022705
99   3.152491569519043
100   3.3092353343963623
101   3.2896227836608887
102   3.3883323669433594
103   2.792036533355713
104   2.9965174198150635
105   2.8337302207946777
106   2.7392375469207764
107   3.3706440925598145
108   3.2866811752319336
109   4.130448341369629
110   3.044706344604492
111   3.5948646068573
112   3.2070891857147217
113   3.49246883392334
114   3.159137725830078
115   3.5565054416656494
116   3.4271297454833984
117   4.003237247467041
118   3.9377453327178955
119   3.7645015716552734
120   2.9875974655151367
121   3.7698662281036377
122   3.971008062362671
123   3.3472490310668945
124   3.7586581707000732
125   3.868938684463501
126   3.425334930419922
127   3.2637124061584473
128   3.5075385570526123
129   2.7067253589630127
130   3.4899423122406006
131   3.974970817565918
132   3.2896728515625
133   4.12133264541626
134   4.1634979248046875
135   3.939767360687256
136   3.4854400157928467
137   4.266109466552734
138   3.8051273822784424
139   4.248129367828369
140   4.028074741363525
141   4.008265018463135
142   3.600266218185425
143   3.8794009685516357
144   3.5095150470733643
145   3.9448373317718506
146   3.0522372722625732
147   4.738618850708008
148   4.702760696411133
149   5.313595771789551
150   5.489281177520752
151   5.0153489112854
152   3.408003091812134
153   4.157477855682373
154   4.220363616943359
155   4.436277389526367
156   3.940598249435425
157   3.7835636138916016
158   4.587311267852783
159   3.853886604309082
160   3.4172871112823486
161   3.8699092864990234
162   3.415867328643799
163   4.035910129547119
164   4.239731311798096
165   3.4428586959838867
166   3.4266419410705566
167   5.475603103637695
168   4.435790061950684
169   3.8472135066986084
170   3.633244752883911
171   3.167130708694458
172   4.373315334320068
173   2.9578843116760254
174   3.368311643600464
175   3.334003210067749
176   4.0467424392700195
177   4.624417304992676
178   3.6145503520965576
179   4.274415969848633
180   4.0188374519348145
181   3.799358367919922
182   2.734539031982422
183   4.377183437347412
184   5.090243339538574
185   4.820631504058838
186   4.936272621154785
187   4.826280117034912
188   5.224004745483398
189   4.070869445800781
190   2.869152069091797
191   3.803805112838745
192   4.004931926727295
193   3.8653197288513184
194   2.5540037155151367
195   3.0515263080596924
196   2.0043060779571533
197   2.070220470428467
198   2.5884652137756348
199   3.1140265464782715
200   4.097287654876709
201   3.7035861015319824
202   3.7794907093048096
203   3.334857940673828
204   3.568378210067749
205   4.7992472648620605
206   2.9587128162384033
207   3.7066125869750977
208   3.864184856414795
209   4.943572044372559
210   4.000097274780273
211   4.284710884094238
212   4.105539798736572
213   3.5543007850646973
1   3.8739724159240723
2   5.0242228507995605
3   3.8352160453796387
4   4.309105396270752
5   2.676372528076172
6   3.421488046646118
7   2.4636433124542236
8   3.2454957962036133
9   4.110779762268066
10   3.4577629566192627
11   3.743903636932373
12   3.8705830574035645
13   3.0594353675842285
14   4.183645725250244
15   3.4325149059295654
16   3.5486927032470703
17   3.637269973754883
18   3.0143520832061768
19   3.6774795055389404
20   3.677117109298706
1   3.64284348487854
2   3.2721617221832275
3   3.4074299335479736
4   3.8211779594421387
5   3.2289044857025146
6   2.760073661804199
7   4.348182678222656
8   3.236083984375
9   4.677667140960693
10   5.079587459564209
11   4.858347415924072
12   5.348977088928223
13   3.8048760890960693
14   4.244267463684082
15   3.9101927280426025
16   2.7194337844848633
17   2.665715217590332
18   5.589189052581787
19   5.2469916343688965
20   5.496626853942871
21   5.433630466461182
22   5.818965435028076
23   3.5317893028259277
24   3.5668907165527344
25   3.67134165763855
26   3.607694625854492
27   3.111635208129883
28   4.07881498336792
29   4.215314865112305
30   3.16518497467041
31   3.3592443466186523
32   3.3644306659698486
33   3.2355289459228516
34   3.4667513370513916
35   3.197044849395752
36   3.2059476375579834
37   3.716134548187256
38   2.9371039867401123
39   3.4638419151306152
40   2.8767659664154053
41   4.08377742767334
42   3.164577007293701
43   3.0686469078063965
44   2.8551883697509766
45   2.626127243041992
46   3.266455888748169
47   5.46099328994751
48   5.425307273864746
49   3.824144124984741
50   3.7809219360351563
51   3.7970776557922363
52   3.1241800785064697
53   3.247063398361206
54   4.491996765136719
55   3.5389184951782227
56   3.1633098125457764
57   4.098631858825684
58   4.428907871246338
59   3.6403281688690186
60   3.6274476051330566
61   4.669878959655762
62   4.998222827911377
63   4.0589070320129395
64   4.2451300621032715
65   3.561976432800293
66   3.585632801055908
67   6.380950927734375
68   3.9735381603240967
69   5.882279396057129
70   4.169753551483154
71   4.614398002624512
72   3.756718635559082
73   4.496729850769043
74   4.095933437347412
75   4.736974239349365
76   4.92410945892334
77   5.540649890899658
78   4.965362548828125
79   4.830718517303467
80   3.767652988433838
81   4.607323169708252
82   5.126757621765137
83   5.851769924163818
84   2.947598457336426
85   5.703216552734375
86   5.296022891998291
87   6.237788677215576
88   5.802470684051514
89   6.454341888427734
90   5.432364463806152
91   4.195712089538574
92   5.502649307250977
93   6.195718765258789
94   6.261589527130127
95   4.670076370239258
96   5.951889991760254
97   5.903605937957764
98   5.515439987182617
99   4.680665969848633
100   4.800442695617676
101   4.168634414672852
102   4.704030990600586
103   4.835788726806641
104   5.006099224090576
105   5.9418535232543945
106   5.7700090408325195
107   4.911042213439941
108   5.026425361633301
109   5.054101467132568
110   4.1505513191223145
111   3.953739881515503
112   3.8421130180358887
113   3.371948480606079
114   3.3210957050323486
115   3.373645544052124
116   3.065491199493408
117   4.110837459564209
118   3.3266522884368896
119   3.709104061126709
120   3.635753870010376
121   3.6452298164367676
122   3.429211378097534
123   4.489956378936768
124   3.437242031097412
125   3.655916213989258
126   3.7385268211364746
127   3.8987412452697754
128   3.630255699157715
129   3.7704153060913086
130   5.1847076416015625
131   3.4598779678344727
132   3.5278189182281494
133   4.119907855987549
134   3.635249137878418
135   4.334959506988525
136   4.081005573272705
137   4.042306900024414
138   2.8536465167999268
139   4.3996734619140625
140   3.6184816360473633
141   3.831953287124634
142   3.4141457080841064
143   3.9311087131500244
144   4.456005573272705
145   4.082738399505615
146   3.292771339416504
147   3.551194667816162
148   2.8421597480773926
149   3.9017748832702637
150   3.8101565837860107
151   3.1211204528808594
152   3.8470044136047363
153   3.0831360816955566
154   3.1918036937713623
155   3.7399511337280273
156   4.1140642166137695
157   3.682321786880493
158   3.4144506454467773
159   3.7261312007904053
160   3.26846981048584
1   3.2533488273620605
2   3.7730624675750732
3   2.675424814224243
4   3.2969865798950195
5   3.377795934677124
6   3.61759877204895
7   3.1514434814453125
8   3.378216505050659
9   3.6127729415893555
10   3.632079839706421
11   4.033633232116699
12   3.2263879776000977
13   3.3692421913146973
14   3.159022331237793
15   3.3067166805267334
16   3.864306926727295
17   3.9838569164276123
18   4.1378679275512695
19   3.5749709606170654
20   3.5482444763183594
21   4.09948205947876
22   3.888852596282959
23   3.8909730911254883
24   3.542142391204834
25   3.5438504219055176
26   3.460749626159668
27   4.220615863800049
28   3.1416425704956055
29   5.33873987197876
30   5.291812419891357
31   6.468342304229736
32   5.35153865814209
33   3.405912160873413
34   5.28517484664917
35   3.3614282608032227
36   2.8171958923339844
37   3.7865684032440186
38   3.255296468734741
39   4.173836708068848
40   3.7120683193206787
41   4.102572441101074
42   4.004654407501221
43   4.098242282867432
44   3.7839834690093994
45   3.318612575531006
46   2.855901002883911
47   2.6732962131500244
48   3.7745258808135986
49   5.7321248054504395
50   3.909990072250366
51   4.396175861358643
52   4.101315975189209
53   3.122973918914795
54   3.4218039512634277
55   4.015331745147705
56   3.6581170558929443
57   3.394469976425171
58   3.221783399581909
59   4.239232063293457
60   4.630457401275635
61   3.861711025238037
62   3.3418169021606445
63   3.2008092403411865
64   2.998887062072754
65   3.7794723510742188
66   4.992545127868652
67   3.0451807975769043
68   3.4732542037963867
69   3.452843427658081
70   2.5415804386138916
71   3.716669797897339
72   2.2289462089538574
73   3.684220790863037
74   3.9507687091827393
75   5.792641639709473
76   6.049149036407471
77   4.599424839019775
78   4.0337066650390625
79   3.536862850189209
80   4.847207546234131
81   4.4729437828063965
82   3.364412784576416
83   3.5656943321228027
84   3.4849627017974854
85   3.542630672454834
86   4.166971206665039
87   3.752380132675171
88   3.715867042541504
89   3.6386842727661133
90   3.98612904548645
91   4.166350841522217
92   3.635230541229248
93   4.070249557495117
94   4.374644756317139
95   5.707772254943848
96   4.488829135894775
97   3.6683175563812256
98   4.3232102394104
99   4.833578109741211
100   3.671579599380493
101   4.073947429656982
102   3.9879443645477295
103   3.425727128982544
104   4.566750526428223
105   5.1871538162231445
106   4.424445152282715
107   3.746307849884033
108   3.995565891265869
109   4.012659549713135
110   4.712167739868164
111   3.632340669631958
112   3.375627040863037
113   4.897387504577637
114   5.018388748168945
115   5.754586696624756
116   3.770381450653076
117   4.557601451873779
118   4.073234558105469
119   3.164552927017212
120   3.7729456424713135
121   4.187066078186035
122   3.8543996810913086
123   4.162829399108887
124   2.9079647064208984
125   3.4754292964935303
126   3.735236644744873
127   3.6816468238830566
128   4.226308345794678
129   3.4132180213928223
130   4.181787490844727
131   4.0939226150512695
132   3.91517972946167
133   3.1455109119415283
134   3.72940731048584
135   3.3656208515167236
136   4.069688320159912
137   4.484711170196533
138   4.815450668334961
139   3.6610496044158936
140   3.3931281566619873
141   3.7003982067108154
142   5.319480895996094
143   3.7112205028533936
144   3.085080146789551
145   3.9096932411193848
146   2.946601152420044
147   3.196368932723999
148   3.622718095779419
149   3.2543981075286865
150   3.398047685623169
151   3.243267059326172
152   4.7019453048706055
153   3.1061456203460693
154   3.4243128299713135
155   3.214977741241455
156   3.319693088531494
157   3.375532388687134
158   2.6751554012298584
159   3.3472087383270264
160   3.4102678298950195
161   3.1645138263702393
162   4.385293960571289
163   3.529473066329956
164   3.2669589519500732
