0   0.0
1   0.19355688989162445
2   0.19331294298171997
3   0.19090178608894348
4   0.20284125208854675
5   0.1987636834383011
6   0.18843218684196472
7   0.2062690109014511
8   0.2011963427066803
9   0.25437629222869873
10   0.32129940390586853
11   0.38131222128868103
12   0.4413619935512543
13   1.1398018598556519
14   1.662989854812622
15   1.7176083326339722
16   2.0334482192993164
17   1.8040796518325806
18   1.7413793802261353
19   1.7857468128204346
20   2.132993221282959
21   1.5097074508666992
22   2.4490020275115967
23   2.0590648651123047
24   2.3507437705993652
25   2.1912410259246826
26   1.5041542053222656
27   1.853360652923584
28   1.5721681118011475
29   1.6910821199417114
30   1.7007591724395752
31   1.8514060974121094
32   1.3584020137786865
33   1.959547996520996
34   1.8551867008209229
35   1.822416067123413
36   1.9356180429458618
37   2.0290563106536865
38   1.8250137567520142
39   1.6142644882202148
40   1.8965823650360107
41   1.59010648727417
42   2.037794828414917
43   1.7186716794967651
44   2.0712454319000244
45   1.9861873388290405
46   1.909532070159912
47   2.177506446838379
48   1.8458143472671509
49   1.9058854579925537
50   1.9590768814086914
51   1.782504916191101
52   2.05464243888855
53   1.768357753753662
54   1.721969485282898
55   1.6152400970458984
56   1.773561954498291
57   1.6065926551818848
58   1.666157841682434
59   1.4661263227462769
60   1.666828989982605
61   1.9858677387237549
62   1.6369094848632813
63   1.7887041568756104
64   1.8289417028427124
65   1.8025647401809692
66   1.9741555452346802
67   1.7873294353485107
68   2.225360631942749
69   1.8924031257629395
70   1.6562402248382568
71   1.941660761833191
72   1.602464199066162
73   2.016726016998291
74   1.732260823249817
75   1.6588785648345947
76   1.6127957105636597
77   1.521661639213562
78   1.6524244546890259
79   2.1286416053771973
80   1.821740984916687
81   1.7495023012161255
82   2.002096652984619
83   2.221714496612549
84   1.823106050491333
85   2.6021902561187744
86   2.0427308082580566
87   2.016758680343628
88   2.2177040576934814
89   2.0035486221313477
90   2.5498745441436768
91   2.0224859714508057
92   1.8445801734924316
93   1.868783712387085
94   2.0070576667785645
95   1.7531421184539795
96   1.6969802379608154
97   1.718811273574829
98   1.7773064374923706
99   1.9277598857879639
100   1.9260371923446655
101   2.3336520195007324
102   2.1842269897460938
103   1.8377132415771484
104   1.946998953819275
105   1.9528172016143799
106   1.855163812637329
107   1.76397705078125
108   2.006456136703491
109   2.1949851512908936
110   1.6681132316589355
111   1.822974443435669
112   1.9566131830215454
113   1.8700134754180908
114   2.0755844116210938
115   1.5904884338378906
116   1.7313417196273804
117   1.7169818878173828
118   1.9622371196746826
119   1.8349294662475586
120   2.121994733810425
121   1.6178795099258423
122   2.141580581665039
123   1.8246272802352905
124   1.7624725103378296
125   2.045673131942749
126   1.692784309387207
127   2.147588014602661
128   1.8413786888122559
129   1.9147145748138428
130   1.866895079612732
131   2.256959915161133
132   2.0508272647857666
133   1.774243712425232
134   2.129361152648926
135   1.8528552055358887
136   2.3402252197265625
137   2.5628368854522705
138   2.440220832824707
139   2.099393367767334
140   1.539934515953064
141   1.916893720626831
142   1.5880078077316284
143   2.328721284866333
144   2.584658145904541
145   2.521512031555176
146   1.7039544582366943
147   2.179748773574829
148   2.275923490524292
149   2.4392805099487305
150   2.326587438583374
151   2.250436544418335
152   1.9175114631652832
153   1.6246874332427979
154   1.7542914152145386
155   1.8863359689712524
156   1.9281737804412842
157   1.716434121131897
158   2.0434932708740234
159   1.7436381578445435
160   1.8077548742294312
161   1.8430784940719604
162   2.4377241134643555
163   1.980031132698059
164   1.9971137046813965
165   1.7396914958953857
166   2.179445505142212
167   2.0183587074279785
168   1.8618100881576538
169   1.9013571739196777
170   1.7162449359893799
171   1.8753522634506226
172   1.6315487623214722
173   1.720152497291565
174   1.7883812189102173
175   2.278560161590576
176   1.8652349710464478
177   1.9083455801010132
178   2.40960431098938
179   1.622749924659729
180   2.323378086090088
181   1.8135733604431152
182   1.5760780572891235
183   2.0427637100219727
184   2.0526320934295654
185   1.8792235851287842
186   1.9749245643615723
187   1.6243630647659302
188   1.785241723060608
189   1.560544490814209
190   1.8541499376296997
191   1.6094257831573486
192   1.632561445236206
193   1.4419264793395996
194   2.173175096511841
195   1.5176326036453247
196   1.6960537433624268
197   1.3913458585739136
198   1.3363665342330933
199   1.450566291809082
200   1.6570953130722046
201   1.6678270101547241
202   1.78412926197052
203   1.6552824974060059
204   1.4673296213150024
205   2.000518321990967
206   1.8130110502243042
207   1.9171364307403564
208   1.6837456226348877
209   1.8392200469970703
210   1.8305537700653076
211   1.8351300954818726
212   2.2210195064544678
213   1.811853051185608
1   2.0261471271514893
2   2.232990264892578
3   1.7446346282958984
4   1.5666793584823608
5   1.6590317487716675
6   1.433388352394104
7   1.734856367111206
8   1.5572293996810913
9   1.5273032188415527
10   1.36674964427948
11   1.8450995683670044
12   1.4971246719360352
13   2.042691230773926
14   1.9750568866729736
15   1.6640949249267578
16   2.0309765338897705
17   2.4100241661071777
18   1.860999584197998
19   1.924194574356079
20   2.0384089946746826
1   1.774196743965149
2   1.9254865646362305
3   1.8605260848999023
4   2.161489725112915
5   2.251493215560913
6   2.4122207164764404
7   1.8951668739318848
8   1.6372525691986084
9   2.0062830448150635
10   2.171491861343384
11   2.319359540939331
12   1.9194475412368774
13   1.9592360258102417
14   1.5919445753097534
15   2.2565665245056152
16   2.1105892658233643
17   1.970431923866272
18   1.82560133934021
19   2.2742691040039063
20   1.9966193437576294
21   1.737560749053955
22   2.0571839809417725
23   2.1070215702056885
24   1.9788373708724976
25   2.237189531326294
26   1.815213680267334
27   2.287968397140503
28   2.724761486053467
29   2.114025831222534
30   2.0875234603881836
31   2.244374990463257
32   1.9206851720809937
33   1.7444239854812622
34   2.1795530319213867
35   1.7570760250091553
36   1.6579062938690186
37   2.1354610919952393
38   1.9630926847457886
39   1.6136893033981323
40   1.9725090265274048
41   1.8474842309951782
42   1.8300260305404663
43   1.812279224395752
44   1.857323408126831
45   1.9024057388305664
46   2.0582916736602783
47   2.6207170486450195
48   2.3009145259857178
49   2.2457804679870605
50   2.169236183166504
51   1.7748196125030518
52   1.7462893724441528
53   2.251675605773926
54   2.079789876937866
55   1.6766469478607178
56   2.0249104499816895
57   2.278287172317505
58   1.75223970413208
59   1.6156834363937378
60   1.9803059101104736
61   2.068312406539917
62   1.8936350345611572
63   2.3672492504119873
64   2.2852249145507813
65   2.19978404045105
66   1.8286161422729492
67   1.6454598903656006
68   1.8171393871307373
69   2.000114917755127
70   2.0564191341400146
71   1.7765733003616333
72   1.952543020248413
73   2.041689872741699
74   1.7730244398117065
75   2.1841025352478027
76   2.112043619155884
77   2.0990183353424072
78   2.089061737060547
79   2.0037388801574707
80   1.8690842390060425
81   1.878422498703003
82   1.8050202131271362
83   1.9916900396347046
84   1.5011497735977173
85   2.4389946460723877
86   2.0058043003082275
87   2.039219379425049
88   1.7493400573730469
89   1.9736355543136597
90   2.4875383377075195
91   1.7673497200012207
92   2.3778398036956787
93   2.1291043758392334
94   2.326096534729004
95   2.184382915496826
96   2.4401912689208984
97   2.1837565898895264
98   1.7838914394378662
99   2.030742645263672
100   2.121058940887451
101   1.9791456460952759
102   1.837839126586914
103   2.500852108001709
104   1.954999327659607
105   2.0718705654144287
106   2.056360960006714
107   2.613067626953125
108   1.7717742919921875
109   1.8541200160980225
110   1.5941352844238281
111   2.2672512531280518
112   2.0545058250427246
113   1.8565990924835205
114   2.1538033485412598
115   2.2348148822784424
116   1.7421435117721558
117   1.6088485717773438
118   1.9571514129638672
119   1.890193223953247
120   1.6852833032608032
121   1.7222803831100464
122   1.845333218574524
123   2.278414487838745
124   2.214599370956421
125   1.8949923515319824
126   2.054840564727783
127   1.8066049814224243
128   1.8023167848587036
129   2.2095723152160645
130   2.392533779144287
131   2.182002544403076
132   2.490478515625
133   2.3389675617218018
134   2.039778470993042
135   2.3782641887664795
136   2.0844616889953613
137   2.229137897491455
138   2.4041314125061035
139   2.375537395477295
140   2.199141025543213
141   2.237638235092163
142   2.4225308895111084
143   2.589554786682129
144   2.426185369491577
145   2.1288490295410156
146   1.7937569618225098
147   2.3404037952423096
148   2.1719515323638916
149   2.193027973175049
150   2.2234086990356445
151   1.8650469779968262
152   2.362621784210205
153   2.2259461879730225
154   1.97309148311615
155   2.140528917312622
156   1.9515767097473145
157   1.771783471107483
158   1.9858322143554688
159   1.6952083110809326
160   2.1021010875701904
1   1.955696702003479
2   1.8366566896438599
3   2.047034502029419
4   1.7503947019577026
5   2.1518123149871826
6   1.6507128477096558
7   1.9873584508895874
8   1.7121480703353882
9   1.8978536128997803
10   1.7874940633773804
11   1.8201783895492554
12   1.587267279624939
13   2.0176944732666016
14   2.0250933170318604
15   2.0424933433532715
16   1.8389630317687988
17   2.4995710849761963
18   1.9818899631500244
19   1.8613225221633911
20   2.3785367012023926
21   1.9983376264572144
22   2.412277936935425
23   2.4401700496673584
24   1.9155598878860474
25   2.564006805419922
26   2.6030564308166504
27   2.61456036567688
28   1.9763461351394653
29   2.0055577754974365
30   2.2512240409851074
31   1.8947319984436035
32   2.310570001602173
33   2.0125927925109863
34   1.7495248317718506
35   1.8997600078582764
36   2.2438786029815674
37   1.8768525123596191
38   1.970522165298462
39   1.7827496528625488
40   2.229290246963501
41   2.12943696975708
42   2.0116097927093506
43   1.885961890220642
44   2.0723233222961426
45   1.898008108139038
46   2.162045955657959
47   1.3836016654968262
48   1.7365485429763794
49   1.9765961170196533
50   2.007111072540283
51   1.955051064491272
52   1.6964906454086304
53   1.552180528640747
54   1.8054572343826294
55   1.8600351810455322
56   2.124133825302124
57   1.4505798816680908
58   2.0969600677490234
59   1.7537568807601929
60   1.8629451990127563
61   1.8772834539413452
62   1.6547693014144897
63   1.7695780992507935
64   2.0393078327178955
65   2.6926701068878174
66   1.7554572820663452
67   1.665561318397522
68   1.8807599544525146
69   1.6623059511184692
70   1.560646891593933
71   1.5508575439453125
72   1.6326273679733276
73   1.6130108833312988
74   1.8914483785629272
75   2.1952152252197266
76   2.2044498920440674
77   2.4114646911621094
78   2.1074059009552
79   1.9861774444580078
80   2.0615556240081787
81   1.8106051683425903
82   1.8591055870056152
83   1.8574837446212769
84   1.902779221534729
85   1.5752960443496704
86   1.9724308252334595
87   1.7043229341506958
88   1.8043370246887207
89   1.9111052751541138
90   1.751987338066101
91   1.7192631959915161
92   1.7463748455047607
93   1.9823397397994995
94   1.8903611898422241
95   2.0684168338775635
96   1.8812187910079956
97   1.8073277473449707
98   1.871832251548767
99   1.9216523170471191
100   1.7650511264801025
101   1.9085103273391724
102   2.045064687728882
103   1.532172441482544
104   1.8667750358581543
105   2.335463762283325
106   2.041907787322998
107   1.746699333190918
108   1.508985996246338
109   2.324329376220703
110   2.4525532722473145
111   2.5242035388946533
112   1.8434195518493652
113   2.3964362144470215
114   2.669006824493408
115   2.090723752975464
116   1.873903751373291
117   1.7309815883636475
118   1.6555957794189453
119   1.418161392211914
120   1.653230905532837
121   1.6558563709259033
122   1.4720150232315063
123   2.2708964347839355
124   2.001211643218994
125   1.9430749416351318
126   1.8138960599899292
127   1.5923428535461426
128   2.125201940536499
129   1.4727569818496704
130   1.9623360633850098
131   1.6313258409500122
132   1.9681814908981323
133   1.724250078201294
134   1.7488126754760742
135   1.92435884475708
136   1.5217289924621582
137   1.4643319845199585
138   1.6205204725265503
139   2.128898859024048
140   1.9638245105743408
141   1.9378265142440796
142   2.094050168991089
143   1.7435909509658813
144   2.129661798477173
145   2.1145987510681152
146   1.8404228687286377
147   1.8074439764022827
148   1.9408336877822876
149   2.002765655517578
150   1.8952009677886963
151   1.7760158777236938
152   1.4903576374053955
153   1.835816502571106
154   1.9600896835327148
155   1.8326430320739746
156   1.6968885660171509
157   1.8439686298370361
158   1.8153021335601807
159   1.9480973482131958
160   1.8112890720367432
161   2.2523927688598633
162   1.7688615322113037
163   1.8186362981796265
164   1.8366221189498901
