0   0.0
1   0.20542864501476288
2   0.2146720588207245
3   0.2071624994277954
4   0.21290959417819977
5   0.21598251163959503
6   0.20720680058002472
7   0.2074817568063736
8   0.21189282834529877
9   0.2605753242969513
10   0.330532044172287
11   0.4318528175354004
12   0.47313401103019714
13   1.0634753704071045
14   1.5606164932250977
15   1.6253836154937744
16   1.8876844644546509
17   1.662612795829773
18   1.6007400751113892
19   1.7408183813095093
20   2.037205219268799
21   1.4207711219787598
22   2.33017635345459
23   1.8718448877334595
24   2.1271467208862305
25   2.1357364654541016
26   1.429806113243103
27   1.6898846626281738
28   1.468972086906433
29   1.540459156036377
30   1.6197090148925781
31   1.653559684753418
32   1.3262755870819092
33   1.7907105684280396
34   1.773036003112793
35   1.654485821723938
36   1.803167700767517
37   1.9417918920516968
38   1.6187047958374023
39   1.4612609148025513
40   1.7353917360305786
41   1.5251308679580688
42   1.8733171224594116
43   1.5381100177764893
44   1.8939839601516724
45   1.8442904949188232
46   1.779572606086731
47   1.9801908731460571
48   1.6194554567337036
49   1.8493154048919678
50   1.7285521030426025
51   1.5599818229675293
52   1.9256587028503418
53   1.6250118017196655
54   1.5464125871658325
55   1.4781818389892578
56   1.5892740488052368
57   1.5567485094070435
58   1.5337164402008057
59   1.4305784702301025
60   1.5549979209899902
61   1.7660105228424072
62   1.500687599182129
63   1.654690146446228
64   1.6475015878677368
65   1.65292227268219
66   1.7437680959701538
67   1.62140953540802
68   2.107938051223755
69   1.734765887260437
70   1.553374171257019
71   1.7130746841430664
72   1.4228450059890747
73   1.868292212486267
74   1.6482940912246704
75   1.5938254594802856
76   1.619476318359375
77   1.466766357421875
78   1.5708014965057373
79   1.8623230457305908
80   1.7675820589065552
81   1.6672743558883667
82   1.9469233751296997
83   2.0492067337036133
84   1.6998969316482544
85   2.5532193183898926
86   1.8829028606414795
87   1.8725686073303223
88   2.1194238662719727
89   1.9253666400909424
90   2.3757855892181396
91   1.844826579093933
92   1.702047348022461
93   1.7224045991897583
94   1.8742148876190186
95   1.6147890090942383
96   1.5445446968078613
97   1.6324946880340576
98   1.6616955995559692
99   1.718497395515442
100   1.8272966146469116
101   2.2031266689300537
102   2.0946455001831055
103   1.668555498123169
104   1.785120964050293
105   1.770492672920227
106   1.7395577430725098
107   1.6064060926437378
108   1.7825140953063965
109   2.1187028884887695
110   1.5699061155319214
111   1.734248399734497
112   1.8723238706588745
113   1.697015643119812
114   1.89010488986969
115   1.4531131982803345
116   1.5994184017181396
117   1.5405329465866089
118   1.8444613218307495
119   1.8198035955429077
120   2.0184950828552246
121   1.5889077186584473
122   1.9887466430664063
123   1.6850526332855225
124   1.6575374603271484
125   1.9658406972885132
126   1.6227478981018066
127   1.9953806400299072
128   1.7668968439102173
129   1.852832555770874
130   1.6998813152313232
131   2.158940076828003
132   1.94234299659729
133   1.7130534648895264
134   2.0465524196624756
135   1.722343921661377
136   2.1744801998138428
137   2.396623373031616
138   2.2596819400787354
139   1.9629844427108765
140   1.4483271837234497
141   1.7361280918121338
142   1.5328196287155151
143   2.177982807159424
144   2.394397258758545
145   2.244173765182495
146   1.558877944946289
147   2.0653247833251953
148   2.1760988235473633
149   2.3395497798919678
150   2.290466785430908
151   2.1605615615844727
152   1.8066866397857666
153   1.5510156154632568
154   1.5590529441833496
155   1.7297205924987793
156   1.7306894063949585
157   1.5239648818969727
158   1.873291015625
159   1.644657850265503
160   1.658907413482666
161   1.6382408142089844
162   2.2769834995269775
163   1.8021743297576904
164   1.8931270837783813
165   1.6374797821044922
166   1.874571442604065
167   1.9227194786071777
168   1.6495516300201416
169   1.7674946784973145
170   1.620421051979065
171   1.653139591217041
172   1.5084830522537231
173   1.6056462526321411
174   1.6666150093078613
175   2.0492610931396484
176   1.7422707080841064
177   1.7419315576553345
178   2.112086534500122
179   1.5117801427841187
180   2.118910789489746
181   1.669240951538086
182   1.4731887578964233
183   1.8759276866912842
184   1.8220851421356201
185   1.6659690141677856
186   1.7321897745132446
187   1.4937132596969604
188   1.69614577293396
189   1.4395570755004883
190   1.757091760635376
191   1.4815419912338257
192   1.5903524160385132
193   1.4169071912765503
194   2.0530354976654053
195   1.5999330282211304
196   1.772976040840149
197   1.489669680595398
198   1.3893581628799438
199   1.4304920434951782
200   1.5545037984848022
201   1.4877328872680664
202   1.598442792892456
203   1.5157654285430908
204   1.4215965270996094
205   1.9442996978759766
206   1.7487787008285522
207   1.7420200109481812
208   1.5505290031433105
209   1.756637454032898
210   1.6928972005844116
211   1.7103334665298462
212   2.099000930786133
213   1.6632089614868164
1   1.923967957496643
2   2.095416784286499
3   1.5964921712875366
4   1.42819082736969
5   1.6110697984695435
6   1.37018620967865
7   1.7179217338562012
8   1.4620940685272217
9   1.4626307487487793
10   1.2842979431152344
11   1.7304002046585083
12   1.4709762334823608
13   1.8867686986923218
14   1.8021963834762573
15   1.553106665611267
16   1.9487570524215698
17   2.3132917881011963
18   1.646701693534851
19   1.8119392395019531
20   1.9387799501419067
1   1.6183443069458008
2   1.8427677154541016
3   1.6583847999572754
4   2.0507845878601074
5   2.1387624740600586
6   2.2392046451568604
7   1.8027031421661377
8   1.582139015197754
9   1.8950281143188477
10   2.141045093536377
11   2.2399024963378906
12   1.823361873626709
13   1.8494222164154053
14   1.5422546863555908
15   2.1412570476531982
16   2.0660102367401123
17   2.0064830780029297
18   1.7531627416610718
19   2.2155649662017822
20   1.9977285861968994
21   1.8832294940948486
22   1.9574297666549683
23   1.975696086883545
24   1.8550447225570679
25   2.1515352725982666
26   1.711215853691101
27   2.131006956100464
28   2.5193583965301514
29   1.9865915775299072
30   1.9972816705703735
31   2.12674880027771
32   1.8721522092819214
33   1.7150851488113403
34   2.067636489868164
35   1.725046157836914
36   1.5710253715515137
37   1.985174298286438
38   1.7831374406814575
39   1.6265888214111328
40   1.8842010498046875
41   1.7395524978637695
42   1.7283577919006348
43   1.6825499534606934
44   1.816796898841858
45   1.8030189275741577
46   1.9657560586929321
47   2.510209560394287
48   2.201809883117676
49   2.108643054962158
50   2.0512046813964844
51   1.6783907413482666
52   1.761344313621521
53   2.172449827194214
54   2.0248329639434814
55   1.5651462078094482
56   1.8951750993728638
57   2.1902406215667725
58   1.734081745147705
59   1.56639564037323
60   1.9888445138931274
61   2.0003035068511963
62   1.8648993968963623
63   2.243319272994995
64   2.1742992401123047
65   2.099935531616211
66   1.8659284114837646
67   1.7129613161087036
68   1.7733721733093262
69   1.945081114768982
70   1.9778066873550415
71   1.7778913974761963
72   1.8745476007461548
73   1.995417833328247
74   1.6152124404907227
75   2.143634557723999
76   2.027601957321167
77   2.0090301036834717
78   2.0088181495666504
79   1.8256747722625732
80   1.7008564472198486
81   1.829008936882019
82   1.766492247581482
83   1.9535478353500366
84   1.3658827543258667
85   2.2613511085510254
86   1.9832326173782349
87   2.059124708175659
88   1.7116854190826416
89   2.00640606880188
90   2.4391181468963623
91   1.6453919410705566
92   2.279240846633911
93   2.005286931991577
94   2.2471323013305664
95   2.0680460929870605
96   2.3435096740722656
97   2.116363763809204
98   1.7626831531524658
99   1.9521892070770264
100   2.002469301223755
101   1.8266559839248657
102   1.6978590488433838
103   2.3382484912872314
104   1.858711838722229
105   1.9078550338745117
106   1.969937801361084
107   2.3601694107055664
108   1.7683238983154297
109   1.7608277797698975
110   1.4950361251831055
111   2.156564950942993
112   1.9227194786071777
113   1.7256944179534912
114   1.9996211528778076
115   2.1807034015655518
116   1.6070917844772339
117   1.466251015663147
118   1.8895143270492554
119   1.8604066371917725
120   1.5626959800720215
121   1.591518759727478
122   1.7849963903427124
123   2.257244110107422
124   2.100527763366699
125   1.8268039226531982
126   1.9993211030960083
127   1.734145998954773
128   1.6829781532287598
129   2.039402484893799
130   2.183544158935547
131   2.0503320693969727
132   2.3262526988983154
133   2.201446056365967
134   1.8710647821426392
135   2.2266154289245605
136   2.0241379737854004
137   2.079218864440918
138   2.3373255729675293
139   2.2518272399902344
140   2.016023635864258
141   2.156487226486206
142   2.3108701705932617
143   2.5062568187713623
144   2.306220054626465
145   2.0251524448394775
146   1.6859939098358154
147   2.1676669120788574
148   2.0378901958465576
149   2.153287172317505
150   2.121980905532837
151   1.775799036026001
152   2.1622207164764404
153   2.0865345001220703
154   1.9134758710861206
155   2.046689987182617
156   1.8329849243164063
157   1.6354131698608398
158   1.8402507305145264
159   1.5334978103637695
160   1.9407941102981567
1   1.7789806127548218
2   1.6861848831176758
3   1.8861901760101318
4   1.6288657188415527
5   2.070885419845581
6   1.6228452920913696
7   1.8672523498535156
8   1.6080464124679565
9   1.8765196800231934
10   1.7630733251571655
11   1.7766811847686768
12   1.5341863632202148
13   1.8502551317214966
14   1.9202768802642822
15   2.0243730545043945
16   1.7546199560165405
17   2.3311703205108643
18   1.8666727542877197
19   1.8146673440933228
20   2.2580606937408447
21   1.891083002090454
22   2.257314920425415
23   2.3214330673217773
24   1.8594638109207153
25   2.46431827545166
26   2.406376838684082
27   2.513864755630493
28   1.884163737297058
29   1.9792369604110718
30   2.2125327587127686
31   2.0404977798461914
32   2.2341291904449463
33   1.8762226104736328
34   1.6990251541137695
35   1.8247120380401611
36   2.15913462638855
37   1.7547671794891357
38   1.8399991989135742
39   1.604630470275879
40   1.9902398586273193
41   1.9118529558181763
42   1.901854395866394
43   1.820773959159851
44   1.8973462581634521
45   1.790529727935791
46   2.04870343208313
47   1.4547356367111206
48   1.6472009420394897
49   1.9390068054199219
50   1.9080095291137695
51   1.7777005434036255
52   1.6362935304641724
53   1.502632975578308
54   1.7247415781021118
55   1.7333641052246094
56   1.9481239318847656
57   1.3701282739639282
58   1.887046217918396
59   1.6063413619995117
60   1.7812566757202148
61   1.7823408842086792
62   1.6001869440078735
63   1.7707160711288452
64   1.9092206954956055
65   2.4568331241607666
66   1.697401762008667
67   1.5776792764663696
68   1.717617392539978
69   1.6252628564834595
70   1.5645077228546143
71   1.6055723428726196
72   1.6231316328048706
73   1.5856196880340576
74   1.7195637226104736
75   2.049576997756958
76   2.2109274864196777
77   2.284209728240967
78   1.925435185432434
79   1.8359800577163696
80   1.957253098487854
81   1.6724201440811157
82   1.7616262435913086
83   1.8190433979034424
84   1.7825270891189575
85   1.523950219154358
86   1.854540228843689
87   1.6389919519424438
88   1.7116519212722778
89   1.8316311836242676
90   1.7764856815338135
91   1.6238818168640137
92   1.5635149478912354
93   1.8310972452163696
94   1.8624922037124634
95   1.9013041257858276
96   1.6622740030288696
97   1.6211551427841187
98   1.8007293939590454
99   1.7621279954910278
100   1.761657476425171
101   1.810935616493225
102   1.967545986175537
103   1.554733157157898
104   1.7670588493347168
105   2.153895616531372
106   1.8893219232559204
107   1.7141083478927612
108   1.44728684425354
109   2.2927260398864746
110   2.286130428314209
111   2.3947513103485107
112   1.75849187374115
113   2.345672130584717
114   2.643613338470459
115   2.0513856410980225
116   1.6509541273117065
117   1.5389165878295898
118   1.5715861320495605
119   1.335719108581543
120   1.6700079441070557
121   1.6923104524612427
122   1.7491167783737183
123   2.198989152908325
124   1.9828159809112549
125   1.8136217594146729
126   1.7296743392944336
127   1.4902592897415161
128   1.9835693836212158
129   1.4390453100204468
130   1.7976130247116089
131   1.5821380615234375
132   1.9903329610824585
133   1.7288721799850464
134   1.6946799755096436
135   1.8575036525726318
136   1.4793118238449097
137   1.4998995065689087
138   1.6282615661621094
139   1.995689034461975
140   1.875333547592163
141   1.8277499675750732
142   2.021538496017456
143   1.7285773754119873
144   1.98836350440979
145   2.036616563796997
146   1.7874647378921509
147   1.724295735359192
148   1.9053480625152588
149   1.862917423248291
150   1.7950032949447632
151   1.6442675590515137
152   1.4678499698638916
153   1.7579903602600098
154   1.8052074909210205
155   1.772797703742981
156   1.649194359779358
157   1.734789490699768
158   1.7242803573608398
159   1.789838433265686
160   1.6559486389160156
161   2.1085610389709473
162   1.6519114971160889
163   1.7417415380477905
164   1.7258343696594238
