1   1.8156510591506958
2   1.9075483083724976
3   1.6845968961715698
4   1.6564782857894897
5   1.817933440208435
6   1.5710359811782837
7   1.9170502424240112
8   1.8648680448532104
9   1.6903764009475708
10   1.9147520065307617
11   1.8374102115631104
12   1.9894740581512451
13   1.9094178676605225
14   1.600637435913086
15   1.763274073600769
16   1.7068138122558594
17   1.8964166641235352
18   1.7340810298919678
19   1.907857060432434
20   1.785359263420105
21   1.613751769065857
22   1.8265912532806396
23   1.7683674097061157
24   1.7677475214004517
25   1.9714934825897217
26   1.8662384748458862
27   1.7702184915542603
28   1.818053126335144
29   1.5831066370010376
30   1.8940215110778809
31   1.9833999872207642
32   1.50283682346344
33   1.5960438251495361
34   1.8450695276260376
35   2.0075087547302246
36   1.6913411617279053
37   1.621395230293274
38   1.745787262916565
39   1.7816057205200195
40   1.9416965246200562
41   1.6180418729782104
42   1.4418615102767944
43   1.9722636938095093
44   1.6517285108566284
45   1.9746512174606323
46   1.7490092515945435
47   1.8804256916046143
48   1.7256470918655396
49   1.7727940082550049
50   1.5872406959533691
51   1.5466985702514648
52   1.415698766708374
53   1.7933728694915771
54   1.6008573770523071
55   1.9435243606567383
56   1.5242170095443726
57   1.9719871282577515
58   1.7892364263534546
59   1.3882429599761963
60   1.884718894958496
61   1.546581506729126
62   1.7066669464111328
63   1.611143946647644
64   1.7793842554092407
65   1.8553283214569092
66   1.7021915912628174
67   1.6525750160217285
68   1.7663456201553345
69   1.7550157308578491
70   1.711071491241455
71   1.6268502473831177
72   1.942933201789856
73   1.7286006212234497
74   1.7670806646347046
75   1.84321129322052
76   1.6823538541793823
77   1.9801349639892578
78   1.6933813095092773
79   1.8223259449005127
80   1.9377682209014893
81   1.7385129928588867
82   1.8920817375183105
83   1.7093552350997925
84   1.8923993110656738
85   1.6769133806228638
86   1.8361930847167969
87   1.4852137565612793
88   1.9399080276489258
89   1.663923740386963
90   1.5406814813613892
91   1.628896713256836
92   1.7033675909042358
93   1.6015632152557373
94   2.0624806880950928
95   1.4686787128448486
96   1.6959108114242554
97   1.8854408264160156
98   1.9213261604309082
99   2.053130865097046
100   1.978156566619873
101   1.5308337211608887
102   1.68471360206604
103   1.6313518285751343
104   1.7645292282104492
105   1.9047471284866333
106   1.9833784103393555
107   1.681349515914917
108   1.607639193534851
109   1.7575602531433105
110   1.7394096851348877
111   1.6154121160507202
112   1.8401151895523071
113   1.9839774370193481
114   1.6959148645401
115   1.5169504880905151
116   1.4725474119186401
117   2.031585693359375
118   1.8752638101577759
119   1.9664133787155151
120   1.7623189687728882
121   1.7935383319854736
122   1.851245403289795
123   2.231787919998169
124   2.125343084335327
125   1.7621599435806274
126   1.7606197595596313
127   1.7958580255508423
128   1.7708423137664795
129   2.0315985679626465
130   1.8019678592681885
131   1.8438589572906494
132   1.7759556770324707
133   1.563712239265442
134   1.7718875408172607
135   1.7932000160217285
136   1.774741291999817
137   1.7957897186279297
138   1.7591453790664673
139   1.736501693725586
140   2.050708055496216
141   1.923186182975769
142   1.6316629648208618
143   1.691877007484436
144   1.930574893951416
145   1.853737473487854
146   1.8553376197814941
147   1.5607991218566895
148   1.7325586080551147
149   1.8168083429336548
150   1.7142366170883179
151   1.7524826526641846
152   1.7443500757217407
153   1.9157402515411377
154   1.72491455078125
155   2.065291404724121
156   1.8033689260482788
157   1.9332289695739746
158   1.9516297578811646
159   2.02571439743042
160   1.5755283832550049
