1   4.806360244750977
2   4.4742913246154785
3   4.499347686767578
4   4.991969585418701
5   4.135631561279297
6   5.1385416984558105
7   5.23426628112793
8   4.681401252746582
9   4.399940013885498
10   4.579963207244873
11   4.0817179679870605
12   4.545501232147217
13   5.093027591705322
14   5.86527156829834
15   5.181880474090576
16   5.821106910705566
17   5.948144435882568
18   5.315380573272705
19   5.679985523223877
20   6.032418251037598
21   3.470569610595703
22   5.916990756988525
23   5.107154369354248
24   5.203668117523193
25   5.659107685089111
26   5.617588043212891
27   4.348543643951416
28   4.670863628387451
29   4.504448890686035
30   4.678465366363525
31   4.920413017272949
32   5.656744480133057
33   5.300671100616455
34   5.581090927124023
35   5.954690933227539
36   5.028679847717285
37   4.922732353210449
38   6.403039932250977
39   4.837632656097412
40   4.252868175506592
41   5.08108377456665
42   4.7792158126831055
43   4.399518966674805
44   5.365692615509033
45   5.115244388580322
46   5.272396087646484
47   4.058725357055664
48   4.98040246963501
49   5.14944314956665
50   4.612678050994873
51   5.082087516784668
52   4.863774299621582
53   4.729955673217773
54   5.095911026000977
55   4.9520344734191895
56   4.754786968231201
57   4.934420108795166
58   4.633064270019531
59   4.486148357391357
60   4.930141925811768
61   5.381476402282715
62   4.429506778717041
63   4.055012226104736
64   4.890112400054932
65   4.77036714553833
66   4.84359884262085
67   4.510348320007324
68   4.451656818389893
69   5.308447360992432
70   4.48443603515625
71   5.134997367858887
72   5.106978416442871
73   4.510695934295654
74   4.872522830963135
75   5.080275058746338
76   4.567024230957031
77   5.012973785400391
78   4.4072651863098145
79   4.423458576202393
80   3.8201746940612793
81   4.669600963592529
82   3.8100366592407227
83   4.6679582595825195
84   4.268030643463135
85   4.117886066436768
86   4.970190048217773
87   5.1342453956604
88   5.048616409301758
89   5.407425403594971
90   4.247450828552246
91   4.449937343597412
92   4.753573417663574
93   4.427353382110596
94   4.41900110244751
95   3.9902234077453613
96   4.679291725158691
97   4.980630874633789
98   4.307059288024902
99   4.731902122497559
100   4.134271144866943
101   4.80874490737915
102   4.341822147369385
103   4.364823818206787
104   4.360218048095703
105   4.4475417137146
106   4.854607105255127
107   4.538610458374023
108   4.288908004760742
109   4.520349025726318
110   4.358600616455078
111   4.073113441467285
112   4.7225728034973145
113   4.797983169555664
114   4.932836055755615
115   4.3274922370910645
116   6.405242919921875
117   4.834611892700195
118   6.542642116546631
119   6.487834930419922
120   4.406973838806152
121   4.140685558319092
122   4.329381942749023
123   5.118256568908691
124   4.48390007019043
125   6.362613677978516
126   5.764857292175293
127   6.306379318237305
128   6.159458160400391
129   5.3541693687438965
130   5.092871189117432
131   5.033088207244873
132   5.357503890991211
133   5.269568920135498
134   5.6227240562438965
135   6.477797031402588
136   5.888115882873535
137   4.697645664215088
138   5.9888458251953125
139   5.924078464508057
140   5.352534770965576
141   5.993027210235596
142   5.478005409240723
143   4.929471492767334
144   6.287116527557373
145   5.634886264801025
146   5.725048065185547
147   4.925549507141113
148   5.026932716369629
149   4.999536514282227
150   5.325517654418945
151   5.2359089851379395
152   6.192450046539307
153   5.747488498687744
154   6.298759460449219
155   6.087005615234375
156   4.9962310791015625
157   4.270083427429199
158   4.695690155029297
159   4.044795989990234
160   5.2246551513671875
