1   2.899122714996338
2   3.992671489715576
3   2.9139928817749023
4   3.2349233627319336
5   3.1022534370422363
6   3.532829999923706
7   3.913618803024292
8   3.063793897628784
9   2.7288155555725098
10   2.0099754333496094
11   2.8615190982818604
12   3.2758381366729736
13   3.815812349319458
14   3.016859292984009
15   3.2250137329101563
16   3.1729400157928467
17   3.608092784881592
18   3.4949004650115967
19   3.0785772800445557
20   2.9567553997039795
21   3.1249496936798096
22   3.4281442165374756
23   3.0371594429016113
24   2.200515031814575
25   3.1541929244995117
26   2.2881102561950684
27   3.760096311569214
28   2.469197988510132
29   3.0839715003967285
30   3.293442726135254
31   3.286511182785034
32   1.674067497253418
33   1.9093884229660034
34   2.98972749710083
35   3.2816855907440186
36   3.9223577976226807
37   3.0502662658691406
38   3.8326799869537354
39   3.877544403076172
40   3.6083288192749023
41   2.777287006378174
42   3.3167471885681152
43   3.474376916885376
44   2.735795736312866
45   3.049687147140503
46   2.727383613586426
47   3.0198051929473877
48   3.3217806816101074
49   3.7752068042755127
50   3.8799471855163574
51   2.9007160663604736
52   3.7488224506378174
53   3.3527112007141113
54   3.4341037273406982
55   3.146080732345581
56   3.121415138244629
57   2.244837522506714
58   3.2479138374328613
59   3.2316510677337646
60   2.834345817565918
61   2.913480281829834
62   3.4689931869506836
63   2.116877317428589
64   2.9781875610351563
65   3.323512315750122
66   3.0504443645477295
67   3.637829542160034
68   3.2070910930633545
69   3.030264139175415
70   2.864189386367798
71   3.3553056716918945
72   2.901559352874756
73   3.126533031463623
74   3.0348777770996094
75   4.805713653564453
76   3.3265302181243896
77   3.926748752593994
78   3.2040398120880127
79   2.8034002780914307
80   3.54748797416687
81   3.4101169109344482
82   2.7095909118652344
83   3.174980640411377
84   2.9855213165283203
85   3.2815709114074707
86   3.026771306991577
87   3.45339298248291
88   2.58485746383667
89   3.8544437885284424
90   3.346250534057617
91   3.195070505142212
92   2.804426670074463
93   2.7377138137817383
94   3.7695302963256836
95   3.219665765762329
96   3.259019136428833
97   2.676544427871704
98   2.77463698387146
99   3.1824822425842285
100   3.026782512664795
101   2.771407127380371
102   3.7237765789031982
103   3.137683868408203
104   3.442150592803955
105   3.2209322452545166
106   3.324079990386963
107   2.132544755935669
108   2.9351325035095215
109   2.8142898082733154
110   3.739499092102051
111   2.8442280292510986
112   2.9463751316070557
113   3.1956026554107666
114   2.982126474380493
115   3.4965076446533203
116   3.10079288482666
117   3.035076141357422
118   3.5083212852478027
119   2.852698564529419
120   3.082199811935425
121   3.040578603744507
122   3.8109936714172363
123   3.360447645187378
124   3.083845615386963
125   3.6517510414123535
126   3.466076374053955
127   2.7531816959381104
128   3.0641069412231445
129   1.7882122993469238
130   1.417075514793396
131   1.7709184885025024
132   1.034493088722229
133   1.799360990524292
134   1.6187927722930908
135   1.4355674982070923
136   2.670590877532959
137   3.516174793243408
138   3.359174966812134
139   1.45102059841156
140   1.6612874269485474
141   1.658739447593689
142   1.7676317691802979
143   1.1681771278381348
144   2.96368670463562
145   2.5118775367736816
146   3.285059690475464
147   2.9854254722595215
148   3.1510539054870605
149   3.278013229370117
150   3.3505725860595703
151   3.6783061027526855
152   2.994079113006592
153   3.452625036239624
154   2.8784008026123047
155   2.832514524459839
156   3.213214635848999
157   2.6079659461975098
158   2.497218132019043
159   3.6903109550476074
160   3.323714256286621
