1   1.5356251001358032
2   1.4874922037124634
3   1.4644122123718262
4   1.5503122806549072
5   1.5213652849197388
6   1.6076477766036987
7   1.768256425857544
8   1.5141091346740723
9   1.6101725101470947
10   1.6313526630401611
11   1.515527367591858
12   1.4699963331222534
13   1.388080358505249
14   1.7734745740890503
15   1.4517558813095093
16   1.430883765220642
17   1.5860645771026611
18   1.37619948387146
19   1.6087195873260498
20   1.5251537561416626
21   1.4453309774398804
22   1.5554225444793701
23   1.4412435293197632
24   1.5425693988800049
25   1.6441831588745117
26   1.5937522649765015
27   1.6685562133789063
28   1.7435908317565918
29   1.556932806968689
30   1.4376126527786255
31   1.437990665435791
32   1.893472671508789
33   1.5417753458023071
34   1.7894543409347534
35   1.5744115114212036
36   1.50588059425354
37   1.4676053524017334
38   1.5171360969543457
39   1.6251381635665894
40   1.5576726198196411
41   1.5778084993362427
42   1.505783200263977
43   1.5577763319015503
44   1.5884026288986206
45   1.83622145652771
46   1.5563071966171265
47   1.8178006410598755
48   1.5396324396133423
49   1.5832761526107788
50   1.453777551651001
51   1.775944471359253
52   1.5684194564819336
53   1.757692575454712
54   1.3813692331314087
55   1.5453460216522217
56   1.54535710811615
57   1.6283512115478516
58   1.3492741584777832
59   1.3702729940414429
60   1.3689578771591187
61   1.5096746683120728
62   1.4745287895202637
63   1.6673109531402588
64   1.5018736124038696
65   1.6508893966674805
66   1.6780933141708374
67   1.5184966325759888
68   1.2590880393981934
69   1.5487759113311768
70   1.5939520597457886
71   1.5407617092132568
72   1.6991846561431885
73   1.5739067792892456
74   1.7249270677566528
75   1.5830477476119995
76   1.640307068824768
77   1.6045055389404297
78   1.5720471143722534
79   1.5785378217697144
80   1.782721757888794
81   1.6005818843841553
82   1.5779520273208618
83   1.6420087814331055
84   1.4985530376434326
85   1.5097630023956299
86   1.4716191291809082
87   1.2712291479110718
88   1.5989420413970947
89   1.5595468282699585
90   1.5959712266921997
91   1.5105338096618652
92   1.4398914575576782
93   1.4726104736328125
94   1.7023388147354126
95   1.4380706548690796
96   1.6521356105804443
97   1.7363659143447876
98   1.5762289762496948
99   1.4869705438613892
100   1.689386248588562
101   1.502383828163147
102   1.8755886554718018
103   1.7243032455444336
104   1.5919984579086304
105   1.8024206161499023
106   1.7049498558044434
107   1.5532094240188599
108   1.4659079313278198
109   1.7458794116973877
110   1.5498584508895874
111   1.2869566679000854
112   1.6900389194488525
113   1.5841538906097412
114   1.501340627670288
115   1.387894868850708
116   1.6342308521270752
117   1.5508779287338257
118   1.6541072130203247
119   1.53341543674469
120   1.5400840044021606
121   1.496171474456787
122   1.5229336023330688
123   1.5193719863891602
124   1.3549751043319702
125   1.602443814277649
126   1.689867377281189
127   1.6762499809265137
128   1.4549649953842163
129   1.5971492528915405
130   1.706220030784607
131   1.5589618682861328
132   1.4875118732452393
133   1.493416666984558
134   1.7680797576904297
135   1.8058191537857056
136   1.5210187435150146
137   1.5906904935836792
138   1.4998971223831177
139   1.5844563245773315
140   1.3167119026184082
141   1.5868700742721558
142   1.6195802688598633
143   1.3574960231781006
144   1.3006335496902466
145   1.6319987773895264
146   1.6458485126495361
147   1.571515679359436
148   1.5552046298980713
149   1.5332539081573486
150   1.4874614477157593
151   1.6196538209915161
152   1.6428242921829224
153   1.4386348724365234
154   1.516871690750122
155   1.5724685192108154
156   1.6185451745986938
157   1.6305166482925415
158   1.4706295728683472
159   1.7080150842666626
160   1.4807456731796265
