1   5.062963485717773
2   5.61392879486084
3   6.2766594886779785
4   4.898641586303711
5   5.00478458404541
6   5.97314977645874
7   4.5207085609436035
8   5.5452117919921875
9   6.072176456451416
10   6.377379894256592
11   5.934331893920898
12   4.060883522033691
13   5.502662181854248
14   5.316078186035156
15   5.520248889923096
16   5.813438892364502
17   4.975868225097656
18   4.574487686157227
19   5.899764537811279
20   4.238239288330078
21   6.123783111572266
22   6.067589282989502
23   4.934901714324951
24   5.090377330780029
25   5.594293117523193
26   5.892627239227295
27   4.733676910400391
28   5.0536088943481445
29   6.668716907501221
30   5.338759422302246
31   5.228274345397949
32   4.842417240142822
33   3.466054916381836
34   3.7566184997558594
35   4.471818923950195
36   3.848259210586548
37   4.050703525543213
38   4.789852142333984
39   5.028871536254883
40   4.838720798492432
41   4.882656574249268
42   4.264211177825928
43   4.55718469619751
44   4.597991466522217
45   5.356197357177734
46   4.636812686920166
47   5.250792503356934
48   5.328458786010742
49   4.785763263702393
50   5.558742046356201
51   4.267185211181641
52   6.004461288452148
53   5.40249490737915
54   5.699047565460205
55   5.890662670135498
56   5.583285808563232
57   5.389252185821533
58   4.983672618865967
59   4.442309379577637
60   6.253615379333496
61   3.0332512855529785
62   4.602067470550537
63   4.630211353302002
64   5.272899627685547
65   4.86268949508667
66   3.7283525466918945
67   5.410942077636719
68   5.019693374633789
69   6.1908793449401855
70   4.573495864868164
71   4.928630828857422
72   5.079525947570801
73   4.563530445098877
74   4.631016731262207
75   6.461188793182373
76   3.818632125854492
77   4.922170639038086
78   4.055588245391846
79   3.887312412261963
80   3.218391180038452
81   2.7093939781188965
82   2.726410150527954
83   3.864969491958618
84   3.2499828338623047
85   5.021984577178955
86   3.4350168704986572
87   2.9850358963012695
88   4.562214374542236
89   4.742674827575684
90   4.451898574829102
91   3.711780309677124
92   4.285545825958252
93   4.572912693023682
94   4.475582599639893
95   5.052474498748779
96   4.728328227996826
97   4.727138519287109
98   4.341100692749023
99   5.364569187164307
100   4.218047142028809
101   4.646389961242676
102   4.672482013702393
103   4.375194549560547
104   4.646214485168457
105   4.702744007110596
106   5.601589202880859
107   4.635004997253418
108   3.6555166244506836
109   5.2344231605529785
110   4.005198955535889
111   4.557448387145996
112   4.190520286560059
113   4.703232288360596
114   4.458765983581543
115   4.839450836181641
116   5.760064125061035
117   4.442280292510986
118   4.42555046081543
119   4.824217319488525
120   4.104670524597168
121   3.748586416244507
122   4.5403337478637695
123   4.215503692626953
124   4.309479713439941
125   4.042487144470215
126   4.085478782653809
127   5.030152320861816
128   3.564870595932007
129   4.211677551269531
130   3.8620574474334717
131   4.451775074005127
132   4.3546366691589355
133   3.1635098457336426
134   6.120171546936035
135   5.6408867835998535
136   5.178736209869385
137   5.320291996002197
138   5.037245273590088
139   4.663928031921387
140   4.809656143188477
141   4.768311500549316
142   5.659890174865723
143   5.717728137969971
144   5.698936939239502
145   5.9396514892578125
146   5.911508083343506
147   4.666855812072754
148   5.577961444854736
149   6.309331893920898
150   3.778916358947754
151   5.7520432472229
152   6.0712127685546875
153   3.9299354553222656
154   3.799250602722168
155   5.5120697021484375
156   5.823862075805664
157   5.428620338439941
158   5.4463701248168945
159   4.988314628601074
160   3.622957706451416
161   5.0969462394714355
162   5.04207706451416
163   6.009326457977295
164   5.977703094482422
