1   2.878134250640869
2   3.2764127254486084
3   3.0489468574523926
4   3.775043487548828
5   4.133947849273682
6   2.868051290512085
7   3.7946128845214844
8   3.0143041610717773
9   3.3193812370300293
10   1.7118133306503296
11   0.97788006067276
12   0.904136598110199
13   3.452470064163208
14   2.9653069972991943
15   3.5839195251464844
16   3.3314430713653564
17   2.500924587249756
18   2.8618578910827637
19   3.2433395385742188
20   3.6253910064697266
21   3.3374526500701904
22   1.7927109003067017
23   3.6947944164276123
24   3.125164747238159
25   3.109020948410034
26   4.214415073394775
27   3.9080612659454346
28   3.1926629543304443
29   2.556021213531494
30   2.9949443340301514
31   3.830404758453369
32   2.6207950115203857
33   3.2110395431518555
34   3.193532705307007
35   3.8836772441864014
36   3.310875177383423
37   0.9184557199478149
38   2.0305867195129395
39   2.5919370651245117
40   2.7103500366210938
41   2.859065532684326
42   3.100109338760376
43   3.106170177459717
44   4.42002010345459
45   2.3101351261138916
46   3.684514045715332
47   3.3193845748901367
48   4.695333003997803
49   3.488515615463257
50   2.203387498855591
51   3.707412004470825
52   2.869332790374756
53   3.9333198070526123
54   2.54724383354187
55   5.119070053100586
56   2.2416813373565674
57   3.637744426727295
58   3.2194221019744873
59   4.312343120574951
60   3.143077850341797
61   3.7951416969299316
62   4.0678205490112305
63   0.5089715123176575
64   3.819748878479004
65   3.1133034229278564
66   4.91409969329834
67   2.216050624847412
68   3.71450138092041
69   4.107301235198975
70   3.3548226356506348
71   3.6659817695617676
72   2.8319389820098877
73   4.218658447265625
74   3.181812286376953
75   3.5785329341888428
76   3.4859213829040527
77   3.279340982437134
78   3.3677804470062256
79   3.4311327934265137
80   4.295080184936523
81   3.6930904388427734
82   3.1073784828186035
83   3.3982462882995605
84   3.7853550910949707
85   3.6744961738586426
86   2.7210872173309326
87   4.441341876983643
88   3.4577627182006836
89   3.083679437637329
90   2.82681941986084
91   3.775649309158325
92   3.4479711055755615
93   2.859218120574951
94   1.804824948310852
95   3.5811007022857666
96   4.630642414093018
97   4.4372382164001465
98   2.894235610961914
99   3.375108480453491
100   2.5687201023101807
101   3.736832857131958
102   3.836090326309204
103   4.314524173736572
104   3.8372063636779785
105   3.312284469604492
106   3.205982208251953
107   4.158758640289307
108   3.40287446975708
109   3.2485227584838867
110   2.682203531265259
111   4.278013229370117
112   4.2172698974609375
113   3.1478610038757324
114   1.9528892040252686
115   0.49434199929237366
116   2.891287326812744
117   3.510615587234497
118   2.2527270317077637
119   2.372647762298584
120   1.7650697231292725
121   2.3401381969451904
122   3.3947227001190186
123   2.801816463470459
124   2.4652493000030518
125   2.7214717864990234
126   3.6668314933776855
127   3.160689353942871
128   2.1481268405914307
129   3.397958278656006
130   2.583704710006714
131   2.9098939895629883
132   3.0947134494781494
133   3.9428870677948
134   3.4307754039764404
135   3.366837739944458
136   3.236144781112671
137   3.7187891006469727
138   3.180732011795044
139   3.0676772594451904
140   3.5500826835632324
141   2.6907031536102295
142   3.074065685272217
143   3.6282598972320557
144   2.3575143814086914
145   2.1459949016571045
146   2.012068033218384
147   0.9712966084480286
148   1.8639681339263916
149   0.9511533975601196
150   4.805025100708008
151   2.8555378913879395
152   3.7830114364624023
153   3.521850347518921
154   2.7326669692993164
155   3.7622969150543213
156   3.1523075103759766
157   3.0364303588867188
158   3.2723259925842285
159   3.90878963470459
160   3.32106614112854
161   3.4754478931427
162   2.838040590286255
163   3.242480993270874
164   2.817911148071289
