1   1.7577197551727295
2   1.5372421741485596
3   1.4472169876098633
4   1.5746188163757324
5   1.6478573083877563
6   1.61689031124115
7   1.4399464130401611
8   1.5336846113204956
9   1.6125314235687256
10   1.5710835456848145
11   1.7461304664611816
12   1.683566927909851
13   1.4267858266830444
14   1.8301438093185425
15   1.5253932476043701
16   1.5505776405334473
17   1.5720946788787842
18   1.6235252618789673
19   1.3069018125534058
20   1.7851959466934204
21   1.775219202041626
22   1.6402066946029663
23   1.6567448377609253
24   1.5454319715499878
25   1.7033991813659668
26   1.7668489217758179
27   1.9297292232513428
28   1.4678983688354492
29   1.5549641847610474
30   1.381975531578064
31   1.6637572050094604
32   1.4689379930496216
33   1.6294877529144287
34   1.8094805479049683
35   1.5490623712539673
36   1.401454210281372
37   1.5819047689437866
38   1.602766990661621
39   1.3988492488861084
40   1.3781137466430664
41   1.5219502449035645
42   1.7018541097640991
43   1.6148805618286133
44   1.540793538093567
45   1.4693714380264282
46   1.693157434463501
47   1.7919418811798096
48   1.7691168785095215
49   1.8786464929580688
50   1.8185381889343262
51   1.6241554021835327
52   1.6736820936203003
53   1.9097024202346802
54   1.6303203105926514
55   1.8173531293869019
56   1.5479822158813477
57   1.8362231254577637
58   2.106809616088867
59   1.950331687927246
60   1.8494969606399536
61   1.9975337982177734
62   1.9247331619262695
63   1.851577877998352
64   1.5972635746002197
65   1.551239252090454
66   2.4603893756866455
67   1.8399021625518799
68   1.8070119619369507
69   1.845003604888916
70   1.5037959814071655
71   1.304577112197876
72   1.5655455589294434
73   1.624178409576416
74   1.5391677618026733
75   1.8378233909606934
76   1.6087108850479126
77   1.774315595626831
78   1.4886714220046997
79   1.4488002061843872
80   1.4320943355560303
81   2.1169159412384033
82   1.8881338834762573
83   1.6583794355392456
84   1.5538371801376343
85   1.6501977443695068
86   1.4028388261795044
87   1.6832996606826782
88   1.6899375915527344
89   1.7871507406234741
90   1.5015745162963867
91   1.4884629249572754
92   1.7348886728286743
93   1.659536600112915
94   1.6670244932174683
95   2.1785101890563965
96   2.2119903564453125
97   1.8908129930496216
98   1.4723187685012817
99   1.6673693656921387
100   1.9796642065048218
101   2.078561544418335
102   1.7650355100631714
103   2.113823413848877
104   1.7687395811080933
105   1.9540213346481323
106   1.484142541885376
107   1.679613709449768
108   1.8681830167770386
109   1.5121722221374512
110   1.6495110988616943
111   1.9522207975387573
112   1.7059895992279053
113   1.813665747642517
114   1.8891445398330688
115   1.8377882242202759
116   1.5481430292129517
117   1.6909033060073853
118   1.9482728242874146
119   1.59238600730896
120   1.9253935813903809
121   1.4693928956985474
122   1.675331950187683
123   1.5681816339492798
124   1.6520969867706299
125   1.8432300090789795
126   1.4637103080749512
127   1.4558225870132446
128   1.5618656873703003
129   1.6209595203399658
130   1.5747272968292236
131   1.6171263456344604
132   1.5263773202896118
133   1.600483775138855
134   1.4086687564849854
135   1.796102523803711
136   1.5018819570541382
137   1.988013744354248
138   1.718453049659729
139   1.6472820043563843
140   1.372377634048462
141   1.6147255897521973
142   1.5833311080932617
143   1.602286458015442
144   1.5107650756835938
145   1.477234125137329
146   1.6514414548873901
147   1.5855011940002441
148   1.6862938404083252
149   1.4806005954742432
150   1.8745126724243164
151   1.7025564908981323
152   1.6215847730636597
153   1.7006022930145264
154   1.3245313167572021
155   1.656618595123291
156   1.7529265880584717
157   1.5543845891952515
158   1.6370947360992432
159   1.4364869594573975
160   1.4309916496276855
161   1.3356842994689941
162   1.818427562713623
163   1.4590106010437012
164   1.318647027015686
