1   15.697818756103516
2   15.482908248901367
3   15.367347717285156
4   15.520076751708984
5   15.398438453674316
6   15.483759880065918
7   15.599709510803223
8   15.4406099319458
9   15.260354042053223
10   15.538278579711914
11   15.581215858459473
12   15.521245956420898
13   15.462157249450684
14   15.44188117980957
15   15.345881462097168
16   15.529407501220703
17   15.505370140075684
18   15.520560264587402
19   15.441277503967285
20   15.414542198181152
21   15.688004493713379
22   15.626616477966309
23   15.494302749633789
24   15.388233184814453
25   15.549548149108887
26   15.531882286071777
27   15.399862289428711
28   15.448657035827637
29   15.268464088439941
30   15.504621505737305
31   15.416093826293945
32   15.471368789672852
33   15.563746452331543
34   15.347886085510254
35   15.575336456298828
36   15.778430938720703
37   15.259004592895508
38   15.490469932556152
39   15.433497428894043
40   15.430788040161133
41   15.507420539855957
42   15.584333419799805
43   15.497477531433105
44   15.541775703430176
45   15.287784576416016
46   15.416446685791016
47   15.342714309692383
48   15.497477531433105
49   15.569151878356934
50   15.4791259765625
51   15.365464210510254
52   15.603532791137695
53   15.499303817749023
54   15.461409568786621
55   15.50617790222168
56   15.418375968933105
57   15.665626525878906
58   15.599825859069824
59   15.415048599243164
60   15.363154411315918
61   15.565644264221191
62   15.444144248962402
63   15.506278991699219
64   15.502062797546387
65   15.492823600769043
66   15.616103172302246
67   15.518593788146973
68   15.605829238891602
69   15.468805313110352
70   15.335853576660156
71   15.479248046875
72   15.42112922668457
73   15.507867813110352
74   15.507614135742188
75   15.687540054321289
76   15.503803253173828
77   15.50639533996582
78   15.694687843322754
79   15.587883949279785
80   15.584892272949219
81   15.387614250183105
82   15.544953346252441
83   15.534503936767578
84   15.530782699584961
85   15.41811752319336
86   15.448436737060547
87   15.40296459197998
88   15.357237815856934
89   15.53115463256836
90   15.401748657226563
91   15.490609169006348
92   15.390650749206543
93   15.3825101852417
94   15.353408813476563
95   15.313872337341309
96   15.465353012084961
97   15.396728515625
98   15.490859985351563
99   15.423518180847168
100   15.37218189239502
101   15.376458168029785
102   15.3865966796875
103   15.373356819152832
104   15.436223030090332
105   15.36237621307373
106   15.426236152648926
107   15.493480682373047
108   15.477341651916504
109   15.396265983581543
110   15.316370010375977
111   15.744654655456543
112   15.58145523071289
113   15.610336303710938
114   15.449692726135254
115   15.549649238586426
116   15.30903434753418
117   15.39688777923584
118   15.582688331604004
119   15.453482627868652
120   15.501770973205566
121   15.281208038330078
122   15.47031307220459
123   15.513847351074219
124   15.596741676330566
125   15.653290748596191
126   15.501263618469238
127   15.420633316040039
128   15.53597640991211
129   15.306303024291992
130   15.432588577270508
131   15.727190017700195
132   15.359687805175781
133   15.401719093322754
134   15.498806953430176
135   15.412548065185547
136   15.490338325500488
137   15.410988807678223
138   15.445380210876465
139   15.493453025817871
140   15.496235847473145
141   15.490973472595215
142   15.181774139404297
143   15.529237747192383
144   15.435175895690918
145   15.56058120727539
146   15.522871017456055
147   15.330717086791992
148   15.516944885253906
149   15.514948844909668
150   15.783671379089355
151   15.250649452209473
152   15.560314178466797
153   15.459586143493652
154   15.410490036010742
155   15.448555946350098
156   15.66378116607666
157   15.426958084106445
158   15.3951416015625
159   15.51427936553955
160   15.690861701965332
