0   0.0
1   0.17424771189689636
2   0.2293817549943924
3   0.23770634829998016
4   0.20204050838947296
5   0.1999189555644989
6   0.2083824723958969
7   0.15467537939548492
8   0.14687447249889374
9   0.3706173002719879
10   0.3840891122817993
11   0.6302873492240906
12   0.6156965494155884
13   1.0684269666671753
14   1.258258581161499
15   1.9980586767196655
16   0.9529151916503906
17   0.9537519216537476
18   1.4790250062942505
19   1.5104740858078003
20   1.4070971012115479
21   1.5510050058364868
22   1.1861764192581177
23   2.0287606716156006
24   1.4426090717315674
25   1.2205172777175903
26   1.2470245361328125
27   1.0969547033309937
28   1.4322928190231323
29   1.4717239141464233
30   1.1280163526535034
31   1.5399540662765503
32   0.8371286988258362
33   1.3149322271347046
34   1.503627896308899
35   1.4714995622634888
36   1.7247226238250732
37   1.359840750694275
38   1.650691032409668
39   1.856063723564148
40   1.2629746198654175
41   0.8680344223976135
42   1.8139809370040894
43   1.5269399881362915
44   1.7606713771820068
45   1.360909104347229
46   1.4132767915725708
47   1.4898834228515625
48   1.7581690549850464
49   2.691361427307129
50   1.3811465501785278
51   1.4101064205169678
52   1.0536062717437744
53   1.2088702917099
54   1.7253303527832031
55   1.0721296072006226
56   1.9051828384399414
57   1.8885971307754517
58   1.6035434007644653
59   1.5771524906158447
60   1.680484414100647
61   2.299591541290283
62   1.5110160112380981
63   1.0897446870803833
64   1.0079584121704102
65   1.4540916681289673
66   0.9005565643310547
67   1.1922001838684082
68   1.773761510848999
69   1.2578039169311523
70   1.155050277709961
71   1.9975087642669678
72   1.6776107549667358
73   1.306461215019226
74   1.636312484741211
75   1.183040976524353
76   1.7470911741256714
77   1.2746938467025757
78   1.0386555194854736
79   1.2486779689788818
80   1.4437403678894043
81   1.2800778150558472
82   1.6409274339675903
83   1.5663453340530396
84   1.0235894918441772
85   1.6817086935043335
86   1.7988299131393433
87   1.3745145797729492
88   1.3399347066879272
89   1.2779161930084229
90   1.3573698997497559
91   1.8443937301635742
92   1.6113313436508179
93   1.4571161270141602
94   1.6967860460281372
95   1.2882332801818848
96   1.3844846487045288
97   1.8769474029541016
98   1.5305414199829102
99   1.3518134355545044
100   1.5270020961761475
101   1.855296015739441
102   0.8348675966262817
103   1.4083921909332275
104   1.3955334424972534
105   2.13600492477417
106   2.122396230697632
107   1.4942495822906494
108   1.12877357006073
109   1.1501753330230713
110   1.2635440826416016
111   1.5360207557678223
112   1.2675460577011108
113   1.6169739961624146
114   1.6781009435653687
115   0.9897578954696655
116   1.3438838720321655
117   1.1553889513015747
118   1.2857935428619385
119   1.1754639148712158
120   1.3683992624282837
121   1.4274755716323853
122   1.180544376373291
123   0.7766961455345154
124   0.4688042998313904
125   1.1676584482192993
126   0.8319203853607178
127   1.376463532447815
128   1.4474506378173828
129   0.9149746894836426
130   1.2153120040893555
131   1.5544180870056152
132   2.1074063777923584
133   1.720008373260498
134   1.9162958860397339
135   1.3252731561660767
136   1.8310209512710571
137   1.2335076332092285
138   0.9401828646659851
139   1.238824725151062
140   1.243679404258728
141   1.9731029272079468
142   1.624342679977417
143   1.425641655921936
144   1.4414873123168945
145   1.123835802078247
146   1.3310635089874268
147   1.5476418733596802
148   1.5567851066589355
149   1.1373717784881592
150   1.5040974617004395
151   1.3933396339416504
152   1.131852388381958
153   0.943834125995636
154   1.2258009910583496
155   1.70326566696167
156   1.3456374406814575
157   1.1125171184539795
158   1.4973866939544678
159   1.1296826601028442
160   0.8036693930625916
161   1.2269906997680664
162   0.9808235764503479
163   1.7933964729309082
164   1.3218849897384644
165   1.3171921968460083
166   1.8257360458374023
167   1.1084004640579224
168   1.4777518510818481
169   1.2657746076583862
170   0.9220532178878784
171   1.282921552658081
172   1.3591114282608032
173   1.2220523357391357
174   1.1476277112960815
175   1.549350619316101
176   1.2857519388198853
177   0.9103650450706482
178   1.135237216949463
179   1.7280807495117188
180   1.6220524311065674
181   1.6002806425094604
182   1.605528473854065
183   1.5881402492523193
184   1.376369833946228
185   1.530181884765625
186   1.4783525466918945
187   1.2989479303359985
188   1.361070990562439
189   1.679385781288147
190   1.5589674711227417
191   1.4903655052185059
192   1.2671743631362915
193   1.170594334602356
194   1.5829492807388306
195   0.9825125932693481
196   1.307919979095459
197   1.133012056350708
198   1.4610222578048706
199   1.4222819805145264
200   1.7605143785476685
201   1.0798008441925049
202   0.9942823648452759
203   1.2558434009552002
204   0.9965694546699524
205   1.3042993545532227
206   1.7340617179870605
207   1.7847421169281006
208   1.4066311120986938
209   1.1110492944717407
210   1.12510085105896
211   1.5875613689422607
212   1.275475025177002
213   1.4350587129592896
1   1.5412341356277466
2   1.0403873920440674
3   1.2760052680969238
4   1.5300798416137695
5   1.7110341787338257
6   1.1706769466400146
7   1.4329650402069092
8   1.4141700267791748
9   1.5512899160385132
10   1.557679533958435
11   1.1005280017852783
12   1.8904836177825928
13   1.173991084098816
14   1.1921217441558838
15   0.9863759279251099
16   0.9103378057479858
17   1.324146032333374
18   1.0609831809997559
19   0.9561646580696106
20   0.9724593758583069
1   0.8547786474227905
2   1.00691556930542
3   0.9775224924087524
4   1.0163534879684448
5   0.935787558555603
6   1.15163254737854
7   0.9162158370018005
8   0.8518008589744568
9   1.0035407543182373
10   0.7295243740081787
11   0.8295431137084961
12   0.9347460269927979
13   0.9678611755371094
14   0.854194164276123
15   0.7809260487556458
16   0.8896220326423645
17   1.013505220413208
18   1.1867789030075073
19   1.0905847549438477
20   0.9690280556678772
21   0.9137470722198486
22   1.0332192182540894
23   0.8887254595756531
24   1.1391568183898926
25   0.8403058648109436
26   0.6486979722976685
27   1.2991845607757568
28   1.1208120584487915
29   1.259882926940918
30   1.1415776014328003
31   1.0242670774459839
32   1.1642378568649292
33   1.011889100074768
34   0.7884708046913147
35   0.7162293791770935
36   0.8997289538383484
37   0.9239607453346252
38   0.9868739247322083
39   0.8768815994262695
40   1.2034478187561035
41   0.8375168442726135
42   1.0593916177749634
43   0.9670134782791138
44   1.0223493576049805
45   1.0908091068267822
46   0.9845836162567139
47   1.0922236442565918
48   0.9383531212806702
49   0.8977617621421814
50   1.1746675968170166
51   1.0238856077194214
52   0.8995727300643921
53   0.9318480491638184
54   1.025656819343567
55   1.139583706855774
56   0.9727768898010254
57   0.8822179436683655
58   0.9112069010734558
59   1.1507619619369507
60   1.1042460203170776
61   1.0320771932601929
62   1.0355353355407715
63   0.8861091732978821
64   1.23862624168396
65   0.6627110838890076
66   0.9601487517356873
67   1.100075602531433
68   0.89433753490448
69   0.8909856081008911
70   0.9941729307174683
71   0.8980410695075989
72   0.8634734749794006
73   1.1289995908737183
74   0.9924718141555786
75   0.7408321499824524
76   1.0442440509796143
77   0.8942525386810303
78   0.9124014973640442
79   0.8674889206886292
80   1.08844792842865
81   1.0159682035446167
82   0.8418310880661011
83   0.7485435605049133
84   0.8994991779327393
85   0.8446671962738037
86   0.8534565567970276
87   0.8488159775733948
88   0.797193706035614
89   0.9610605835914612
90   0.8750909566879272
91   0.6543437838554382
92   0.8478255271911621
93   0.929108738899231
94   1.0031731128692627
95   0.9046785235404968
96   1.0394002199172974
97   0.8282117247581482
98   0.694452702999115
99   1.0671939849853516
100   0.9596934914588928
101   0.8214634656906128
102   1.3500726222991943
103   0.8313471078872681
104   0.8401235342025757
105   0.7317883968353271
106   0.9428519010543823
107   0.9189328551292419
108   0.9570978283882141
109   1.0227423906326294
110   0.8240547776222229
111   1.237196445465088
112   0.8255578875541687
113   0.942738950252533
114   0.8925154805183411
115   0.9509837031364441
116   0.9782081842422485
117   0.7753519415855408
118   0.8701040148735046
119   1.0986772775650024
120   0.9148437976837158
121   1.0928152799606323
122   0.9090076684951782
123   1.2223118543624878
124   0.7545861601829529
125   1.077087163925171
126   0.8546838164329529
127   1.163495421409607
128   0.950383186340332
129   1.2066527605056763
130   0.8878107666969299
131   0.8211510181427002
132   1.0927850008010864
133   0.9401464462280273
134   1.0764254331588745
135   1.1980255842208862
136   1.0016186237335205
137   1.2693367004394531
138   0.9158012866973877
139   0.9974362254142761
140   0.7949455380439758
141   1.1243425607681274
142   1.021726131439209
143   0.9600399732589722
144   0.7218141555786133
145   0.8072984218597412
146   0.7640158534049988
147   1.093371868133545
148   0.8758589625358582
149   1.0816524028778076
150   0.8385359644889832
151   1.0310755968093872
152   1.0905628204345703
153   1.2112289667129517
154   1.0550132989883423
155   0.9425455927848816
156   1.0414553880691528
157   1.0571680068969727
158   1.079455018043518
159   0.8251622319221497
160   1.1329176425933838
1   0.8567607402801514
2   1.0865578651428223
3   0.9378300309181213
4   0.8887128829956055
5   1.2731906175613403
6   0.9912500381469727
7   0.8414573073387146
8   1.0831615924835205
9   1.2848875522613525
10   1.1758049726486206
11   0.9129453301429749
12   0.8188929557800293
13   1.2306499481201172
14   1.251638650894165
15   1.3761036396026611
16   1.0088093280792236
17   1.1294200420379639
18   1.4527314901351929
19   0.9732043147087097
20   0.761876106262207
21   1.0135905742645264
22   0.9596142172813416
23   1.40486741065979
24   0.8191561102867126
25   1.4064445495605469
26   1.0958341360092163
27   1.74405038356781
28   1.1804380416870117
29   1.0842193365097046
30   1.2588611841201782
31   1.2831950187683105
32   1.331417441368103
33   1.5199791193008423
34   1.7224780321121216
35   1.2583541870117188
36   1.8337234258651733
37   1.545322060585022
38   1.203189492225647
39   1.1297355890274048
40   1.1300208568572998
41   1.1466985940933228
42   1.188208818435669
43   0.858405590057373
44   1.092594861984253
45   0.9565628170967102
46   0.8544427156448364
47   0.975692868232727
48   1.2921301126480103
49   1.4566895961761475
50   1.4026000499725342
51   1.0936040878295898
52   0.9199638962745667
53   1.4358186721801758
54   1.27556312084198
55   1.220108151435852
56   1.1563503742218018
57   1.2279516458511353
58   1.1503312587738037
59   2.1082406044006348
60   1.2408390045166016
61   1.9409929513931274
62   1.6572635173797607
63   2.242917060852051
64   1.8771836757659912
65   1.0606577396392822
66   1.9325034618377686
67   1.4778112173080444
68   1.841849684715271
69   2.30346941947937
70   1.2959425449371338
71   0.994005024433136
72   1.6627036333084106
73   1.5201691389083862
74   1.3968610763549805
75   1.3454883098602295
76   1.0656203031539917
77   0.941647469997406
78   1.3184642791748047
79   1.4918445348739624
80   1.1430429220199585
81   1.706403136253357
82   1.0461931228637695
83   1.1242821216583252
84   1.0823898315429688
85   1.2671589851379395
86   1.1003931760787964
87   1.1977821588516235
88   1.5055733919143677
89   1.5695977210998535
90   1.75566828250885
91   1.527571439743042
92   1.5593345165252686
93   1.3887332677841187
94   1.7623035907745361
95   1.8678369522094727
96   1.6350910663604736
97   1.093841314315796
98   1.1796257495880127
99   1.2062976360321045
100   1.6566388607025146
101   1.4166276454925537
102   1.5940113067626953
103   1.4068189859390259
104   1.460715413093567
105   1.164976954460144
106   1.1114833354949951
107   1.3585257530212402
108   1.4626758098602295
109   1.4547176361083984
110   1.3147884607315063
111   1.2109248638153076
112   1.3493708372116089
113   1.6823856830596924
114   1.4506916999816895
115   0.8393036127090454
116   0.8799821734428406
117   1.2610909938812256
118   1.387679934501648
119   1.1290920972824097
120   1.011082649230957
121   1.5243242979049683
122   1.3811784982681274
123   1.5901806354522705
124   1.2231357097625732
125   1.2086669206619263
126   0.9034919142723083
127   0.7199844121932983
128   1.1888362169265747
129   1.2780424356460571
130   0.9803738594055176
131   1.7395035028457642
132   0.9846825003623962
133   0.742059051990509
134   1.0491304397583008
135   1.2548060417175293
136   1.2773934602737427
137   0.9142495393753052
138   1.1220781803131104
139   0.9524691104888916
140   1.3011109828948975
141   1.1242812871932983
142   1.036807894706726
143   0.8817355632781982
144   0.8623051643371582
145   0.8228743672370911
146   1.2205402851104736
147   1.090641975402832
148   0.7766801118850708
149   0.8621782064437866
150   1.2950891256332397
151   0.8287991881370544
152   1.1241909265518188
153   1.135916829109192
154   0.9469350576400757
155   0.9960063099861145
156   0.9757636189460754
157   1.0996428728103638
158   1.049599289894104
159   1.2869197130203247
160   0.7724473476409912
161   0.9741028547286987
162   1.1576601266860962
163   1.1209337711334229
164   1.118638038635254
