0   0.0
1   1.6386680603027344
2   2.0145621299743652
3   1.8499833345413208
4   2.0756173133850098
5   1.8994977474212646
6   2.035792589187622
7   1.8665521144866943
8   1.8784563541412354
9   2.4974141120910645
10   2.614129066467285
11   3.144951820373535
12   3.541555404663086
13   3.3948357105255127
14   5.009364604949951
15   4.455543041229248
16   3.851959705352783
17   4.616921424865723
18   3.33148455619812
19   4.250251770019531
20   3.6310296058654785
21   4.915541648864746
22   2.9612371921539307
23   3.6154754161834717
24   3.7565765380859375
25   4.564052581787109
26   3.34623122215271
27   3.7527780532836914
28   3.672407627105713
29   3.748730421066284
30   4.447322368621826
31   3.2999699115753174
32   3.6892545223236084
33   4.048159122467041
34   3.1012203693389893
35   3.847025156021118
36   3.4201598167419434
37   4.676202774047852
38   3.7095580101013184
39   4.137847900390625
40   3.3186404705047607
41   3.712775707244873
42   4.4050445556640625
43   3.3732657432556152
44   3.777005195617676
45   3.4570558071136475
46   4.425815582275391
47   3.2969393730163574
48   4.611379623413086
49   2.6370885372161865
50   3.6677467823028564
51   4.696071624755859
52   3.622631311416626
53   4.745884895324707
54   3.548224925994873
55   3.6842668056488037
56   3.0197877883911133
57   3.4359073638916016
58   4.401880741119385
59   4.7535719871521
60   4.422789573669434
61   3.000244379043579
62   4.320453643798828
63   4.3473992347717285
64   4.673197269439697
65   4.621681213378906
66   4.467586517333984
67   3.857088565826416
68   2.913429021835327
69   4.238078594207764
70   4.145544052124023
71   5.541934967041016
72   5.050909042358398
73   3.617398738861084
74   5.097951889038086
75   3.9301774501800537
76   3.946331262588501
77   4.578641414642334
78   4.530559062957764
79   4.1692023277282715
80   4.956756591796875
81   4.388068675994873
82   4.349240779876709
83   4.009854316711426
84   4.416610240936279
85   4.513651371002197
86   4.206074237823486
87   4.05283784866333
88   4.497535228729248
89   4.111494064331055
90   4.427035331726074
91   4.87645149230957
92   4.095146179199219
93   3.752242088317871
94   4.843794822692871
95   4.972165107727051
96   4.969727516174316
97   4.2555742263793945
98   3.907647132873535
99   4.0848588943481445
100   4.688788414001465
101   4.93375825881958
102   4.672353267669678
103   3.380359411239624
104   4.145315647125244
105   2.7332067489624023
106   2.4743168354034424
107   3.878380060195923
108   3.9072940349578857
109   2.6369359493255615
110   4.097879886627197
111   4.3014140129089355
112   4.119827747344971
113   3.5165951251983643
114   3.967388391494751
115   4.547731876373291
116   4.700049877166748
117   4.892395496368408
118   4.503411293029785
119   5.248778820037842
120   6.047997951507568
121   4.607287883758545
122   4.895160675048828
123   4.476622581481934
124   4.703489780426025
125   3.5773892402648926
126   4.125348091125488
127   5.180746555328369
128   4.861515998840332
129   4.902209281921387
130   4.494516372680664
131   4.836423397064209
132   5.265652656555176
133   5.271929740905762
134   5.424193859100342
135   4.765673637390137
136   4.6992106437683105
137   5.128879070281982
138   5.443180084228516
139   4.773232936859131
140   4.41623592376709
141   4.70665979385376
142   5.36651086807251
143   4.6125874519348145
144   4.431809425354004
145   4.273629188537598
146   4.860649108886719
147   3.668194532394409
148   3.9141647815704346
149   4.566420078277588
150   3.785153388977051
151   4.34293270111084
152   4.431774616241455
153   4.51702356338501
154   5.066164970397949
155   4.295341491699219
156   4.248759746551514
157   4.370312690734863
158   4.486360549926758
159   4.913660526275635
160   5.09941291809082
161   4.882608413696289
162   6.243172645568848
163   6.000207424163818
164   4.475932598114014
165   4.081258296966553
166   5.799202919006348
167   5.268742084503174
168   5.468003273010254
169   6.383586883544922
170   6.474584102630615
171   5.650723934173584
172   5.530948638916016
173   5.196492671966553
174   6.201846122741699
175   4.689835548400879
176   4.283585071563721
177   4.463157653808594
178   4.984198093414307
179   3.506570339202881
180   4.489413261413574
181   3.686943531036377
182   4.690218925476074
183   4.007456302642822
184   5.147538661956787
185   4.676135063171387
186   4.23056697845459
187   4.677759170532227
188   4.176176071166992
189   3.2421491146087646
190   4.2573676109313965
191   4.547042369842529
192   4.450204849243164
193   4.081109046936035
194   4.016496658325195
195   4.374317169189453
196   4.659702777862549
197   5.62204647064209
198   5.275838851928711
199   4.656308174133301
200   5.317105770111084
201   5.362716197967529
202   4.676476955413818
203   3.9175164699554443
204   5.284496307373047
205   4.771028518676758
206   4.2863688468933105
207   4.146231174468994
208   4.016737937927246
209   4.67401647567749
210   4.715988636016846
211   4.1092143058776855
212   3.894793748855591
213   4.632230281829834
1   4.067626953125
2   3.843400478363037
3   4.62578821182251
4   5.302128314971924
5   4.690844535827637
6   4.602045059204102
7   4.121640205383301
8   4.384360313415527
9   5.6471099853515625
10   4.396327972412109
11   5.638745307922363
12   3.9199445247650146
13   4.572312355041504
14   3.6409666538238525
15   4.850998878479004
16   5.387978553771973
17   4.668875694274902
18   4.34482479095459
19   4.3078718185424805
20   3.4938201904296875
1   4.062383651733398
2   3.648261785507202
3   3.9678266048431396
4   4.6145195960998535
5   4.696194648742676
6   4.399078369140625
7   3.5589699745178223
8   4.437180995941162
9   4.233315467834473
10   3.591048240661621
11   4.076313018798828
12   3.1196255683898926
13   3.46732759475708
14   3.4946351051330566
15   4.3939619064331055
16   3.8628764152526855
17   5.975015640258789
18   5.058078765869141
19   4.828006744384766
20   3.6510298252105713
21   4.116062641143799
22   2.889050006866455
23   4.168962001800537
24   3.7012922763824463
25   4.028833866119385
26   4.378907680511475
27   3.804943084716797
28   3.8801636695861816
29   4.003456115722656
30   3.0631699562072754
31   4.457803726196289
32   2.5649421215057373
33   5.309637546539307
34   3.7248311042785645
35   4.415740013122559
36   3.4064524173736572
37   3.470194101333618
38   3.7477731704711914
39   3.3804657459259033
40   3.583611011505127
41   3.9002320766448975
42   3.987993001937866
43   3.4394614696502686
44   4.234203338623047
45   3.2237401008605957
46   5.862165451049805
47   6.480523586273193
48   5.47720193862915
49   4.73046875
50   4.224132061004639
51   5.7709269523620605
52   6.168424606323242
53   4.13701868057251
54   4.353996276855469
55   5.5149760246276855
56   4.793252468109131
57   6.220245838165283
58   4.265933036804199
59   5.375964641571045
60   5.690627098083496
61   5.452098369598389
62   4.152395248413086
63   3.645484447479248
64   5.169678688049316
65   4.894901752471924
66   4.337600231170654
67   3.4717719554901123
68   4.391479015350342
69   4.883124828338623
70   4.717814922332764
71   4.6760149002075195
72   4.3269548416137695
73   5.921655178070068
74   6.180757999420166
75   6.322717666625977
76   5.367836952209473
77   3.3491766452789307
78   4.592361927032471
79   3.818700075149536
80   4.094638824462891
81   4.50600528717041
82   3.9761340618133545
83   3.5448830127716064
84   4.970459461212158
85   4.6763691902160645
86   4.6527605056762695
87   3.4733054637908936
88   4.399526119232178
89   4.64495849609375
90   4.036090850830078
91   4.706901550292969
92   3.6053781509399414
93   3.589427947998047
94   4.448940753936768
95   5.7105937004089355
96   4.733272552490234
97   4.596118450164795
98   5.0753560066223145
99   4.632254123687744
100   4.497704029083252
101   4.78002405166626
102   5.473959922790527
103   3.4795095920562744
104   4.000402450561523
105   4.868913650512695
106   4.453181743621826
107   5.722179412841797
108   5.086327075958252
109   4.878332614898682
110   5.821705341339111
111   4.110026836395264
112   4.3205246925354
113   5.1305317878723145
114   5.099210262298584
115   4.583281993865967
116   6.376634120941162
117   5.36135721206665
118   4.576792240142822
119   5.435811996459961
120   5.4014892578125
121   5.533267021179199
122   5.865644931793213
123   5.980227470397949
124   5.76223087310791
125   5.948543071746826
126   5.6211934089660645
127   5.202841281890869
128   5.6250319480896
129   4.837223529815674
130   5.278207302093506
131   5.860555648803711
132   4.754687786102295
133   5.3660736083984375
134   5.332533836364746
135   4.890851974487305
136   5.797902584075928
137   5.607812881469727
138   5.917242050170898
139   4.797176837921143
140   4.4225850105285645
141   4.643069267272949
142   5.746160984039307
143   5.823252201080322
144   5.5424065589904785
145   6.14267110824585
146   6.06516170501709
147   4.336411952972412
148   3.9710440635681152
149   5.482523441314697
150   4.061793804168701
151   4.3533196449279785
152   3.7688629627227783
153   3.5635273456573486
154   4.966460227966309
155   4.296929836273193
156   4.282536506652832
157   3.8448486328125
158   4.719237327575684
159   4.160740375518799
160   4.613609313964844
1   4.173102378845215
2   5.027127742767334
3   3.833563804626465
4   3.1719870567321777
5   4.252128601074219
6   4.42884635925293
7   4.179970741271973
8   4.119503021240234
9   4.8693718910217285
10   4.62525749206543
11   5.045673847198486
12   4.728248119354248
13   4.931606769561768
14   4.9966721534729
15   3.6164186000823975
16   5.177134990692139
17   4.08221435546875
18   5.596614360809326
19   4.081253528594971
20   4.306873321533203
21   5.539843559265137
22   3.39982008934021
23   3.6815993785858154
24   4.590588092803955
25   4.681759357452393
26   3.227526903152466
27   3.2148287296295166
28   3.301152467727661
29   3.075164794921875
30   3.466395616531372
31   4.5828537940979
32   4.208114147186279
33   3.9923503398895264
34   3.405202865600586
35   4.87330436706543
36   4.258412837982178
37   3.8222367763519287
38   3.5145468711853027
39   3.510798931121826
40   4.192060470581055
41   4.2872209548950195
42   4.1037516593933105
43   4.253398895263672
44   3.389065980911255
45   4.0890092849731445
46   5.00888204574585
47   4.56093168258667
48   3.0746450424194336
49   3.410834550857544
50   3.6654555797576904
51   3.6086251735687256
52   4.525573253631592
53   4.292678356170654
54   4.145451545715332
55   3.616518974304199
56   4.190888404846191
57   3.6450560092926025
58   4.332554340362549
59   3.183589220046997
60   3.6952223777770996
61   3.9547533988952637
62   4.235191345214844
63   4.68212366104126
64   4.6361799240112305
65   4.242620468139648
66   4.522187232971191
67   4.067573547363281
68   3.824854850769043
69   2.857043981552124
70   3.920353651046753
71   4.493433952331543
72   3.5502805709838867
73   3.5363378524780273
74   3.4015979766845703
75   3.631258726119995
76   3.645030975341797
77   3.354729652404785
78   2.900425434112549
79   3.5827269554138184
80   5.343551158905029
81   3.6843531131744385
82   4.570001125335693
83   4.7278056144714355
84   4.394776821136475
85   3.7491977214813232
86   4.387570858001709
87   4.404219627380371
88   4.08036470413208
89   4.002137660980225
90   3.5153143405914307
91   4.32536506652832
92   4.549088478088379
93   4.680235385894775
94   4.2303290367126465
95   4.07315731048584
96   3.298032522201538
97   3.8268754482269287
98   3.8094849586486816
99   4.1837358474731445
100   2.5084035396575928
101   3.280733585357666
102   4.0600080490112305
103   4.486402988433838
104   4.903642654418945
105   4.513662815093994
106   4.505967140197754
107   4.180549621582031
108   4.020802021026611
109   4.501542568206787
110   4.967648029327393
111   5.197497844696045
112   5.281312942504883
113   4.254004001617432
114   5.430046081542969
115   5.400251865386963
116   4.571974277496338
117   5.062672138214111
118   5.3094329833984375
119   4.817911624908447
120   4.2205657958984375
121   3.520484685897827
122   3.9790940284729004
123   4.341745853424072
124   4.879922866821289
125   4.933589458465576
126   6.020657062530518
127   6.1993584632873535
128   4.28362512588501
129   3.0674428939819336
130   4.53529691696167
131   3.5044913291931152
132   3.9482996463775635
133   4.53272819519043
134   4.560257434844971
135   4.799151420593262
136   5.055812835693359
137   6.043515205383301
138   5.621633052825928
139   5.858881950378418
140   5.569385051727295
141   5.016149997711182
142   5.109620571136475
143   5.458726406097412
144   4.438798904418945
145   3.9782907962799072
146   5.621220111846924
147   5.7260541915893555
148   5.481556415557861
149   3.804516315460205
150   4.99428653717041
151   4.862981796264648
152   5.897658348083496
153   4.570733547210693
154   4.335418701171875
155   5.141894340515137
156   4.8518266677856445
157   3.327545166015625
158   3.824448585510254
159   3.582204818725586
160   4.1950201988220215
161   3.5896923542022705
162   3.8622519969940186
163   3.776433229446411
164   3.9120242595672607
