0   0.0
1   1.2272971868515015
2   1.2081903219223022
3   1.3970800638198853
4   1.3134148120880127
5   1.038533329963684
6   0.9543991684913635
7   1.2432024478912354
8   0.9761579632759094
9   1.4940763711929321
10   1.477363109588623
11   1.5841736793518066
12   1.452688217163086
13   2.9570934772491455
14   2.7807233333587646
15   4.413384437561035
16   3.794111967086792
17   3.363319158554077
18   3.4350221157073975
19   3.1597461700439453
20   5.490753173828125
21   3.6261985301971436
22   4.140570163726807
23   4.571935653686523
24   1.116401195526123
25   1.2137378454208374
26   1.5693944692611694
27   2.2327382564544678
28   2.830759048461914
29   3.8722732067108154
30   3.560204267501831
31   3.69732403755188
32   1.8867501020431519
33   3.3004140853881836
34   2.9669029712677
35   3.790390968322754
36   4.822857856750488
37   3.267435312271118
38   4.027250289916992
39   4.198276519775391
40   3.193986654281616
41   2.9809885025024414
42   4.612555027008057
43   3.4402849674224854
44   4.754863262176514
45   4.177104473114014
46   1.4883990287780762
47   3.0145323276519775
48   3.5367610454559326
49   5.355992794036865
50   3.0474679470062256
51   3.762172222137451
52   2.8203606605529785
53   3.600625991821289
54   4.0154218673706055
55   2.3575990200042725
56   4.1109161376953125
57   3.8619744777679443
58   1.4565904140472412
59   3.3803250789642334
60   3.6010515689849854
61   5.318949222564697
62   3.8420825004577637
63   4.44481897354126
64   2.6146745681762695
65   3.0220062732696533
66   3.1522326469421387
67   3.3184165954589844
68   3.7664780616760254
69   3.6325795650482178
70   3.569059371948242
71   3.431828022003174
72   4.604842662811279
73   3.503626823425293
74   3.3867945671081543
75   4.139127254486084
76   3.3450186252593994
77   4.021055221557617
78   3.6525423526763916
79   3.4631154537200928
80   3.6451027393341064
81   4.490113735198975
82   3.9723970890045166
83   2.3420772552490234
84   1.7992961406707764
85   2.325073003768921
86   5.038238525390625
87   2.5039126873016357
88   2.618368148803711
89   1.2488397359848022
90   2.766068696975708
91   2.022167444229126
92   2.1713521480560303
93   3.4991838932037354
94   2.2022132873535156
95   3.008808135986328
96   3.189655065536499
97   2.6423745155334473
98   3.3102147579193115
99   3.1710245609283447
100   2.52510404586792
101   2.5359063148498535
102   2.043119430541992
103   3.2041003704071045
104   2.6072888374328613
105   4.231288909912109
106   6.591911315917969
107   4.676909446716309
108   3.0707626342773438
109   1.7264173030853271
110   3.049234390258789
111   3.2939252853393555
112   3.7745766639709473
113   2.8099398612976074
114   3.7354485988616943
115   4.078610420227051
116   3.1553966999053955
117   3.572765588760376
118   3.9664862155914307
119   5.009450435638428
120   2.279918909072876
121   2.9770283699035645
122   2.8926427364349365
123   3.852666139602661
124   4.701798915863037
125   0.798366129398346
126   4.409297943115234
127   3.0719292163848877
128   3.519559621810913
129   2.775474786758423
130   3.601741313934326
131   1.7473440170288086
132   2.365898370742798
133   1.7003424167633057
134   2.5051698684692383
135   2.679173231124878
136   2.8968682289123535
137   1.8390913009643555
138   1.6247961521148682
139   3.129908323287964
140   2.684330940246582
141   2.2888994216918945
142   2.492090940475464
143   5.199177265167236
144   2.381248712539673
145   2.1540257930755615
146   2.819638729095459
147   5.5293288230896
148   5.3750691413879395
149   3.590360164642334
150   2.197277069091797
151   1.4719229936599731
152   3.360936403274536
153   3.3323307037353516
154   1.855858325958252
155   2.5391411781311035
156   4.168918132781982
157   4.618163108825684
158   2.1919007301330566
159   1.3336968421936035
160   1.775763988494873
161   2.72066068649292
162   2.1518285274505615
163   3.0603060722351074
164   3.1505422592163086
165   2.9902427196502686
166   1.626737117767334
167   2.528797149658203
168   2.55840802192688
169   2.1814489364624023
170   2.971957206726074
171   3.3588826656341553
172   3.3331496715545654
173   4.028375148773193
174   3.8513994216918945
175   2.9042630195617676
176   2.9907336235046387
177   2.771696090698242
178   3.0221831798553467
179   4.317131042480469
180   2.346862554550171
181   0.5603259205818176
182   1.876857876777649
183   4.11627721786499
184   4.002683162689209
185   4.936075210571289
186   3.1917777061462402
187   4.04195499420166
188   5.7197747230529785
189   1.8846131563186646
190   3.7075042724609375
191   4.141155242919922
192   3.6042885780334473
193   1.3169273138046265
194   3.883843183517456
195   4.077485084533691
196   3.7315266132354736
197   3.3577919006347656
198   3.8475823402404785
199   2.2140603065490723
200   2.095878839492798
201   3.604038953781128
202   3.4218344688415527
203   3.140418767929077
204   2.7729735374450684
205   2.6180777549743652
206   2.7770583629608154
207   2.5393927097320557
208   2.877504348754883
209   2.8902742862701416
210   2.1969754695892334
211   3.287442684173584
212   2.4311587810516357
213   2.160642623901367
1   2.111558198928833
2   2.956266164779663
3   2.8342621326446533
4   3.071744441986084
5   2.414262056350708
6   1.4781036376953125
7   5.681424140930176
8   2.5442540645599365
9   2.8384859561920166
10   5.1699604988098145
11   4.031081676483154
12   4.003228187561035
13   4.274835109710693
14   3.5487735271453857
15   3.407062530517578
16   4.4574198722839355
17   3.717918634414673
18   2.4465386867523193
19   3.9986064434051514
20   2.2404165267944336
1   3.08101749420166
2   2.1101958751678467
3   1.9911057949066162
4   2.0685555934906006
5   1.4320484399795532
6   3.3525679111480713
7   3.722336769104004
8   2.874896287918091
9   3.3778281211853027
10   3.8423566818237305
11   2.70447039604187
12   2.7465624809265137
13   1.4420804977416992
14   1.5571891069412231
15   2.831752300262451
16   3.3755881786346436
17   3.099360942840576
18   2.100393772125244
19   2.928860664367676
20   2.2806262969970703
21   2.940352439880371
22   3.4648711681365967
23   3.212580919265747
24   2.357107162475586
25   2.6016619205474854
26   4.363681316375732
27   4.3636088371276855
28   2.5941343307495117
29   2.5231595039367676
30   2.192284107208252
31   3.8430233001708984
32   3.0397257804870605
33   3.486926317214966
34   2.625941753387451
35   3.0040440559387207
36   2.6407363414764404
37   1.3934602737426758
38   2.9874074459075928
39   3.380903482437134
40   2.5054123401641846
41   3.045478582382202
42   2.084197998046875
43   1.9082077741622925
44   4.387617111206055
45   2.3093314170837402
46   2.301058530807495
47   2.660088539123535
48   1.9932509660720825
49   2.6254992485046387
50   2.9202182292938232
51   2.112271308898926
52   2.034381628036499
53   2.27734112739563
54   2.706420660018921
55   3.2096526622772217
56   3.475175619125366
57   2.976771116256714
58   3.3380024433135986
59   2.471813678741455
60   2.202564239501953
61   2.7353649139404297
62   2.0006392002105713
63   3.677097797393799
64   3.2196829319000244
65   1.8934760093688965
66   3.262568473815918
67   3.324145555496216
68   2.5951905250549316
69   1.687077522277832
70   3.4748404026031494
71   3.1888229846954346
72   4.28844690322876
73   3.2978501319885254
74   3.084913492202759
75   2.516295909881592
76   4.784843444824219
77   1.0520962476730347
78   3.2659730911254883
79   2.5817441940307617
80   2.472921133041382
81   3.833341360092163
82   3.8743019104003906
83   3.5795557498931885
84   3.1247029304504395
85   3.9417765140533447
86   2.45993971824646
87   4.509825706481934
88   4.52905797958374
89   3.92566180229187
90   5.043018817901611
91   3.7256052494049072
92   3.6409947872161865
93   4.506067276000977
94   3.631406784057617
95   3.3034956455230713
96   4.226851463317871
97   4.4001545906066895
98   4.098189353942871
99   4.04117488861084
100   4.717909812927246
101   4.259270668029785
102   4.622601509094238
103   3.6520683765411377
104   4.219239711761475
105   2.070455312728882
106   3.9967031478881836
107   3.491351366043091
108   5.478823184967041
109   3.0171172618865967
110   4.667463302612305
111   5.427311420440674
112   3.4498379230499268
113   4.411235809326172
114   3.6607894897460938
115   4.0850749015808105
116   4.051675796508789
117   3.08013653755188
118   3.460336208343506
119   4.027961730957031
120   3.739612102508545
121   2.9853858947753906
122   2.220590353012085
123   2.9782981872558594
124   3.0957205295562744
125   4.403588771820068
126   4.146971225738525
127   4.539241790771484
128   2.3117268085479736
129   4.256269454956055
130   4.667627334594727
131   3.3443374633789063
132   5.421290397644043
133   2.6201930046081543
134   2.5985779762268066
135   5.330641269683838
136   2.4898736476898193
137   3.443218469619751
138   4.748369216918945
139   3.603153705596924
140   3.1291730403900146
141   3.498260021209717
142   2.6430156230926514
143   1.2085576057434082
144   3.3727705478668213
145   2.9275338649749756
146   3.4394562244415283
147   4.4256463050842285
148   4.165673732757568
149   5.049221515655518
150   2.631960153579712
151   4.685163974761963
152   3.798696756362915
153   3.8732411861419678
154   6.836963176727295
155   8.167804718017578
156   5.777711391448975
157   3.693502902984619
158   3.380047082901001
159   3.974524736404419
160   3.8647303581237793
1   2.9223270416259766
2   3.536508560180664
3   2.5422182083129883
4   3.3199222087860107
5   2.9940967559814453
6   2.832963466644287
7   2.403916835784912
8   4.157348155975342
9   3.4314873218536377
10   2.545846939086914
11   3.0385210514068604
12   2.5629138946533203
13   2.476284980773926
14   2.35853910446167
15   1.7507954835891724
16   3.5816473960876465
17   3.3906378746032715
18   1.540440559387207
19   3.1994402408599854
20   3.190253496170044
21   1.9484171867370605
22   2.0689313411712646
23   2.0010902881622314
24   2.7141499519348145
25   3.9913370609283447
26   4.234272003173828
27   2.4950404167175293
28   2.6846888065338135
29   3.4663071632385254
30   4.3903093338012695
31   3.9206364154815674
32   2.3545212745666504
33   3.5926566123962402
34   2.368598699569702
35   1.2853726148605347
36   2.2783596515655518
37   3.5864694118499756
38   2.9450457096099854
39   2.3607277870178223
40   1.928982138633728
41   1.5367106199264526
42   3.3667709827423096
43   1.4150278568267822
44   1.847140908241272
45   1.6740528345108032
46   2.0845394134521484
47   1.5196305513381958
48   3.395784378051758
49   3.8989779949188232
50   2.2764434814453125
51   1.3760946989059448
52   2.17154860496521
53   3.5896592140197754
54   2.7146520614624023
55   2.68979549407959
56   2.76658034324646
57   3.8154408931732178
58   3.449936866760254
59   4.858715534210205
60   3.2315542697906494
61   3.3849539756774902
62   3.5172696113586426
63   3.453867197036743
64   2.656708002090454
65   3.1547248363494873
66   3.6002607345581055
67   3.6278514862060547
68   2.8141119480133057
69   2.66920804977417
70   2.5266194343566895
71   3.8304073810577393
72   3.5305073261260986
73   3.220252752304077
74   3.755828619003296
75   4.964099884033203
76   2.7362844944000244
77   2.189481496810913
78   2.443615436553955
79   2.266657829284668
80   3.374187469482422
81   2.7295050621032715
82   2.56036376953125
83   3.449880361557007
84   2.982206106185913
85   2.0919556617736816
86   2.2712466716766357
87   2.084486246109009
88   2.0980050563812256
89   2.751328468322754
90   3.209596872329712
91   2.7477681636810303
92   2.2988686561584473
93   1.8591078519821167
94   2.695341110229492
95   3.6606059074401855
96   2.039727210998535
97   1.959041953086853
98   2.670679807662964
99   2.5080761909484863
100   2.2062087059020996
101   2.8696744441986084
102   1.1841230392456055
103   2.782571315765381
104   3.040398120880127
105   3.00653076171875
106   4.460135459899902
107   4.155805587768555
108   4.207123756408691
109   2.9559333324432373
110   3.2041256427764893
111   2.9879446029663086
112   2.0932044982910156
113   3.0476672649383545
114   2.597994327545166
115   2.9827637672424316
116   3.471412420272827
117   3.969212055206299
118   2.8913114070892334
119   3.838526964187622
120   2.830955743789673
121   4.181729316711426
122   3.793180465698242
123   4.510918140411377
124   3.390035390853882
125   4.326519966125488
126   2.642056703567505
127   3.5968246459960938
128   2.6901421546936035
129   3.3431694507598877
130   3.0223276615142822
131   2.3867733478546143
132   2.4945621490478516
133   2.332731246948242
134   4.527172088623047
135   2.806464910507202
136   4.216906547546387
137   3.2218871116638184
138   3.098480701446533
139   4.751540660858154
140   2.4867899417877197
141   2.9896328449249268
142   2.190113067626953
143   2.9863812923431396
144   4.614833831787109
145   4.78691291809082
146   2.4578287601470947
147   2.5235304832458496
148   2.7749710083007813
149   3.194549083709717
150   3.5339419841766357
151   3.1464240550994873
152   2.8032515048980713
153   1.7409005165100098
154   2.589207410812378
155   2.015815258026123
156   2.371375799179077
157   3.75766921043396
158   3.6393556594848633
159   4.677687168121338
160   2.5722827911376953
161   3.789391279220581
162   2.846761703491211
163   3.3518776893615723
164   4.258929252624512
