0   0.0
1   0.1949148327112198
2   0.17766918241977692
3   0.1800987720489502
4   0.19484743475914001
5   0.1953486055135727
6   0.20563732087612152
7   0.20805883407592773
8   0.20178057253360748
9   0.22852939367294312
10   0.2591857612133026
11   0.3528235852718353
12   0.5131065249443054
13   0.8773446083068848
14   1.539642572402954
15   1.5085145235061646
16   1.7433545589447021
17   1.6338551044464111
18   2.246469736099243
19   1.923091173171997
20   2.017415761947632
21   1.7466528415679932
22   1.800832986831665
23   2.2906646728515625
24   2.0040650367736816
25   1.828506350517273
26   1.7265946865081787
27   1.71751070022583
28   1.7925305366516113
29   2.18442702293396
30   1.756353735923767
31   2.2592759132385254
32   2.2025864124298096
33   1.7924349308013916
34   1.6490312814712524
35   2.036299705505371
36   2.427385091781616
37   1.6959906816482544
38   1.9658416509628296
39   2.248818874359131
40   1.8710507154464722
41   1.5073689222335815
42   2.6279518604278564
43   2.0818371772766113
44   2.4081242084503174
45   2.142500877380371
46   1.9526625871658325
47   2.1782824993133545
48   1.7002460956573486
49   2.8536159992218018
50   2.2096543312072754
51   1.8755199909210205
52   2.073723316192627
53   1.6921107769012451
54   2.4303932189941406
55   1.7409119606018066
56   2.4375503063201904
57   2.667506694793701
58   1.8430922031402588
59   1.7291237115859985
60   2.206528425216675
61   2.79374623298645
62   2.1992857456207275
63   1.939134955406189
64   1.841293454170227
65   1.7110576629638672
66   1.9746702909469604
67   1.8922556638717651
68   1.9924461841583252
69   1.9972739219665527
70   1.57597017288208
71   2.1557886600494385
72   2.2880859375
73   2.2609543800354004
74   2.076889991760254
75   2.3952414989471436
76   2.1217596530914307
77   2.2544260025024414
78   1.7856652736663818
79   1.78545343875885
80   1.839737892150879
81   2.2548933029174805
82   1.9240309000015259
83   2.044785976409912
84   1.914552092552185
85   1.836439847946167
86   2.5827043056488037
87   1.7895315885543823
88   1.9811912775039673
89   1.7196331024169922
90   2.44757342338562
91   1.9506542682647705
92   2.353572130203247
93   2.53212833404541
94   1.8983184099197388
95   1.79767906665802
96   1.735231876373291
97   2.69686222076416
98   2.226069927215576
99   2.0405538082122803
100   2.2873568534851074
101   1.7084403038024902
102   1.8142309188842773
103   2.387303352355957
104   1.926526665687561
105   2.9313526153564453
106   2.6070635318756104
107   2.2252919673919678
108   1.6810362339019775
109   2.2214808464050293
110   2.2737133502960205
111   2.39951753616333
112   2.737687110900879
113   2.1826043128967285
114   2.645726203918457
115   2.330465793609619
116   2.304185390472412
117   2.0518078804016113
118   2.033803939819336
119   2.1879422664642334
120   2.0221900939941406
121   2.325026512145996
122   2.0801138877868652
123   2.1692776679992676
124   2.211332321166992
125   1.6214148998260498
126   2.1270830631256104
127   1.6677634716033936
128   1.7895803451538086
129   1.851362705230713
130   1.5079115629196167
131   1.8513879776000977
132   1.7721401453018188
133   1.9215474128723145
134   1.8460077047348022
135   2.1954541206359863
136   2.409237861633301
137   1.9517545700073242
138   1.8568147420883179
139   1.9964618682861328
140   1.792022943496704
141   1.9005110263824463
142   1.9303240776062012
143   1.7944493293762207
144   1.762241244316101
145   1.8997652530670166
146   1.8173415660858154
147   2.047999858856201
148   2.188725233078003
149   2.2976913452148438
150   2.166159152984619
151   1.7600760459899902
152   1.9056020975112915
153   1.8584787845611572
154   2.0827908515930176
155   1.7512669563293457
156   1.7474498748779297
157   1.7541760206222534
158   1.67949378490448
159   1.6876541376113892
160   1.4838175773620605
161   1.908504843711853
162   1.7839763164520264
163   2.3928046226501465
164   1.9983958005905151
165   2.0508363246917725
166   1.9147627353668213
167   1.9839357137680054
168   1.8517892360687256
169   1.7166386842727661
170   1.6942811012268066
171   1.7404346466064453
172   2.1814804077148438
173   1.8810449838638306
174   1.746398687362671
175   1.9922975301742554
176   1.6376475095748901
177   1.9028609991073608
178   1.7752313613891602
179   2.217650890350342
180   1.9044705629348755
181   2.2967257499694824
182   1.6757944822311401
183   1.8887465000152588
184   2.015522003173828
185   1.9009467363357544
186   2.117173910140991
187   1.8722972869873047
188   2.0288257598876953
189   2.002713680267334
190   1.8034965991973877
191   2.108293294906616
192   2.0022947788238525
193   2.091949701309204
194   2.2680983543395996
195   1.8301842212677002
196   2.0865700244903564
197   2.106811285018921
198   1.9791609048843384
199   2.101637125015259
200   1.7527185678482056
201   1.818823218345642
202   2.4993598461151123
203   2.3862290382385254
204   1.9244664907455444
205   1.7154005765914917
206   1.9757983684539795
207   1.997214674949646
208   2.0452077388763428
209   1.9139924049377441
210   1.9891445636749268
211   2.052281618118286
212   1.8727270364761353
213   1.9475387334823608
1   1.8466745615005493
2   1.812785267829895
3   1.8755314350128174
4   2.0865540504455566
5   2.0633654594421387
6   2.2188689708709717
7   2.9399755001068115
8   1.849528193473816
9   2.094003200531006
10   2.7965853214263916
11   2.361748695373535
12   2.557736873626709
13   2.5353848934173584
14   2.3589420318603516
15   2.3840019702911377
16   2.2826571464538574
17   2.3398923873901367
18   2.2140889167785645
19   2.271328926086426
20   1.902506947517395
1   1.8557111024856567
2   1.8219616413116455
3   2.092095136642456
4   1.9517635107040405
5   1.8677265644073486
6   2.2174301147460938
7   2.0189132690429688
8   2.2783472537994385
9   1.9480962753295898
10   1.9658352136611938
11   2.0948638916015625
12   1.9025293588638306
13   1.8087996244430542
14   1.6990209817886353
15   1.8404467105865479
16   1.952267050743103
17   2.1341049671173096
18   2.2012081146240234
19   1.908705472946167
20   2.073594093322754
21   1.9365110397338867
22   2.047577142715454
23   2.024585247039795
24   1.6880507469177246
25   2.2102160453796387
26   1.849260687828064
27   2.069964647293091
28   1.9479461908340454
29   2.2458765506744385
30   2.2553091049194336
31   2.082186698913574
32   2.3435988426208496
33   1.805643081665039
34   1.5219942331314087
35   1.87822425365448
36   1.9549167156219482
37   2.1084017753601074
38   1.878462314605713
39   1.9127135276794434
40   2.1683576107025146
41   1.9766064882278442
42   1.6231173276901245
43   2.6584677696228027
44   2.3419029712677
45   1.9156053066253662
46   2.1867785453796387
47   2.175863027572632
48   2.374215602874756
49   2.6067841053009033
50   3.081134796142578
51   2.0599684715270996
52   2.1092348098754883
53   2.006884813308716
54   2.509591817855835
55   2.2637734413146973
56   2.009779930114746
57   1.940029501914978
58   2.1586568355560303
59   1.9507083892822266
60   2.120121955871582
61   2.5208587646484375
62   2.4518086910247803
63   2.3008384704589844
64   2.153496026992798
65   1.8149019479751587
66   2.1105289459228516
67   2.940070390701294
68   1.7312006950378418
69   1.8060766458511353
70   2.260068416595459
71   2.356001138687134
72   1.7886837720870972
73   1.981675386428833
74   1.9687883853912354
75   1.8987492322921753
76   2.4990856647491455
77   2.3167781829833984
78   1.8196059465408325
79   1.8778972625732422
80   2.0167236328125
81   1.7691527605056763
82   2.100874662399292
83   2.3840925693511963
84   2.1087281703948975
85   1.7442015409469604
86   1.646494746208191
87   1.709725260734558
88   1.7981568574905396
89   1.9470348358154297
90   2.0813581943511963
91   2.018367052078247
92   1.5687355995178223
93   1.7309075593948364
94   1.923213005065918
95   1.8608553409576416
96   2.0485758781433105
97   2.3792524337768555
98   2.2795066833496094
99   1.782677173614502
100   1.9666320085525513
101   2.1179206371307373
102   1.864416480064392
103   2.001535415649414
104   1.9737175703048706
105   1.712891936302185
106   1.9185429811477661
107   1.941552758216858
108   1.8833532333374023
109   1.968833327293396
110   2.2646257877349854
111   2.437204599380493
112   2.100034236907959
113   2.2129414081573486
114   1.7586568593978882
115   1.8209924697875977
116   1.7685657739639282
117   2.0291929244995117
118   1.728731393814087
119   2.2446274757385254
120   2.0599708557128906
121   2.0758819580078125
122   1.9019134044647217
123   1.9438387155532837
124   1.8532540798187256
125   1.86376953125
126   1.8369921445846558
127   2.3017780780792236
128   1.8894877433776855
129   1.9220008850097656
130   1.99215829372406
131   1.7068935632705688
132   2.0301449298858643
133   2.2532317638397217
134   2.3917064666748047
135   2.29953670501709
136   1.9303597211837769
137   2.0933327674865723
138   2.0198252201080322
139   2.0028913021087646
140   1.963645577430725
141   2.1560590267181396
142   1.9929462671279907
143   1.9964182376861572
144   1.8241056203842163
145   1.6827338933944702
146   1.8955081701278687
147   1.988656997680664
148   1.8824702501296997
149   2.067781448364258
150   2.0372748374938965
151   1.8546422719955444
152   2.2138280868530273
153   1.9497463703155518
154   2.112302303314209
155   2.2785146236419678
156   1.888075351715088
157   1.729244589805603
158   2.166323184967041
159   1.9413142204284668
160   1.9249663352966309
1   1.7314825057983398
2   1.961800217628479
3   2.1008546352386475
4   2.043647527694702
5   1.9679081439971924
6   1.9466806650161743
7   1.937971591949463
8   1.832021713256836
9   2.025677442550659
10   1.8490129709243774
11   1.9941010475158691
12   1.7269668579101563
13   1.5248181819915771
14   1.8637111186981201
15   1.6814372539520264
16   1.9459774494171143
17   2.0481486320495605
18   1.751984715461731
19   1.679570198059082
20   1.9061516523361206
21   1.759706974029541
22   1.6322438716888428
23   2.0845108032226563
24   1.9114763736724854
25   1.9453520774841309
26   2.2754664421081543
27   1.8109925985336304
28   2.0163514614105225
29   1.9161854982376099
30   2.1898887157440186
31   2.1388003826141357
32   2.1456809043884277
33   2.3616697788238525
34   2.336456537246704
35   2.244555711746216
36   2.5447030067443848
37   2.2003087997436523
38   2.4329946041107178
39   1.9650678634643555
40   1.8943628072738647
41   2.1055166721343994
42   2.1667425632476807
43   1.7760908603668213
44   2.2488853931427
45   1.929621696472168
46   1.7649730443954468
47   1.8614341020584106
48   2.349073648452759
49   2.6733291149139404
50   2.1686935424804688
51   1.9757016897201538
52   1.953730821609497
53   1.7883257865905762
54   2.0910990238189697
55   1.8377920389175415
56   1.6726503372192383
57   1.5545663833618164
58   1.3763478994369507
59   2.1564741134643555
60   1.7303040027618408
61   2.2418196201324463
62   2.489039182662964
63   2.4050838947296143
64   1.9422619342803955
65   2.075881242752075
66   2.3173348903656006
67   2.2928314208984375
68   2.15873646736145
69   2.5673203468322754
70   2.287724018096924
71   1.9744071960449219
72   2.170788288116455
73   1.8590608835220337
74   1.8025399446487427
75   2.016899347305298
76   2.019285202026367
77   2.052846908569336
78   1.9559630155563354
79   2.3642735481262207
80   1.8084123134613037
81   2.4499917030334473
82   2.192483901977539
83   2.0424325466156006
84   2.0365002155303955
85   2.20211124420166
86   2.119248390197754
87   1.9814095497131348
88   2.1487724781036377
89   2.3785622119903564
90   2.421769857406616
91   2.3197338581085205
92   1.9072461128234863
93   1.922886848449707
94   2.4631826877593994
95   2.6261587142944336
96   2.4584264755249023
97   2.0341222286224365
98   2.169857978820801
99   1.7043370008468628
100   2.355466842651367
101   2.402602195739746
102   2.265028476715088
103   2.4391324520111084
104   2.5560550689697266
105   1.818105936050415
106   2.060920238494873
107   2.2063052654266357
108   1.7823742628097534
109   1.7000600099563599
110   2.422612190246582
111   1.646419882774353
112   2.320842742919922
113   2.291677713394165
114   1.9693992137908936
115   2.3638722896575928
116   2.515556573867798
117   2.548330783843994
118   2.979595899581909
119   2.679943561553955
120   2.762054204940796
121   3.3381505012512207
122   2.889692783355713
123   3.125098705291748
124   2.2708075046539307
125   2.1866097450256348
126   2.189898729324341
127   1.9755998849868774
128   2.0789923667907715
129   2.6788527965545654
130   2.0706090927124023
131   2.6144580841064453
132   1.946653127670288
133   2.0436229705810547
134   2.028202533721924
135   2.066640853881836
136   2.0552918910980225
137   1.5804122686386108
138   1.6911377906799316
139   1.891080617904663
140   2.427983522415161
141   1.9689311981201172
142   1.909796118736267
143   1.6088987588882446
144   1.9450074434280396
145   2.19044828414917
146   2.1427178382873535
147   1.9434361457824707
148   1.8864891529083252
149   1.5637176036834717
150   2.070152521133423
151   1.8437354564666748
152   2.380648374557495
153   2.0621254444122314
154   2.622467279434204
155   2.0269644260406494
156   1.6077216863632202
157   2.094078779220581
158   1.9019560813903809
159   2.2409253120422363
160   1.9921159744262695
161   2.100829839706421
162   2.1608760356903076
163   2.277830123901367
164   1.8909435272216797
