0   0.0
1   0.21076767146587372
2   0.20850780606269836
3   0.20029102265834808
4   0.20442703366279602
5   0.20732353627681732
6   0.2067793607711792
7   0.2078944742679596
8   0.20480705797672272
9   0.2593494653701782
10   0.3060145080089569
11   0.4203852117061615
12   0.5286506414413452
13   0.8640825748443604
14   1.4995497465133667
15   1.5668926239013672
16   1.6837096214294434
17   1.5852750539779663
18   2.119436740875244
19   1.8517024517059326
20   1.8671305179595947
21   1.6950979232788086
22   1.6283373832702637
23   2.138457775115967
24   1.9543663263320923
25   1.6692575216293335
26   1.5733593702316284
27   1.6595004796981812
28   1.694413661956787
29   2.0438663959503174
30   1.6329736709594727
31   2.0238583087921143
32   1.9180972576141357
33   1.6749378442764282
34   1.5246564149856567
35   1.821419596672058
36   2.258941888809204
37   1.5310131311416626
38   1.854042649269104
39   2.0946245193481445
40   1.71160089969635
41   1.43820059299469
42   2.4147989749908447
43   1.8743667602539063
44   2.1938018798828125
45   1.9644287824630737
46   1.8299593925476074
47   1.9690840244293213
48   1.665108561515808
49   2.6669647693634033
50   2.0824639797210693
51   1.7198232412338257
52   1.8668689727783203
53   1.6590837240219116
54   2.3325321674346924
55   1.5591621398925781
56   2.286072254180908
57   2.4674315452575684
58   1.7142608165740967
59   1.5949938297271729
60   2.218791961669922
61   2.750903844833374
62   2.0372352600097656
63   1.7789596319198608
64   1.7118982076644897
65   1.5230393409729004
66   1.8636647462844849
67   1.686216950416565
68   1.866278052330017
69   1.9470257759094238
70   1.4554450511932373
71   2.0922513008117676
72   2.2552645206451416
73   2.2240748405456543
74   1.9979040622711182
75   2.2782225608825684
76   2.1548261642456055
77   2.0015413761138916
78   1.6625425815582275
79   1.6838558912277222
80   1.7291028499603271
81   2.087670087814331
82   1.7847356796264648
83   1.9210728406906128
84   1.6976953744888306
85   1.7247604131698608
86   2.48793625831604
87   1.6784828901290894
88   1.8556067943572998
89   1.933517575263977
90   2.4968650341033936
91   2.1522457599639893
92   2.4729132652282715
93   2.66874098777771
94   2.322634220123291
95   2.127171754837036
96   2.138913631439209
97   2.7799198627471924
98   2.4561927318573
99   2.30875563621521
100   2.46907639503479
101   2.0738425254821777
102   2.1892752647399902
103   2.5799384117126465
104   2.173463821411133
105   2.9597108364105225
106   2.666349411010742
107   2.4104256629943848
108   2.10787296295166
109   2.2980051040649414
110   2.4294354915618896
111   2.624148368835449
112   2.895336627960205
113   2.4251086711883545
114   2.7856028079986572
115   2.520909309387207
116   2.4895942211151123
117   2.372359275817871
118   2.7693073749542236
119   2.8678739070892334
120   2.5265541076660156
121   2.7743124961853027
122   2.5972745418548584
123   2.6631884574890137
124   2.761199951171875
125   1.9350836277008057
126   2.2654688358306885
127   1.846178412437439
128   1.91929030418396
129   2.1969244480133057
130   1.924263834953308
131   2.1225147247314453
132   2.0786359310150146
133   2.1128334999084473
134   2.121908187866211
135   2.3493564128875732
136   2.5612804889678955
137   2.1303389072418213
138   1.9871373176574707
139   2.122325897216797
140   2.0023317337036133
141   2.1865978240966797
142   2.11930251121521
143   2.090867757797241
144   1.9891610145568848
145   2.225240707397461
146   2.0953431129455566
147   2.2288575172424316
148   2.349074363708496
149   2.442171812057495
150   2.387190103530884
151   2.0873429775238037
152   2.1656813621520996
153   2.018299102783203
154   2.412825345993042
155   2.094998836517334
156   2.0144340991973877
157   1.9835869073867798
158   2.0154404640197754
159   2.007253408432007
160   1.8587852716445923
161   2.1281962394714355
162   1.9733498096466064
163   2.497622013092041
164   2.156135082244873
165   2.2402548789978027
166   2.090468645095825
167   2.2144739627838135
168   2.171262264251709
169   2.025568962097168
170   2.012181520462036
171   1.9893983602523804
172   2.471954584121704
173   2.1163594722747803
174   1.8694144487380981
175   2.109788656234741
176   1.7877061367034912
177   1.966663122177124
178   1.8457006216049194
179   2.297264814376831
180   2.0851643085479736
181   2.322587728500366
182   1.8469557762145996
183   2.038863182067871
184   2.0478549003601074
185   2.139298439025879
186   2.149677038192749
187   1.9688243865966797
188   2.0472066402435303
189   2.061868190765381
190   1.9365838766098022
191   2.2332205772399902
192   2.360217809677124
193   2.296342134475708
194   2.43794322013855
195   2.0379233360290527
196   2.3814516067504883
197   2.5365703105926514
198   2.4885518550872803
199   2.39520263671875
200   2.1941416263580322
201   2.4395062923431396
202   2.8698956966400146
203   2.634594202041626
204   2.4150731563568115
205   2.0421884059906006
206   2.2175817489624023
207   2.279597282409668
208   2.2259085178375244
209   2.1299593448638916
210   2.2209157943725586
211   2.3282055854797363
212   2.036466598510742
213   2.26552414894104
1   2.0088744163513184
2   2.031062126159668
3   2.33060622215271
4   2.4263720512390137
5   2.3826565742492676
6   2.66108775138855
7   3.0766971111297607
8   2.2389681339263916
9   2.3281984329223633
10   2.812382936477661
11   2.565638542175293
12   2.6391656398773193
13   2.559608221054077
14   2.52976655960083
15   2.4488444328308105
16   2.3204712867736816
17   2.380082845687866
18   2.419602870941162
19   2.1933090686798096
20   2.0658745765686035
1   2.009756565093994
2   1.9544874429702759
3   2.106619358062744
4   2.1368134021759033
5   1.9980206489562988
6   2.41666579246521
7   2.3127830028533936
8   2.6706583499908447
9   2.246283531188965
10   2.1126294136047363
11   2.240304708480835
12   2.0868642330169678
13   2.2342259883880615
14   1.9959025382995605
15   1.9827148914337158
16   2.225250720977783
17   2.2086501121520996
18   2.231060028076172
19   2.2445170879364014
20   2.1669750213623047
21   2.1808407306671143
22   2.2290585041046143
23   2.1293530464172363
24   1.9000749588012695
25   2.400301218032837
26   2.1647567749023438
27   2.237043619155884
28   2.1484060287475586
29   2.314969301223755
30   2.2838826179504395
31   2.2681021690368652
32   2.5432472229003906
33   2.085005760192871
34   1.8155879974365234
35   2.0828909873962402
36   2.188413381576538
37   2.200991153717041
38   2.129770278930664
39   2.07917857170105
40   2.250278949737549
41   2.2173736095428467
42   1.8359013795852661
43   2.7151825428009033
44   2.4316749572753906
45   2.069871187210083
46   2.3144776821136475
47   2.4284486770629883
48   2.490544557571411
49   2.6500487327575684
50   3.1581621170043945
51   2.24749493598938
52   2.227890968322754
53   2.127488851547241
54   2.56645131111145
55   2.3843657970428467
56   2.259340524673462
57   2.1456634998321533
58   2.316675901412964
59   2.229775905609131
60   2.4026453495025635
61   2.6735706329345703
62   2.6863064765930176
63   2.4642865657806396
64   2.409695863723755
65   2.0848095417022705
66   2.4143455028533936
67   3.0112173557281494
68   2.0913939476013184
69   2.156639575958252
70   2.4903926849365234
71   2.4566915035247803
72   1.9892935752868652
73   2.0404882431030273
74   2.191417932510376
75   2.015329599380493
76   2.6820785999298096
77   2.3981471061706543
78   2.0070128440856934
79   2.0996530055999756
80   2.1753809452056885
81   2.048698902130127
82   2.280338764190674
83   2.5327837467193604
84   2.2177836894989014
85   2.0314183235168457
86   1.7448620796203613
87   1.8488118648529053
88   1.9377630949020386
89   2.0855138301849365
90   2.081392526626587
91   2.121558666229248
92   1.7579026222229004
93   1.8708864450454712
94   2.0573582649230957
95   2.1259140968322754
96   2.29048752784729
97   2.4962456226348877
98   2.3977484703063965
99   1.9266889095306396
100   2.1741511821746826
101   2.296503782272339
102   1.9722703695297241
103   2.070667028427124
104   2.095364570617676
105   1.9281162023544312
106   2.066484212875366
107   2.079249143600464
108   1.9992234706878662
109   2.1934874057769775
110   2.3051793575286865
111   2.5236527919769287
112   2.1824328899383545
113   2.2410144805908203
114   1.8764697313308716
115   1.9675633907318115
116   1.8554071187973022
117   2.0934391021728516
118   1.7735888957977295
119   2.257866144180298
120   2.2463526725769043
121   2.2125847339630127
122   2.1710195541381836
123   2.155092239379883
124   2.01076078414917
125   1.9628561735153198
126   1.9193933010101318
127   2.3702030181884766
128   1.8740062713623047
129   1.9862768650054932
130   2.2147457599639893
131   1.7085312604904175
132   2.055373191833496
133   2.245457649230957
134   2.479045867919922
135   2.1886587142944336
136   2.2312629222869873
137   2.2640089988708496
138   2.1361491680145264
139   2.060575008392334
140   2.168653964996338
141   2.211301803588867
142   2.097621202468872
143   2.077763795852661
144   1.7975921630859375
145   1.8074312210083008
146   2.014626979827881
147   2.0407397747039795
148   1.9188075065612793
149   2.2085020542144775
150   2.119311809539795
151   1.9073729515075684
152   2.2228221893310547
153   1.9190053939819336
154   2.1106772422790527
155   2.193523645401001
156   1.9920618534088135
157   1.899872899055481
158   2.154728889465332
159   1.9092925786972046
160   2.009788990020752
1   1.8828538656234741
2   2.1483609676361084
3   2.4068000316619873
4   2.204084873199463
5   2.2472872734069824
6   2.227240562438965
7   2.2238690853118896
8   1.993608832359314
9   2.187852144241333
10   1.9964357614517212
11   2.3025269508361816
12   2.0231189727783203
13   1.7961530685424805
14   2.0622081756591797
15   1.9748625755310059
16   2.2106423377990723
17   2.294055223464966
18   1.8923894166946411
19   2.036431312561035
20   2.0505611896514893
21   1.9510098695755005
22   1.8892018795013428
23   2.272228717803955
24   2.0463404655456543
25   2.214895248413086
26   2.5407838821411133
27   2.0658109188079834
28   2.2734625339508057
29   2.251626491546631
30   2.469104766845703
31   2.304643154144287
32   2.329249143600464
33   2.499417543411255
34   2.3950929641723633
35   2.3125803470611572
36   2.521552085876465
37   2.3544275760650635
38   2.631680488586426
39   2.2904446125030518
40   2.1692397594451904
41   2.243511438369751
42   2.4381120204925537
43   2.097210645675659
44   2.4316418170928955
45   2.1392428874969482
46   2.053250312805176
47   2.1526377201080322
48   2.5197291374206543
49   2.9322288036346436
50   2.410944700241089
51   2.205439329147339
52   2.1285455226898193
53   1.8838697671890259
54   2.2885148525238037
55   2.0010459423065186
56   2.052839517593384
57   1.7152400016784668
58   1.519350290298462
59   2.2408814430236816
60   1.9435139894485474
61   2.4749319553375244
62   2.5280423164367676
63   2.448415517807007
64   2.158444881439209
65   2.3107924461364746
66   2.4366135597229004
67   2.4760448932647705
68   2.460860013961792
69   2.798360824584961
70   2.4351532459259033
71   2.279292583465576
72   2.365433692932129
73   2.1933999061584473
74   2.15693998336792
75   2.34541916847229
76   2.501220703125
77   2.4283604621887207
78   2.4528934955596924
79   2.812251091003418
80   2.3519201278686523
81   2.6407370567321777
82   2.4253623485565186
83   2.302480459213257
84   2.3153533935546875
85   2.2994344234466553
86   2.326601505279541
87   2.093113660812378
88   2.361661195755005
89   2.4482595920562744
90   2.530412197113037
91   2.3479673862457275
92   2.1377131938934326
93   2.1073246002197266
94   2.502807140350342
95   2.7009787559509277
96   2.487717390060425
97   2.1625685691833496
98   2.43200945854187
99   1.953890085220337
100   2.5118610858917236
101   2.5166637897491455
102   2.3425962924957275
103   2.5964410305023193
104   2.6237757205963135
105   1.9542427062988281
106   2.0020737648010254
107   2.122708559036255
108   1.7285137176513672
109   1.776150107383728
110   2.4170000553131104
111   1.7874760627746582
112   2.393829584121704
113   2.437699556350708
114   2.13844633102417
115   2.563084602355957
116   2.524914264678955
117   2.6128389835357666
118   2.986889123916626
119   2.7379024028778076
120   2.6995983123779297
121   3.2715415954589844
122   2.9199838638305664
123   2.954608201980591
124   2.2895264625549316
125   2.2483081817626953
126   2.3396029472351074
127   2.2159881591796875
128   2.2916760444641113
129   2.812692880630493
130   2.3105151653289795
131   2.7054638862609863
132   2.1216063499450684
133   2.277987003326416
134   2.121885061264038
135   2.2025694847106934
136   2.0894758701324463
137   1.6556636095046997
138   1.979086995124817
139   2.113718032836914
140   2.549241065979004
141   2.156827211380005
142   2.2369956970214844
143   1.9692620038986206
144   2.2118003368377686
145   2.360696792602539
146   2.3215115070343018
147   2.1290605068206787
148   2.237987518310547
149   1.9990272521972656
150   2.2587890625
151   2.2090346813201904
152   2.485950469970703
153   2.4393091201782227
154   2.6578891277313232
155   2.1002676486968994
156   1.925845980644226
157   2.012481689453125
158   1.7975444793701172
159   2.079378843307495
160   1.8919258117675781
161   2.0065219402313232
162   2.046374797821045
163   2.19708251953125
164   1.8055084943771362
