0   0.0
1   0.19427719712257385
2   0.19783228635787964
3   0.2001880258321762
4   0.20955991744995117
5   0.19237273931503296
6   0.18249289691448212
7   0.1914309412240982
8   0.19169029593467712
9   1.1313958168029785
10   1.173490285873413
11   1.0280964374542236
12   1.0143043994903564
13   1.0361584424972534
14   1.2193043231964111
15   1.040122628211975
16   1.2299120426177979
17   1.0211856365203857
18   0.9620174169540405
19   1.001955270767212
20   1.214590072631836
21   0.958232581615448
22   0.9894953370094299
23   0.8632737398147583
24   1.093101143836975
25   1.0055084228515625
26   1.1243226528167725
27   1.4916962385177612
28   1.3698184490203857
29   1.2054234743118286
30   0.8857503533363342
31   1.1114062070846558
32   1.1354221105575562
33   1.0586761236190796
34   1.1787986755371094
35   1.4097992181777954
36   1.1742182970046997
37   1.4085999727249146
38   1.2777800559997559
39   1.0851179361343384
40   1.148382544517517
41   1.030737280845642
42   0.9995561242103577
43   1.0520241260528564
44   1.249322772026062
45   1.0273768901824951
46   1.241333246231079
47   1.2433141469955444
48   1.3567962646484375
49   1.393476128578186
50   1.4330247640609741
51   1.1799026727676392
52   1.2675580978393555
53   1.0300118923187256
54   1.06509268283844
55   1.2497574090957642
56   1.2886426448822021
57   1.1089404821395874
58   1.231226921081543
59   1.1760321855545044
60   1.2899810075759888
61   0.9775017499923706
62   1.1415563821792603
63   1.2544891834259033
64   0.9998758435249329
65   1.2802449464797974
66   1.2020312547683716
67   1.3057595491409302
68   1.2293472290039063
69   1.1555492877960205
70   1.345602035522461
71   1.1164132356643677
72   1.2118148803710938
73   1.3185898065567017
74   1.1048448085784912
75   1.2481250762939453
76   0.9536218047142029
77   1.218558669090271
78   1.1676461696624756
79   1.1838083267211914
80   1.1320319175720215
81   1.3239312171936035
82   1.4206470251083374
83   1.3617595434188843
84   1.260222315788269
85   1.1582878828048706
86   1.1936005353927612
87   1.4218864440917969
88   1.1562535762786865
89   1.1005971431732178
90   1.2528257369995117
91   1.1153212785720825
92   1.1416248083114624
93   1.4305952787399292
94   1.4073395729064941
95   1.4803919792175293
96   1.1773383617401123
97   1.3834710121154785
98   1.0173747539520264
99   1.2300182580947876
100   1.1687681674957275
101   1.0654470920562744
102   0.9242611527442932
103   1.2435965538024902
104   1.180013656616211
105   1.205494999885559
106   1.1737300157546997
107   1.081080436706543
108   1.157668113708496
109   1.2153955698013306
110   1.1494728326797485
111   1.3913763761520386
112   1.2884072065353394
113   1.5086266994476318
114   1.4302401542663574
115   1.3960682153701782
116   1.2934859991073608
117   1.3575340509414673
118   1.3236654996871948
119   1.5545459985733032
120   1.4786162376403809
121   1.237801194190979
122   1.2425968647003174
123   1.0378930568695068
124   1.43858802318573
125   1.2933976650238037
126   1.0805720090866089
127   1.2908601760864258
128   1.340197205543518
129   1.454009771347046
130   1.3011434078216553
131   1.5215884447097778
132   1.4776893854141235
133   1.358837366104126
134   0.9254303574562073
135   1.3656877279281616
136   1.3958942890167236
137   1.422636866569519
138   1.396702527999878
139   1.1622170209884644
140   1.2674651145935059
141   1.2365162372589111
142   1.4403249025344849
143   1.3980534076690674
144   1.4006446599960327
145   1.2699342966079712
146   1.287032961845398
147   1.2028342485427856
148   1.0390121936798096
149   1.0888108015060425
150   1.192301630973816
151   1.443182349205017
152   1.1130177974700928
153   1.3502118587493896
154   1.3445712327957153
155   1.4448472261428833
156   1.4560819864273071
157   1.500524640083313
158   1.2517794370651245
159   1.4029220342636108
160   1.1274572610855103
161   1.1691120862960815
162   1.1530215740203857
163   1.3446494340896606
164   1.1879963874816895
165   1.2874951362609863
166   1.1841577291488647
167   1.1852421760559082
168   1.4123591184616089
169   1.2959836721420288
170   1.177039623260498
171   1.178885579109192
172   1.0548796653747559
173   0.939382791519165
174   0.8726810812950134
175   1.1347190141677856
176   1.0638947486877441
177   1.4068419933319092
178   1.0979702472686768
179   1.068426489830017
180   1.1646147966384888
181   1.1890649795532227
182   1.2103378772735596
183   1.290960669517517
184   1.2790801525115967
185   1.3219420909881592
186   1.249923586845398
187   1.338161587715149
188   1.025244951248169
189   1.194172739982605
190   1.2550773620605469
191   1.3117446899414063
192   1.182145595550537
193   1.1103922128677368
194   1.2814987897872925
195   1.1974142789840698
196   1.4604833126068115
197   1.3299243450164795
198   1.1847130060195923
199   1.1601499319076538
200   1.2891756296157837
201   1.1817430257797241
202   1.2015355825424194
203   1.3788197040557861
204   1.0561860799789429
205   1.0979933738708496
206   1.2430446147918701
207   1.1095352172851563
208   1.137887716293335
