1   4.391855716705322
2   4.585615634918213
3   4.348702430725098
4   4.16367244720459
5   4.2985053062438965
6   4.841696262359619
7   4.0858964920043945
8   3.5819077491760254
9   3.803041934967041
10   4.2483038902282715
11   3.7120492458343506
12   4.248844146728516
13   3.344072103500366
14   3.7602908611297607
15   3.659278392791748
16   3.5612714290618896
17   3.5982089042663574
18   3.670170783996582
19   3.9918389320373535
20   3.9975552558898926
21   4.285975456237793
22   4.2110981941223145
23   3.604295492172241
24   3.580571174621582
25   4.0589213371276855
26   3.4279050827026367
27   4.363894462585449
28   4.361550807952881
29   4.533271312713623
30   5.423695087432861
31   4.950000286102295
32   3.3102800846099854
33   3.8436994552612305
34   2.9880878925323486
35   3.4648425579071045
36   3.2339465618133545
37   4.0942792892456055
38   3.791882276535034
39   4.438741207122803
40   3.2909698486328125
41   2.9972922801971436
42   4.03353214263916
43   3.5861823558807373
44   4.160923480987549
45   3.3159120082855225
46   3.65169358253479
47   3.968111276626587
48   3.5953330993652344
49   4.0302300453186035
50   3.748915910720825
51   4.0282111167907715
52   3.770627498626709
53   3.3363263607025146
54   3.150697946548462
55   3.36049747467041
56   4.045446395874023
57   4.3998703956604
58   4.124666213989258
59   3.8234400749206543
60   3.1134133338928223
61   3.8143301010131836
62   3.405697822570801
63   3.8382959365844727
64   5.292143821716309
65   3.3489110469818115
66   3.4260973930358887
67   4.235409736633301
68   3.0101125240325928
69   3.8787288665771484
70   2.930807113647461
71   3.6602861881256104
72   2.6466081142425537
73   3.3676774501800537
74   5.219327449798584
75   4.792641639709473
76   4.601162433624268
77   4.468554496765137
78   3.6302969455718994
79   3.5721747875213623
80   4.417006969451904
81   3.631845712661743
82   3.986456871032715
83   4.121652126312256
84   4.904320240020752
85   3.681873083114624
86   4.209958553314209
87   3.9188954830169678
88   3.524425506591797
89   4.959701061248779
90   3.2317192554473877
91   3.6932311058044434
92   3.618394136428833
93   3.951915740966797
94   3.7552201747894287
95   3.989184617996216
96   3.634659767150879
97   3.8931760787963867
98   4.08018684387207
99   4.608265399932861
100   4.225804328918457
101   3.448539972305298
102   3.451677083969116
103   4.093290328979492
104   3.629631996154785
105   3.706916570663452
106   4.394225597381592
107   3.4493491649627686
108   4.374607563018799
109   3.9386909008026123
110   4.412350177764893
111   3.6065409183502197
112   4.434338569641113
113   4.9031243324279785
114   4.223347187042236
115   3.584754228591919
116   3.143937349319458
117   4.157201290130615
118   3.7369916439056396
119   3.5598695278167725
120   3.6579484939575195
121   4.218482494354248
122   3.705923080444336
123   3.4536080360412598
124   3.6948130130767822
125   4.2368903160095215
126   3.724921226501465
127   3.685696601867676
128   3.7641093730926514
129   4.0282697677612305
130   4.196930408477783
131   3.9524099826812744
132   3.3455305099487305
133   3.5578501224517822
134   5.496989727020264
135   4.359589576721191
136   3.970763921737671
137   4.448913097381592
138   3.2765517234802246
139   2.9625842571258545
140   5.076174736022949
141   4.106233596801758
142   3.6763956546783447
143   3.6583445072174072
144   3.904184103012085
145   3.9782538414001465
146   3.8581936359405518
147   3.397853374481201
148   4.538941383361816
149   3.0887181758880615
150   3.9768424034118652
151   3.516862392425537
152   3.723928689956665
153   4.05572509765625
154   4.4814300537109375
155   3.5925633907318115
156   3.4727072715759277
157   3.896110773086548
158   3.5002377033233643
159   3.2358338832855225
160   2.7892491817474365
