1   1.2532986402511597
2   1.476140022277832
3   1.3709286451339722
4   1.3434808254241943
5   1.4688712358474731
6   1.488128662109375
7   1.3748687505722046
8   1.4553757905960083
9   1.1845906972885132
10   1.0967739820480347
11   1.2624872922897339
12   1.0311362743377686
13   1.2791117429733276
14   1.3675931692123413
15   1.4159594774246216
16   1.3173578977584839
17   1.3338801860809326
18   1.2745295763015747
19   1.497635841369629
20   1.4545022249221802
21   1.3476237058639526
22   1.2415813207626343
23   1.3469387292861938
24   1.3723623752593994
25   1.4743728637695313
26   1.3361555337905884
27   1.3680795431137085
28   1.450150966644287
29   1.5205328464508057
30   1.5608305931091309
31   1.3325121402740479
32   1.2897577285766602
33   1.4027055501937866
34   1.2695221900939941
35   1.2377066612243652
36   1.3355975151062012
37   1.456681489944458
38   1.4419970512390137
39   1.399369478225708
40   1.2988704442977905
41   1.5010641813278198
42   1.3594143390655518
43   1.1056441068649292
44   1.5510728359222412
45   1.1591514348983765
46   1.3899376392364502
47   1.3957914113998413
48   1.371873378753662
49   1.3038102388381958
50   1.3029130697250366
51   1.115747332572937
52   1.4045840501785278
53   1.3249329328536987
54   1.7169824838638306
55   1.4446226358413696
56   1.3572598695755005
57   1.4236009120941162
58   1.425957441329956
59   1.389614224433899
60   1.4230142831802368
61   1.3700462579727173
62   1.3722573518753052
63   1.4578086137771606
64   1.222303867340088
65   1.3847770690917969
66   1.2180423736572266
67   1.5372289419174194
68   1.3730162382125854
69   1.233984112739563
70   1.5211615562438965
71   1.3157774209976196
72   1.6678695678710938
73   1.4232397079467773
74   1.4567677974700928
75   1.4294971227645874
76   1.587634801864624
77   1.375970721244812
78   1.5694180727005005
79   1.5310139656066895
80   1.629062294960022
81   1.4250929355621338
82   1.365889549255371
83   1.2540628910064697
84   1.3862645626068115
85   1.4227789640426636
86   1.3282277584075928
87   1.4638354778289795
88   1.3716089725494385
89   1.4076035022735596
90   1.3931267261505127
91   1.1997143030166626
92   1.4779119491577148
93   1.5782880783081055
94   1.3987833261489868
95   1.507913589477539
96   1.3777520656585693
97   1.288771390914917
98   1.3564152717590332
99   1.3158562183380127
100   1.3720616102218628
101   1.4650858640670776
102   1.277972936630249
103   1.4315714836120605
104   1.340448260307312
105   1.5250765085220337
106   1.4798145294189453
107   1.3732479810714722
108   1.2825881242752075
109   1.4679193496704102
110   1.3651076555252075
111   1.246263027191162
112   1.333951473236084
113   1.5118027925491333
114   1.64722740650177
115   1.3402377367019653
116   1.4278013706207275
117   1.257503867149353
118   1.348270297050476
119   1.5491834878921509
120   1.5232592821121216
121   1.2128820419311523
122   1.4799611568450928
123   1.2267415523529053
124   1.2781363725662231
125   1.2670109272003174
126   1.2935701608657837
127   1.35951828956604
128   1.2989484071731567
129   1.2740490436553955
130   1.272278070449829
131   1.4977487325668335
132   1.3637138605117798
133   1.3123422861099243
134   1.5687456130981445
135   1.5099153518676758
136   1.3419771194458008
137   1.3717381954193115
138   1.3823810815811157
139   1.2129240036010742
140   1.435595989227295
141   1.307818055152893
142   1.3989341259002686
143   1.2527934312820435
144   1.365479588508606
145   1.2601169347763062
146   1.3991776704788208
147   1.4122730493545532
148   1.4584102630615234
149   1.3235841989517212
150   1.4207284450531006
151   1.2321280241012573
152   1.3717776536941528
153   1.2899831533432007
154   1.3387686014175415
155   1.3276450634002686
156   1.1885912418365479
157   1.2661638259887695
158   1.510298728942871
159   1.224853515625
160   1.4079917669296265
