1   0.768938422203064
2   0.7750605344772339
3   0.7895713448524475
4   0.8878450393676758
5   0.7629862427711487
6   0.752544105052948
7   0.9122404456138611
8   0.8350040912628174
9   0.9189980030059814
10   0.8146601915359497
11   1.0428788661956787
12   0.9693241119384766
13   0.8732699155807495
14   0.8180837035179138
15   0.935749888420105
16   0.7908734083175659
17   0.8625590801239014
18   0.8522719740867615
19   0.782383918762207
20   1.1347668170928955
21   0.8248701095581055
22   0.8769211769104004
23   1.0300109386444092
24   1.0842595100402832
25   1.1947804689407349
26   0.8794049620628357
27   1.1865248680114746
28   0.6243208050727844
29   0.6497746706008911
30   0.9010433554649353
31   0.9557172060012817
32   1.3354368209838867
33   0.8710583448410034
34   1.0560797452926636
35   1.3494311571121216
36   0.9794285893440247
37   0.9282187819480896
38   1.089088797569275
39   0.9430133700370789
40   1.3943088054656982
41   1.470068335533142
42   1.0930509567260742
43   0.8614779114723206
44   1.0754032135009766
45   1.2693002223968506
46   1.3814773559570313
47   0.9118191599845886
48   0.9537755250930786
49   1.0319737195968628
50   0.8912884593009949
51   1.3621519804000854
52   1.4420078992843628
53   1.4823073148727417
54   1.1766037940979004
55   1.0996288061141968
56   1.306831955909729
57   1.2471630573272705
58   1.2753325700759888
59   1.0344948768615723
60   0.9333450198173523
61   1.4454280138015747
62   1.5624094009399414
63   1.23955500125885
64   1.2313963174819946
65   1.4490365982055664
66   1.1671487092971802
67   1.2786327600479126
68   1.111390233039856
69   1.2098329067230225
70   1.6719270944595337
71   1.4017894268035889
72   1.1491587162017822
73   1.5458277463912964
74   1.5899988412857056
75   1.4044231176376343
76   1.7109673023223877
77   1.4410408735275269
78   1.211098313331604
79   1.2000842094421387
80   1.3264025449752808
81   1.4447873830795288
82   1.1392205953598022
83   1.0869059562683105
84   1.0312072038650513
85   1.1888402700424194
86   1.64439857006073
87   1.1594048738479614
88   0.8056784272193909
89   1.6323482990264893
90   1.472150444984436
91   1.3450946807861328
92   1.6163636445999146
93   1.4645912647247314
94   1.0939936637878418
95   1.4794669151306152
96   1.7560690641403198
97   1.3691210746765137
98   1.375043272972107
99   1.335344910621643
100   1.5345538854599
101   1.3062387704849243
102   2.077998638153076
103   1.5288282632827759
104   1.6020803451538086
105   1.310361385345459
106   1.032963514328003
107   1.1005035638809204
108   1.7591617107391357
109   1.1298224925994873
110   1.2493640184402466
111   1.302950143814087
112   1.34351646900177
113   1.4003808498382568
114   1.2943135499954224
115   0.9312829375267029
116   1.0857850313186646
117   1.307383418083191
118   1.6896382570266724
119   0.769206166267395
120   1.4280362129211426
121   1.2639323472976685
122   1.3747953176498413
123   1.3906153440475464
124   0.9849091172218323
125   1.3259748220443726
126   1.0970845222473145
127   1.7026793956756592
128   0.9221099615097046
129   1.244593620300293
130   0.896991491317749
131   0.9468970894813538
132   1.1270763874053955
133   1.2741702795028687
134   0.9833882451057434
135   0.8976138234138489
136   0.932523787021637
137   0.9527266025543213
138   1.3036301136016846
139   1.0451492071151733
140   0.8807407021522522
141   1.0268580913543701
142   1.0354253053665161
143   0.9923281073570251
144   0.7865203022956848
145   0.841968834400177
146   1.2424861192703247
147   0.9583296179771423
148   1.0315569639205933
149   0.8745286464691162
150   0.8948656320571899
151   0.824912965297699
152   0.8902921080589294
153   0.8069400787353516
154   1.0492281913757324
155   0.6971428990364075
156   0.7632046937942505
157   0.8930706977844238
158   0.7063865661621094
159   0.8886069059371948
160   0.782310962677002
161   0.7578726410865784
162   0.8485943675041199
163   0.8442537784576416
164   0.8728402256965637
