1   3.5916101932525635
2   3.8721089363098145
3   3.619279623031616
4   3.4323203563690186
5   3.699495792388916
6   5.246582984924316
7   4.16548490524292
8   3.9071924686431885
9   3.622436761856079
10   3.869131088256836
11   4.59180212020874
12   4.985095977783203
13   3.560915231704712
14   3.7396416664123535
15   3.674799919128418
16   3.206787109375
17   4.033315181732178
18   3.0499093532562256
19   3.7318999767303467
20   4.221648693084717
21   4.165958881378174
22   3.9463186264038086
23   3.696789026260376
24   3.6646387577056885
25   4.811103820800781
26   5.586236000061035
27   4.921827793121338
28   5.153838634490967
29   4.741400241851807
30   4.53735876083374
31   3.61964750289917
32   3.0601565837860107
33   4.547478199005127
34   5.21746301651001
35   3.6513476371765137
36   4.5658721923828125
37   4.294978618621826
38   4.388111114501953
39   3.758587121963501
40   4.358912944793701
41   4.573831081390381
42   5.308692455291748
43   4.389963626861572
44   4.394763469696045
45   4.539981842041016
46   5.0543293952941895
47   4.56084680557251
48   5.314345359802246
49   4.125791072845459
50   4.459202289581299
51   3.94345760345459
52   3.5576024055480957
53   4.546300411224365
54   4.410581111907959
55   2.9901931285858154
56   3.1099131107330322
57   3.8469624519348145
58   4.42854118347168
59   4.408305644989014
60   5.456990718841553
61   4.098694324493408
62   4.027804374694824
63   5.153497695922852
64   4.407703876495361
65   4.981858253479004
66   5.407174110412598
67   3.2135989665985107
68   5.495449542999268
69   4.240688800811768
70   4.32410192489624
71   4.406886100769043
72   4.002762794494629
73   4.082330226898193
74   3.171869993209839
75   3.4088099002838135
76   4.34718132019043
77   4.724825382232666
78   3.989384651184082
79   3.145848035812378
80   4.804813385009766
81   3.926828622817993
82   5.00636625289917
83   4.845949649810791
84   2.7267091274261475
85   3.909762144088745
86   4.616340160369873
87   3.2538132667541504
88   4.341108322143555
89   3.9972264766693115
90   4.815317630767822
91   4.963686943054199
92   4.269363880157471
93   5.389826774597168
94   4.82865047454834
95   4.537371635437012
96   3.5989644527435303
97   4.375490188598633
98   5.098154544830322
99   4.682516098022461
100   3.7414207458496094
101   4.8408522605896
102   4.388878345489502
103   3.767878770828247
104   4.058546543121338
105   5.942800045013428
106   4.633133888244629
107   4.496152877807617
108   4.8175201416015625
109   4.285475730895996
110   3.7400083541870117
111   3.7435476779937744
112   4.23521614074707
113   4.6649699211120605
114   5.163102626800537
115   3.6226515769958496
116   4.10275411605835
117   5.2462873458862305
118   4.684170246124268
119   5.627553939819336
120   4.780937671661377
121   4.230317115783691
122   4.846848011016846
123   4.854142665863037
124   5.090141296386719
125   4.635356903076172
126   5.023963928222656
127   4.1479363441467285
128   4.189554691314697
129   4.266740322113037
130   4.487937927246094
131   4.442103385925293
132   4.459630489349365
133   6.375809669494629
134   5.473427772521973
135   4.265157699584961
136   3.9018802642822266
137   4.233047962188721
138   4.303118705749512
139   3.695399522781372
140   5.685091018676758
141   4.124579906463623
142   4.2847394943237305
143   3.341240882873535
144   3.688539743423462
145   4.556909561157227
146   6.140108108520508
147   5.110413074493408
148   4.254256725311279
149   4.749411106109619
150   4.516435623168945
151   3.826725721359253
152   3.604646921157837
153   4.446130275726318
154   3.167686700820923
155   3.1778597831726074
156   3.404865264892578
157   3.827617883682251
158   3.5277507305145264
159   3.6850712299346924
160   3.926567792892456
161   3.3976004123687744
162   3.9161605834960938
163   3.5936532020568848
164   4.678703784942627
