1   1.2088063955307007
2   1.3646230697631836
3   1.2323644161224365
4   1.220272183418274
5   1.2851812839508057
6   1.349622130393982
7   1.3794753551483154
8   1.26521897315979
9   1.3992139101028442
10   1.2967860698699951
11   1.3278521299362183
12   1.439289927482605
13   1.715449571609497
14   1.5145665407180786
15   1.3237735033035278
16   1.3421956300735474
17   1.3289403915405273
18   1.4933357238769531
19   1.2527616024017334
20   1.4272371530532837
21   1.4568471908569336
22   1.827577829360962
23   1.5907052755355835
24   1.2735486030578613
25   1.6588218212127686
26   1.6578187942504883
27   1.5528768301010132
28   1.5905892848968506
29   1.6074870824813843
30   1.415745496749878
31   1.4319151639938354
32   1.5040258169174194
33   1.73041832447052
34   1.5232080221176147
35   1.8681392669677734
36   1.6030796766281128
37   1.748050570487976
38   1.6028847694396973
39   1.594897985458374
40   1.8028075695037842
41   1.4209150075912476
42   1.6913669109344482
43   1.4897085428237915
44   1.6363532543182373
45   1.6084598302841187
46   1.8720476627349854
47   1.4911977052688599
48   1.5833137035369873
49   1.751668930053711
50   1.819889783859253
51   1.526710033416748
52   1.9622405767440796
53   1.657405138015747
54   1.6940635442733765
55   2.164275884628296
56   1.5962752103805542
57   1.724820613861084
58   1.7379887104034424
59   1.7021116018295288
60   1.4864360094070435
61   2.0357863903045654
62   1.626465916633606
63   1.7721589803695679
64   1.8073093891143799
65   1.816185712814331
66   1.5916476249694824
67   1.7922290563583374
68   1.3883609771728516
69   1.904252529144287
70   2.241515636444092
71   1.864585518836975
72   1.8577005863189697
73   2.0607850551605225
74   2.0578949451446533
75   2.024611711502075
76   2.3384084701538086
77   1.6972222328186035
78   1.967903971672058
79   1.9052826166152954
80   1.8190820217132568
81   1.77757728099823
82   1.695131778717041
83   1.549550175666809
84   1.5090348720550537
85   2.08539080619812
86   1.5773380994796753
87   1.546757698059082
88   1.4483872652053833
89   1.652163028717041
90   1.597617506980896
91   2.1778721809387207
92   1.9949893951416016
93   1.5740272998809814
94   1.9359899759292603
95   1.8859519958496094
96   1.7715742588043213
97   1.97239351272583
98   1.7105094194412231
99   1.7151070833206177
100   1.8974275588989258
101   1.780606746673584
102   2.105154037475586
103   1.8288086652755737
104   2.062967538833618
105   1.4362621307373047
106   1.7054893970489502
107   1.90569269657135
108   1.9406042098999023
109   1.652127981185913
110   1.6530197858810425
111   1.9370543956756592
112   1.8634262084960938
113   1.5734785795211792
114   1.8000750541687012
115   1.907865285873413
116   1.8496752977371216
117   1.5567337274551392
118   2.0398921966552734
119   1.6659824848175049
120   1.8372248411178589
121   1.771498203277588
122   2.0774075984954834
123   2.0499067306518555
124   1.7363531589508057
125   1.789659857749939
126   1.5436078310012817
127   1.7460129261016846
128   1.6413418054580688
129   1.3956859111785889
130   1.569275975227356
131   1.5279868841171265
132   1.7020386457443237
133   1.587140440940857
134   1.5347946882247925
135   1.6387895345687866
136   1.5218065977096558
137   1.3540592193603516
138   1.6103101968765259
139   1.4412307739257813
140   1.5873574018478394
141   1.6240719556808472
142   1.8646315336227417
143   1.5779902935028076
144   1.299925684928894
145   1.5555033683776855
146   1.4249504804611206
147   1.399771809577942
148   1.4745354652404785
149   1.444480061531067
150   1.4285731315612793
151   1.1432011127471924
152   1.646858811378479
153   1.3940566778182983
154   1.23471999168396
155   1.3944083452224731
156   1.538158655166626
157   1.449514389038086
158   1.4069428443908691
159   1.6110457181930542
160   1.5000274181365967
161   1.4222571849822998
162   1.4097297191619873
163   1.4184858798980713
164   1.3298866748809814
