1   1.1507312059402466
2   1.3210272789001465
3   1.2599804401397705
4   1.2963917255401611
5   1.347537636756897
6   1.381528615951538
7   1.4109386205673218
8   1.3132678270339966
9   1.35808265209198
10   1.1388061046600342
11   1.378532886505127
12   1.4601958990097046
13   1.7202763557434082
14   1.5051661729812622
15   1.3466050624847412
16   1.345603108406067
17   1.4418952465057373
18   1.4856685400009155
19   1.331391453742981
20   1.442116379737854
21   1.5191041231155396
22   1.863631248474121
23   1.711386799812317
24   1.340242862701416
25   1.83884859085083
26   1.6372864246368408
27   1.6060240268707275
28   1.6932685375213623
29   1.6421726942062378
30   1.4466149806976318
31   1.508680820465088
32   1.569171667098999
33   1.8400310277938843
34   1.6120765209197998
35   1.9396551847457886
36   1.699196696281433
37   1.8752530813217163
38   1.699588418006897
39   1.7359071969985962
40   1.857749342918396
41   1.499671459197998
42   1.7993366718292236
43   1.584725022315979
44   1.7212761640548706
45   1.6794688701629639
46   1.8463762998580933
47   1.6112308502197266
48   1.5832633972167969
49   1.8407871723175049
50   1.9751847982406616
51   1.514427661895752
52   2.0154082775115967
53   1.6316256523132324
54   1.8506596088409424
55   2.337738275527954
56   1.5653353929519653
57   1.7588529586791992
58   1.8541258573532104
59   1.8700482845306396
60   1.6078468561172485
61   2.1747753620147705
62   1.623947262763977
63   1.7816346883773804
64   1.913957953453064
65   1.7536015510559082
66   1.6365681886672974
67   1.9023512601852417
68   1.4819670915603638
69   1.9462461471557617
70   2.3251945972442627
71   1.8894131183624268
72   2.0119059085845947
73   2.1932475566864014
74   2.244368553161621
75   2.1225645542144775
76   2.3939931392669678
77   1.7595171928405762
78   2.010885238647461
79   2.0823097229003906
80   1.924354910850525
81   1.8258616924285889
82   1.6331614255905151
83   1.7052351236343384
84   1.6422691345214844
85   2.0613198280334473
86   1.701574683189392
87   1.5761934518814087
88   1.5689756870269775
89   1.6629208326339722
90   1.7137056589126587
91   2.3347582817077637
92   2.180859327316284
93   1.6059640645980835
94   2.0233185291290283
95   1.9965057373046875
96   1.842939853668213
97   2.0305802822113037
98   1.780725121498108
99   1.8118009567260742
100   1.980153203010559
101   1.9242366552352905
102   2.2176358699798584
103   1.8955053091049194
104   2.0746307373046875
105   1.4502359628677368
106   1.6068614721298218
107   1.9020918607711792
108   2.0610599517822266
109   1.582624077796936
110   1.7483205795288086
111   1.9571136236190796
112   1.9129444360733032
113   1.6426513195037842
114   1.797440528869629
115   2.084909677505493
116   2.097386360168457
117   1.6595851182937622
118   2.101578950881958
119   1.8136510848999023
120   1.850656509399414
121   1.6922355890274048
122   2.171279191970825
123   2.1223835945129395
124   1.8646928071975708
125   1.7899820804595947
126   1.62485671043396
127   1.8350800275802612
128   1.8194721937179565
129   1.455138921737671
130   1.7316584587097168
131   1.6973292827606201
132   1.857603907585144
133   1.685462236404419
134   1.6295431852340698
135   1.7859164476394653
136   1.7176721096038818
137   1.4363125562667847
138   1.5959866046905518
139   1.4831408262252808
140   1.7010416984558105
141   1.750376582145691
142   2.0713043212890625
143   1.654371976852417
144   1.3311927318572998
145   1.6985169649124146
146   1.5402437448501587
147   1.5238747596740723
148   1.5501408576965332
149   1.4320788383483887
150   1.488718867301941
151   1.2386314868927002
152   1.7337706089019775
153   1.4819327592849731
154   1.289651870727539
155   1.395761251449585
156   1.6158329248428345
157   1.4764277935028076
158   1.3619400262832642
159   1.6960936784744263
160   1.4799375534057617
161   1.4860330820083618
162   1.399433970451355
163   1.3708112239837646
164   1.254762053489685
