0   0.0
1   0.11493987590074539
2   0.2293166071176529
3   0.18687888979911804
4   0.23629002273082733
5   0.19019010663032532
6   0.29336777329444885
7   0.20296569168567657
8   0.1496579945087433
9   0.3254590928554535
10   0.2958170771598816
11   0.44116732478141785
12   0.5749268531799316
13   0.9456386566162109
14   1.9868495464324951
15   1.7245937585830688
16   1.6743742227554321
17   1.9166290760040283
18   2.1938257217407227
19   1.905530333518982
20   1.9021320343017578
21   1.3615663051605225
22   1.3857365846633911
23   1.3474133014678955
24   1.3491016626358032
25   1.1235283613204956
26   0.7703264951705933
27   1.9750150442123413
28   2.240520477294922
29   2.1603827476501465
30   1.7908328771591187
31   1.6259156465530396
32   1.4229841232299805
33   1.5584088563919067
34   2.097933530807495
35   3.0415406227111816
36   1.43021559715271
37   1.968563199043274
38   2.3696727752685547
39   1.6931381225585938
40   1.8257259130477905
41   1.1151484251022339
42   1.2224929332733154
43   1.0646862983703613
44   1.3225955963134766
45   0.4020853638648987
46   0.872311532497406
47   1.1959820985794067
48   1.2753671407699585
49   0.9740192294120789
50   1.5259509086608887
51   1.818238377571106
52   1.5657484531402588
53   1.5359809398651123
54   1.6762669086456299
55   1.4814084768295288
56   1.4238654375076294
57   1.6256707906723022
58   1.2400990724563599
59   1.4035741090774536
60   1.242580771446228
61   1.538567066192627
62   1.4904075860977173
63   0.9885967373847961
64   0.5529932975769043
65   1.971695899963379
66   1.7392950057983398
67   1.209997534751892
68   1.2957603931427002
69   1.3586132526397705
70   1.5689468383789063
71   1.1705883741378784
72   1.752324104309082
73   1.3297287225723267
74   1.0818381309509277
75   1.8900798559188843
76   2.721290349960327
77   1.7525359392166138
78   1.646431565284729
79   1.640733003616333
80   1.4405049085617065
81   1.7324512004852295
82   1.7704238891601563
83   1.4579098224639893
84   1.640676498413086
85   1.5289013385772705
86   1.4084947109222412
87   1.584268569946289
88   1.7726551294326782
89   1.5779975652694702
90   1.5557581186294556
91   1.274299144744873
92   1.509026288986206
93   1.2652479410171509
94   1.2171887159347534
95   2.149994134902954
96   2.240846872329712
97   1.56682288646698
98   1.163598656654358
99   1.529016137123108
100   1.9975512027740479
101   1.0280197858810425
102   1.1096802949905396
103   0.8704735636711121
104   1.0450351238250732
105   1.5510319471359253
106   1.8803895711898804
107   1.81167733669281
108   1.609800100326538
109   0.8085687756538391
110   1.498289704322815
111   1.9264084100723267
112   1.282624363899231
113   2.019784688949585
114   1.4718031883239746
115   1.7069958448410034
116   1.7257907390594482
117   2.1195809841156006
118   1.124077558517456
119   1.2311867475509644
120   0.9600633978843689
121   1.1892192363739014
122   1.3242305517196655
123   1.8594485521316528
124   2.043065071105957
125   1.4634909629821777
126   0.9727064967155457
127   1.673751711845398
128   1.6073577404022217
129   0.914977490901947
130   1.0820904970169067
131   1.1820300817489624
132   0.9111971259117126
133   0.84187251329422
134   0.7190682888031006
135   1.5532644987106323
136   1.6542561054229736
137   2.1085190773010254
138   1.8098831176757813
139   1.1509110927581787
140   1.0119839906692505
141   1.138237714767456
142   1.0827072858810425
143   0.9424651265144348
144   1.735317587852478
145   1.9301904439926147
146   1.645859718322754
147   1.1403950452804565
148   2.10260009765625
149   1.6955269575119019
150   1.3067117929458618
151   2.064537525177002
152   1.2752217054367065
153   1.2705820798873901
154   1.02908194065094
155   1.5775620937347412
156   1.7124030590057373
157   1.4089629650115967
158   1.5050393342971802
159   1.7374986410140991
160   1.7104982137680054
161   1.6798089742660522
162   0.7455866932868958
163   1.957215666770935
164   1.681499719619751
165   1.229085087776184
166   2.0706918239593506
167   2.776526927947998
168   2.8474764823913574
169   2.4915900230407715
170   1.5722193717956543
171   1.6921741962432861
172   1.6191483736038208
173   1.860517144203186
174   2.3382489681243896
175   2.7894270420074463
176   1.834144115447998
177   2.228038787841797
178   2.541577100753784
179   2.091909170150757
180   2.2147216796875
181   1.739263892173767
182   1.8431109189987183
183   1.341353416442871
184   2.2197375297546387
185   1.3712705373764038
186   1.4878089427947998
187   1.8493107557296753
188   2.0725979804992676
189   1.7120975255966187
190   1.9051473140716553
191   1.8205088376998901
192   1.3289666175842285
193   1.8619017601013184
194   1.734528660774231
195   2.297062873840332
196   1.8284852504730225
197   2.0357255935668945
198   2.112990379333496
199   2.0953209400177
200   2.0252883434295654
201   3.315364122390747
202   1.7524266242980957
203   2.1166529655456543
204   1.515769124031067
205   1.1240397691726685
206   1.3906593322753906
207   1.4074351787567139
208   1.8435150384902954
209   1.2491343021392822
210   1.5296711921691895
211   1.9193989038467407
212   1.5835037231445313
213   1.579052209854126
214   1.497578740119934
