0   0.0
1   1.242357611656189
2   1.1897903680801392
3   1.3840680122375488
4   1.1502876281738281
5   1.2480113506317139
6   1.1208287477493286
7   1.1832290887832642
8   1.16916823387146
9   1.4117151498794556
10   1.6054266691207886
11   1.2594834566116333
12   1.1863776445388794
13   2.354992628097534
14   1.9556647539138794
15   2.372044801712036
16   2.293207883834839
17   2.368441343307495
18   3.7026782035827637
19   3.715327262878418
20   4.836249828338623
21   3.110746145248413
22   4.642460823059082
23   3.726889133453369
24   3.235264301300049
25   2.384441614151001
26   2.910517930984497
27   2.637270450592041
28   1.4453487396240234
29   2.0765955448150635
30   3.570330858230591
31   3.3758814334869385
32   3.8689653873443604
33   2.2185165882110596
34   1.6258018016815186
35   2.0161099433898926
36   3.033924102783203
37   3.0989503860473633
38   2.3109025955200195
39   3.3621344566345215
40   3.260854721069336
41   3.5385215282440186
42   3.9898793697357178
43   3.535806655883789
44   4.1418256759643555
45   3.789376974105835
46   3.968639612197876
47   3.4566292762756348
48   3.425565481185913
49   3.2183828353881836
50   2.7409965991973877
51   3.8226559162139893
52   3.0781397819519043
53   3.440098762512207
54   3.755070447921753
55   2.841722011566162
56   3.931774139404297
57   3.3988213539123535
58   3.4559104442596436
59   3.4975991249084473
60   3.5573744773864746
61   2.689683675765991
62   3.636481761932373
63   4.345927715301514
64   3.291578531265259
65   3.5441629886627197
66   3.19500470161438
67   3.2221333980560303
68   3.6569135189056396
69   2.977048397064209
70   3.8525331020355225
71   3.935274839401245
72   3.3715953826904297
73   2.9113502502441406
74   3.0988504886627197
75   3.533693552017212
76   3.022848129272461
77   3.2531118392944336
78   3.074902057647705
79   3.1254594326019287
80   3.135072946548462
81   3.958317279815674
82   3.6661524772644043
83   3.2074382305145264
84   4.203751564025879
85   2.912216901779175
86   3.5408263206481934
87   2.849208116531372
88   3.664360284805298
89   3.7927770614624023
90   3.414877414703369
91   3.0865073204040527
92   3.55233097076416
93   4.052680015563965
94   3.547487497329712
95   3.4245598316192627
96   2.744033098220825
97   3.529442071914673
98   4.1081743240356445
99   3.565997362136841
100   3.170053720474243
101   2.80924129486084
102   3.7059450149536133
103   3.9286410808563232
104   3.153569459915161
105   4.498295783996582
106   3.335106611251831
107   3.8088130950927734
108   3.81298565864563
109   3.116032600402832
110   3.911606550216675
111   3.2116873264312744
112   3.8562815189361572
113   3.8371822834014893
114   4.064918041229248
115   3.7859084606170654
116   3.380099296569824
117   3.515190601348877
118   4.04576301574707
119   3.175321578979492
120   3.6469173431396484
121   3.3172659873962402
122   2.9588963985443115
123   4.115434169769287
124   3.288783073425293
125   3.487917423248291
126   3.748624801635742
127   4.0127153396606445
128   4.023568630218506
129   2.91546368598938
130   3.667416572570801
131   4.1774749755859375
132   2.840611219406128
133   2.503070831298828
134   3.8565473556518555
135   3.5882601737976074
136   3.240201950073242
137   3.8071327209472656
138   3.4717049598693848
139   3.972783327102661
140   3.719242811203003
141   3.527221441268921
142   4.00056266784668
143   3.740161180496216
144   3.7287044525146484
145   3.941911458969116
146   3.2009220123291016
147   1.537537693977356
148   3.279306173324585
149   3.000471830368042
150   3.919062376022339
151   3.1084604263305664
152   4.730693817138672
153   2.0310609340667725
154   4.10038423538208
155   2.575885057449341
156   3.3718323707580566
157   2.3740696907043457
158   4.695129871368408
159   3.4965219497680664
160   3.1588940620422363
161   3.9115970134735107
162   3.0588200092315674
163   3.4826228618621826
164   3.074085235595703
165   3.819281578063965
166   3.2130768299102783
167   3.792224645614624
168   2.639673948287964
169   3.2493643760681152
170   3.152669668197632
171   3.0472793579101563
172   4.187713146209717
173   2.734809637069702
174   2.3267478942871094
175   3.085974931716919
176   2.7096736431121826
177   3.0933079719543457
178   3.0784473419189453
179   3.316399574279785
180   3.162651538848877
181   3.56480073928833
182   2.938357353210449
183   3.243500232696533
184   3.1090424060821533
185   3.278508424758911
186   3.6737167835235596
187   3.468545913696289
188   3.1221823692321777
189   2.654707431793213
190   3.0811238288879395
191   3.664121627807617
192   2.668606996536255
193   4.002612590789795
194   3.2010321617126465
195   2.5266706943511963
196   3.410209894180298
197   2.765885591506958
198   2.6767632961273193
199   2.9502155780792236
200   2.138735294342041
201   3.34775972366333
202   2.7167551517486572
203   2.9464914798736572
204   2.858194351196289
205   1.6222028732299805
206   2.373617649078369
207   2.5891060829162598
208   4.133713245391846
209   2.3257665634155273
210   4.080651760101318
211   2.4619576930999756
212   3.5431792736053467
213   3.5531558990478516
214   3.3634626865386963
