0   0.0
1   1.9490280151367188
2   2.1393845081329346
3   2.0876641273498535
4   2.005781650543213
5   1.9012082815170288
6   2.1677086353302
7   2.0836164951324463
8   2.0733108520507813
9   2.609013557434082
10   2.8546907901763916
11   3.0159993171691895
12   3.6768288612365723
13   3.733039617538452
14   3.961590051651001
15   5.468719005584717
16   5.5922040939331055
17   5.01112699508667
18   5.35386848449707
19   4.893097400665283
20   4.478139877319336
21   4.5120530128479
22   7.028068542480469
23   5.383806228637695
24   4.202150821685791
25   4.702561855316162
26   5.744201183319092
27   5.5348663330078125
28   5.644561290740967
29   5.196626663208008
30   5.557178974151611
31   5.437959671020508
32   5.598886489868164
33   5.340793132781982
34   6.150534629821777
35   5.203116416931152
36   6.634302139282227
37   7.081180572509766
38   5.321755409240723
39   6.571176528930664
40   5.694859027862549
41   6.848743438720703
42   5.808170318603516
43   5.192677974700928
44   6.011025905609131
45   5.136407375335693
46   4.291058540344238
47   4.988708019256592
48   4.688924312591553
49   5.177600383758545
50   5.036819934844971
51   6.1213154792785645
52   5.28695011138916
53   5.76818323135376
54   5.5953168869018555
55   6.188164234161377
56   5.258697032928467
57   4.5699872970581055
58   5.878845691680908
59   5.073230743408203
60   4.301970958709717
61   4.476585388183594
62   6.005902290344238
63   5.7011613845825195
64   5.465152263641357
65   3.6413733959198
66   4.509736061096191
67   4.401371955871582
68   5.04322624206543
69   3.9312050342559814
70   5.773200511932373
71   5.811222076416016
72   5.906044006347656
73   4.9557108879089355
74   4.63523006439209
75   6.4254913330078125
76   5.384788990020752
77   4.958934783935547
78   5.772153854370117
79   5.633192539215088
80   6.79161262512207
81   6.3556060791015625
82   5.941033363342285
83   6.150818347930908
84   5.818116664886475
85   5.462963104248047
86   6.050874710083008
87   5.790786266326904
88   5.619025707244873
89   6.3998332023620605
90   6.113546848297119
91   6.325102806091309
92   6.355362892150879
93   5.859066009521484
94   4.916203022003174
95   4.941905498504639
96   5.613144397735596
97   4.8562421798706055
98   5.20174503326416
99   5.006157875061035
100   4.703680992126465
101   5.270040988922119
102   4.288407802581787
103   4.986468315124512
104   5.326951503753662
105   4.897985935211182
106   5.359110355377197
107   4.930685043334961
108   5.354214191436768
109   4.285912036895752
110   5.414496898651123
111   5.392017364501953
112   6.396205425262451
113   5.827685832977295
114   6.16902494430542
115   5.949193000793457
116   4.2635016441345215
117   5.89503288269043
118   5.973631858825684
119   6.44678258895874
120   5.431381702423096
121   4.069797515869141
122   5.128683567047119
123   5.604743957519531
124   4.569169044494629
125   6.6632399559021
126   6.438449382781982
127   5.798882961273193
128   6.567774772644043
129   5.55353307723999
130   7.416259765625
131   6.1373186111450195
132   6.20858907699585
133   5.97701358795166
134   4.335372447967529
135   4.708143711090088
136   4.716480255126953
137   4.5476813316345215
138   4.332515716552734
139   4.124316692352295
140   4.336434364318848
141   4.946200370788574
142   5.938769817352295
143   4.598489761352539
144   5.083681106567383
145   4.882040977478027
146   5.901361465454102
147   5.020712852478027
148   5.185402870178223
149   5.5137128829956055
150   5.560965538024902
151   6.160020351409912
152   5.960748672485352
153   6.680629253387451
154   7.51930046081543
155   6.678346157073975
156   6.085829734802246
157   6.868837833404541
158   7.070961952209473
159   6.0964460372924805
160   7.258329391479492
161   7.139718532562256
162   6.542346954345703
163   6.101992607116699
164   6.0846428871154785
165   5.953091621398926
166   6.44551420211792
167   6.967246055603027
168   6.2679972648620605
169   7.568490028381348
170   5.288761138916016
171   6.285585880279541
172   6.2452592849731445
173   6.436160564422607
174   5.865627288818359
175   5.102629661560059
176   6.273992538452148
177   6.314598560333252
178   5.567233085632324
179   5.510324954986572
180   5.772423267364502
181   5.980924606323242
182   5.906411170959473
183   6.286157608032227
184   5.765394687652588
185   6.388866424560547
186   8.033431053161621
187   5.80072021484375
188   6.653552055358887
189   5.5312113761901855
190   6.748004913330078
191   6.934609413146973
192   6.5176849365234375
193   7.794259071350098
194   7.2817535400390625
195   6.349430084228516
196   6.289586067199707
197   5.483558654785156
198   6.105881690979004
199   5.751918792724609
200   5.736759185791016
201   5.549521446228027
202   6.013019561767578
203   6.885376930236816
204   6.707501411437988
205   5.755883693695068
206   6.182795524597168
207   6.2389984130859375
208   6.379388809204102
209   6.996244430541992
210   6.8304572105407715
211   5.926395893096924
212   6.39249849319458
213   5.449216842651367
214   5.507684707641602
