0   0.0
1   0.22030000388622284
2   0.20467016100883484
3   0.2071201056241989
4   0.1995421051979065
5   0.21468918025493622
6   0.20048393309116364
7   0.20951640605926514
8   0.20749373733997345
9   0.2664642930030823
10   0.3008102774620056
11   0.40224015712738037
12   0.5383661389350891
13   0.9476406574249268
14   1.3672484159469604
15   2.0196139812469482
16   2.211616039276123
17   1.659150242805481
18   2.6752359867095947
19   1.8513319492340088
20   1.598780632019043
21   1.5717326402664185
22   2.0499556064605713
23   2.060424566268921
24   2.4539101123809814
25   2.176460027694702
26   1.7627214193344116
27   2.1648409366607666
28   2.0857994556427
29   2.0993337631225586
30   2.247328281402588
31   2.2031280994415283
32   2.193624258041382
33   1.8577405214309692
34   2.1998953819274902
35   2.2164840698242188
36   2.1910946369171143
37   2.255880355834961
38   1.7102327346801758
39   2.190704107284546
40   2.246173858642578
41   2.414886951446533
42   2.067660331726074
43   2.0469627380371094
44   2.467272996902466
45   2.3361361026763916
46   2.037797212600708
47   2.0641422271728516
48   1.977999210357666
49   1.9683146476745605
50   1.9335846900939941
51   2.428694009780884
52   1.9383001327514648
53   2.3742287158966064
54   2.1931955814361572
55   2.303276777267456
56   2.3276894092559814
57   2.3948814868927
58   1.844422698020935
59   1.9052422046661377
60   2.318028688430786
61   2.35892915725708
62   2.0673625469207764
63   2.517118453979492
64   1.8804271221160889
65   2.832584857940674
66   2.1452698707580566
67   1.9790458679199219
68   2.291672468185425
69   2.037716865539551
70   2.2542693614959717
71   2.3792061805725098
72   2.201263189315796
73   2.069357395172119
74   2.2924108505249023
75   2.5796163082122803
76   1.697642207145691
77   2.007716655731201
78   2.227694272994995
79   1.9020706415176392
80   2.0724477767944336
81   2.232078790664673
82   2.6513309478759766
83   2.2652170658111572
84   2.591776132583618
85   2.3506648540496826
86   2.4530272483825684
87   2.5308008193969727
88   2.3075170516967773
89   2.585599184036255
90   2.0457427501678467
91   2.36529278755188
92   2.153151035308838
93   2.2778759002685547
94   2.1807701587677
95   2.4600439071655273
96   2.2693324089050293
97   2.2095696926116943
98   2.187831163406372
99   2.1464264392852783
100   2.1663708686828613
101   2.001286029815674
102   2.2032511234283447
103   2.2733757495880127
104   2.0605671405792236
105   2.173269271850586
106   2.3772382736206055
107   2.535295248031616
108   2.0330698490142822
109   2.075984239578247
110   1.9218751192092896
111   1.9099379777908325
112   2.2478160858154297
113   2.4436514377593994
114   2.2154088020324707
115   2.2493197917938232
116   2.371164321899414
117   2.5192012786865234
118   1.8434994220733643
119   2.2917091846466064
120   2.289297342300415
121   2.0489845275878906
122   2.2785725593566895
123   2.468095541000366
124   1.8486167192459106
125   1.9399858713150024
126   1.8916704654693604
127   1.9611965417861938
128   2.0667855739593506
129   1.8384195566177368
130   2.3419079780578613
131   1.884007215499878
132   2.149106025695801
133   1.6035208702087402
134   1.6930917501449585
135   1.6649163961410522
136   1.40642249584198
137   1.8319289684295654
138   1.7389962673187256
139   1.8221064805984497
140   1.8501479625701904
141   1.834660530090332
142   2.3975841999053955
143   2.0785439014434814
144   2.5698862075805664
145   2.4588794708251953
146   1.6821938753128052
147   1.6115525960922241
148   3.0808610916137695
149   1.8895446062088013
150   2.047351360321045
151   2.459097146987915
152   2.2460598945617676
153   2.0484459400177
154   2.496459722518921
155   2.153390884399414
156   2.3536791801452637
157   2.0676655769348145
158   2.7868642807006836
159   2.5609848499298096
160   2.4153735637664795
161   2.414903163909912
162   2.464538812637329
163   2.535419225692749
164   2.450545310974121
165   2.3242969512939453
166   2.2677464485168457
167   2.3474509716033936
168   2.4608471393585205
169   2.3859784603118896
170   2.201230764389038
171   2.1297051906585693
172   2.6886579990386963
173   2.2049973011016846
174   2.3727545738220215
175   2.572338104248047
176   2.2474186420440674
177   2.2620434761047363
178   2.1605217456817627
179   2.39180064201355
180   2.1451494693756104
181   2.1558120250701904
182   2.2878942489624023
183   2.26301908493042
184   2.18142032623291
185   1.9674556255340576
186   2.3224101066589355
187   2.2344958782196045
188   2.5143728256225586
189   2.3012490272521973
190   2.1834535598754883
191   2.5993573665618896
192   1.9748039245605469
193   2.4080662727355957
194   2.187995195388794
195   2.7712790966033936
196   2.3769307136535645
197   2.113335609436035
198   2.338956594467163
199   2.385341167449951
200   2.62522029876709
201   2.3585610389709473
202   2.2702524662017822
203   2.397562265396118
204   2.581479787826538
205   2.023005485534668
206   2.290214776992798
207   2.5370442867279053
208   2.8780901432037354
209   2.5245163440704346
210   2.7787914276123047
211   2.295358180999756
212   2.2365026473999023
213   2.079770565032959
214   2.429042100906372
