0   0.0
1   0.2150178849697113
2   0.1986285299062729
3   0.19392827153205872
4   0.18549157679080963
5   0.1949724704027176
6   0.17552994191646576
7   0.1916150599718094
8   0.18998302519321442
9   0.2563735246658325
10   0.280987411737442
11   0.39769861102104187
12   0.5268945693969727
13   0.9828071594238281
14   1.3055038452148438
15   2.2181005477905273
16   2.384273052215576
17   1.810976266860962
18   2.8826587200164795
19   1.8355647325515747
20   1.686099886894226
21   1.6375828981399536
22   1.880905032157898
23   1.9937247037887573
24   2.610445261001587
25   2.1313376426696777
26   1.6805318593978882
27   2.291167974472046
28   1.8142255544662476
29   2.1106324195861816
30   1.9881919622421265
31   1.9220013618469238
32   1.9564570188522339
33   1.798909068107605
34   2.30389142036438
35   2.24111008644104
36   2.196981430053711
37   2.187225103378296
38   1.6135438680648804
39   2.001451015472412
40   2.1314380168914795
41   2.3760886192321777
42   1.950151801109314
43   1.9397013187408447
44   2.386931896209717
45   2.1760387420654297
46   1.9189589023590088
47   1.737086534500122
48   2.0138304233551025
49   1.9529832601547241
50   1.800674557685852
51   2.522829532623291
52   1.9226187467575073
53   2.4218766689300537
54   2.139693021774292
55   2.146777868270874
56   2.248502254486084
57   2.5608725547790527
58   1.94451105594635
59   1.8820244073867798
60   2.4600272178649902
61   2.3901333808898926
62   1.827873706817627
63   2.4920401573181152
64   1.8713382482528687
65   3.0198559761047363
66   2.1274707317352295
67   1.825727105140686
68   2.386157274246216
69   2.2000393867492676
70   2.0849950313568115
71   2.1876702308654785
72   2.0541152954101563
73   1.9030208587646484
74   2.415070056915283
75   2.7211008071899414
76   1.7107011079788208
77   2.0086050033569336
78   2.2926690578460693
79   1.8865455389022827
80   2.1958625316619873
81   2.3232505321502686
82   2.659196615219116
83   2.228142499923706
84   2.60526442527771
85   2.420588254928589
86   2.4976418018341064
87   2.6384782791137695
88   2.3001174926757813
89   2.60896635055542
90   2.053433656692505
91   2.4679486751556396
92   2.191479444503784
93   2.2660672664642334
94   2.240753650665283
95   2.5271799564361572
96   2.3574423789978027
97   2.1667871475219727
98   1.9913742542266846
99   2.371697187423706
100   2.159717321395874
101   1.9313914775848389
102   2.4343628883361816
103   2.425248861312866
104   1.9988093376159668
105   2.038689136505127
106   2.4406940937042236
107   2.6176741123199463
108   1.9597359895706177
109   2.069416046142578
110   1.961516261100769
111   1.8388614654541016
112   2.186624526977539
113   2.339027166366577
114   2.2279841899871826
115   2.257441282272339
116   2.455939769744873
117   2.470277786254883
118   1.7355672121047974
119   2.1951980590820313
120   2.0575098991394043
121   2.078350067138672
122   2.1912381649017334
123   2.47420334815979
124   1.888986349105835
125   1.9516147375106812
126   1.822159767150879
127   1.7369869947433472
128   1.953225016593933
129   1.6841739416122437
130   2.0180442333221436
131   1.72217857837677
132   2.1052534580230713
133   1.8240283727645874
134   1.812524437904358
135   1.6352647542953491
136   1.4481514692306519
137   1.8243876695632935
138   1.8797558546066284
139   1.871942400932312
140   1.9436476230621338
141   1.7568279504776
142   2.5688865184783936
143   2.154157876968384
144   2.630946397781372
145   2.665994644165039
146   1.7740710973739624
147   1.760801076889038
148   3.454134941101074
149   1.9368444681167603
150   2.133342981338501
151   2.616058826446533
152   2.1874380111694336
153   2.0096371173858643
154   2.43676495552063
155   2.224893569946289
156   2.4392459392547607
157   2.0096278190612793
158   2.9256370067596436
159   2.6589488983154297
160   2.4546658992767334
161   2.417067766189575
162   2.388644218444824
163   2.539238452911377
164   2.478440999984741
165   2.4108235836029053
166   2.268308162689209
167   2.4358575344085693
168   2.656221389770508
169   2.5273096561431885
170   2.281672477722168
171   2.1234934329986572
172   2.839630603790283
173   2.215089797973633
174   2.3685970306396484
175   2.6759984493255615
176   2.2921254634857178
177   2.3408844470977783
178   2.2657206058502197
179   2.2684051990509033
180   2.0552632808685303
181   2.2348532676696777
182   2.2861719131469727
183   2.329758882522583
184   2.275697708129883
185   2.023080587387085
186   2.2550952434539795
187   2.1286022663116455
188   2.4868009090423584
189   2.29722261428833
190   2.1358370780944824
191   2.68506121635437
192   2.017080068588257
193   2.286672830581665
194   2.1607117652893066
195   2.8246328830718994
196   2.2833504676818848
197   2.0300817489624023
198   2.3407797813415527
199   2.5366549491882324
200   2.877413272857666
201   2.474475145339966
202   2.1805577278137207
203   2.4122328758239746
204   2.7316083908081055
205   1.954714059829712
206   2.2954695224761963
207   2.6854238510131836
208   2.989532947540283
209   2.608257293701172
210   2.699838876724243
211   2.2667250633239746
212   2.2196030616760254
213   1.930532693862915
214   2.48572039604187
