1   3.664599657058716
2   3.296367883682251
3   4.013770580291748
4   3.830997943878174
5   3.8418660163879395
6   3.2727348804473877
7   3.378448724746704
8   3.3348193168640137
9   3.8931045532226563
10   3.023934841156006
11   3.2938337326049805
12   3.519388198852539
13   2.9722917079925537
14   2.475297212600708
15   2.499007225036621
16   3.636570692062378
17   1.5883935689926147
18   2.1397223472595215
19   2.8030600547790527
20   1.915390133857727
21   1.661075234413147
22   3.116209030151367
23   2.4475626945495605
24   2.422555923461914
25   1.807946801185608
26   3.511420488357544
27   2.7634117603302
28   3.169558525085449
29   2.545440435409546
30   3.218074321746826
31   3.3853888511657715
32   2.8587193489074707
33   3.2045397758483887
34   3.4962005615234375
35   3.60935378074646
36   2.619645833969116
37   3.3548827171325684
38   3.255709409713745
39   3.404892921447754
40   1.2873886823654175
41   2.2951433658599854
42   3.087895631790161
43   3.576291799545288
44   3.245723247528076
45   3.278308629989624
46   3.487039566040039
47   3.248387336730957
48   3.586871385574341
49   3.5640974044799805
50   3.710885763168335
51   3.708826780319214
52   1.864106297492981
53   3.37185001373291
54   3.419126510620117
55   2.848017692565918
56   3.6810967922210693
57   3.572904348373413
58   3.3724215030670166
59   3.016373872756958
60   3.646214246749878
61   2.745161533355713
62   3.7771670818328857
63   2.669567584991455
64   3.663862705230713
65   3.3765504360198975
66   3.679746150970459
67   2.906459093093872
68   3.2542436122894287
69   3.5911166667938232
70   3.6477198600769043
71   4.1075921058654785
72   2.069974422454834
73   2.706307888031006
74   3.3969881534576416
75   3.825124979019165
76   2.666579246520996
77   4.53515625
78   4.541697978973389
79   2.7462353706359863
80   2.9262964725494385
81   2.745657205581665
82   3.6124377250671387
83   3.2732508182525635
84   3.7661478519439697
85   4.181127071380615
86   3.290499448776245
87   3.1829488277435303
88   4.244539737701416
89   3.791138172149658
90   3.9634768962860107
91   3.2999746799468994
92   3.737671136856079
93   3.7255687713623047
94   3.4993410110473633
95   3.735015869140625
96   3.8803348541259766
97   4.295013427734375
98   2.308974027633667
99   3.6161580085754395
100   4.093131065368652
101   4.529763221740723
102   2.404740810394287
103   3.1230077743530273
104   3.208472967147827
105   2.7551791667938232
106   3.8806533813476563
107   4.145671844482422
108   3.5881316661834717
109   3.668503761291504
110   3.4420583248138428
111   3.3768787384033203
112   3.8474903106689453
113   2.7179393768310547
114   2.8225512504577637
115   3.5855677127838135
116   3.2549095153808594
117   3.0224149227142334
118   3.904205083847046
119   3.7889323234558105
120   3.7707102298736572
121   4.283032417297363
122   4.3515520095825195
123   3.7100741863250732
124   3.2406771183013916
125   3.406832456588745
126   3.736208438873291
127   4.565415859222412
128   3.2565557956695557
129   3.609959840774536
130   3.853172540664673
131   3.3277060985565186
132   3.3800771236419678
133   2.738586187362671
134   3.981806755065918
135   3.491016387939453
136   3.590139389038086
137   4.151062965393066
138   3.333646774291992
139   3.8937299251556396
140   3.3025548458099365
141   2.555087089538574
142   2.5907819271087646
143   2.3352649211883545
144   3.3100483417510986
145   1.9184818267822266
146   3.0095744132995605
147   2.829887628555298
148   2.2746670246124268
149   2.8558719158172607
150   2.4756245613098145
151   2.908637285232544
152   3.6160459518432617
153   3.9181036949157715
154   3.2752139568328857
155   4.28931188583374
156   3.920372486114502
157   3.8683416843414307
158   3.382918357849121
159   3.1035208702087402
160   4.064593315124512
