1   1.7915760278701782
2   2.2943837642669678
3   1.9492861032485962
4   2.0777089595794678
5   2.49412202835083
6   2.263077735900879
7   2.240114450454712
8   2.245290756225586
9   2.1108102798461914
10   2.3053295612335205
11   2.5523617267608643
12   2.357455253601074
13   2.4380593299865723
14   2.596059799194336
15   2.4033327102661133
16   2.603543281555176
17   2.2988877296447754
18   2.559386968612671
19   2.568397045135498
20   2.3528575897216797
21   2.2938027381896973
22   2.6003551483154297
23   2.5148568153381348
24   2.2946622371673584
25   2.420886278152466
26   2.5307624340057373
27   2.6924917697906494
28   2.477745294570923
29   2.373018741607666
30   2.6199734210968018
31   2.5494585037231445
32   2.438410520553589
33   2.6041619777679443
34   2.613924264907837
35   2.388953924179077
36   2.3583929538726807
37   2.3746402263641357
38   2.3511202335357666
39   2.3467326164245605
40   2.390864133834839
41   2.391552686691284
42   2.421450138092041
43   2.4442639350891113
44   2.3412303924560547
45   2.317791223526001
46   2.3678269386291504
47   2.288489580154419
48   2.2926809787750244
49   2.3093998432159424
50   2.5650224685668945
51   2.264425039291382
52   2.7989888191223145
53   2.422031879425049
54   2.3974204063415527
55   2.7377889156341553
56   2.964106321334839
57   2.5589184761047363
58   2.768129587173462
59   2.5273542404174805
60   2.7160842418670654
61   2.438269853591919
62   2.9802443981170654
63   2.817171812057495
64   3.167396068572998
65   2.8495473861694336
66   2.818225622177124
67   2.7586140632629395
68   2.4936983585357666
69   2.6142382621765137
70   2.1412031650543213
71   2.7435286045074463
72   2.4488346576690674
73   2.5641660690307617
74   2.964184045791626
75   2.7340407371520996
76   2.7596333026885986
77   3.873997449874878
78   3.1406631469726563
79   3.0437660217285156
80   3.1677944660186768
81   2.390855312347412
82   2.419321060180664
83   3.6855993270874023
84   3.3107399940490723
85   2.6768534183502197
86   2.3624861240386963
87   2.916555643081665
88   3.250481605529785
89   3.1648361682891846
90   3.596464157104492
91   3.0041863918304443
92   3.3674445152282715
93   2.966036319732666
94   2.9139528274536133
95   2.778047800064087
96   2.7048192024230957
97   3.2150864601135254
98   3.057359218597412
99   2.9232547283172607
100   3.9807491302490234
101   2.9518280029296875
102   1.7615067958831787
103   2.600677728652954
104   2.411931276321411
105   2.4831113815307617
106   2.1920347213745117
107   2.0754945278167725
108   2.526174306869507
109   2.3608381748199463
110   2.752577543258667
111   2.5181758403778076
112   2.33616042137146
113   2.626415252685547
114   2.47187876701355
115   2.418598175048828
116   2.4010579586029053
117   2.187577962875366
118   2.3572816848754883
119   2.2960126399993896
120   2.5078163146972656
121   2.410695791244507
122   2.453472852706909
123   2.3346810340881348
124   2.4710521697998047
125   2.4341161251068115
126   2.566371202468872
127   2.801337718963623
128   1.9863497018814087
129   1.7709687948226929
130   2.0051896572113037
131   2.1706042289733887
132   2.698347330093384
133   2.1213290691375732
134   2.527883768081665
135   2.479342460632324
136   2.8045217990875244
137   2.9876415729522705
138   2.8946125507354736
139   2.9547500610351563
140   2.8577146530151367
141   2.5187788009643555
142   2.6891536712646484
143   2.2812376022338867
144   2.582132339477539
145   2.82240629196167
146   2.163832426071167
147   2.481492757797241
148   2.7988219261169434
149   2.629889726638794
150   2.8409008979797363
151   2.798067092895508
152   2.256070852279663
153   2.295670747756958
154   2.241777181625366
155   2.8514137268066406
156   2.35209584236145
157   2.5076684951782227
158   2.060633659362793
159   2.3340084552764893
160   2.5835928916931152
