1   1.8612828254699707
2   2.3236958980560303
3   1.9429243803024292
4   2.112630844116211
5   2.498096466064453
6   2.236022710800171
7   2.2590250968933105
8   2.2591896057128906
9   2.070403814315796
10   2.2620162963867188
11   2.5086653232574463
12   2.322675943374634
13   2.37593936920166
14   2.449707269668579
15   2.366420269012451
16   2.557650089263916
17   2.2524967193603516
18   2.384105682373047
19   2.5104668140411377
20   2.236499309539795
21   2.3304357528686523
22   2.5075173377990723
23   2.4008092880249023
24   2.300272226333618
25   2.3073854446411133
26   2.4175362586975098
27   2.581470489501953
28   2.3969807624816895
29   2.321687936782837
30   2.4959118366241455
31   2.48364520072937
32   2.44628643989563
33   2.5278468132019043
34   2.5396037101745605
35   2.34078311920166
36   2.369786500930786
37   2.3207132816314697
38   2.291311264038086
39   2.334808349609375
40   2.369148015975952
41   2.3980069160461426
42   2.3679752349853516
43   2.37553071975708
44   2.3308658599853516
45   2.2742836475372314
46   2.3589062690734863
47   2.284409284591675
48   2.3016622066497803
49   2.316741704940796
50   2.546433925628662
51   2.2752938270568848
52   2.711317777633667
53   2.424546003341675
54   2.4193317890167236
55   2.6415934562683105
56   2.888265371322632
57   2.622375965118408
58   2.729764938354492
59   2.4841437339782715
60   2.57479190826416
61   2.351679801940918
62   2.8934097290039063
63   2.7372214794158936
64   3.0273706912994385
65   2.703488826751709
66   2.7962377071380615
67   2.683483123779297
68   2.455749988555908
69   2.6389307975769043
70   2.2654409408569336
71   2.7447075843811035
72   2.4698047637939453
73   2.4950649738311768
74   2.9012398719787598
75   2.663947582244873
76   2.852613925933838
77   3.6975514888763428
78   3.2152862548828125
79   2.9561047554016113
80   3.0599160194396973
81   2.4078454971313477
82   2.4630579948425293
83   3.403634548187256
84   3.1576952934265137
85   2.621098518371582
86   2.458183526992798
87   2.7840497493743896
88   3.053983449935913
89   3.097736120223999
90   3.5283024311065674
91   2.8451082706451416
92   3.234424352645874
93   2.9617702960968018
94   2.88511061668396
95   2.7481794357299805
96   2.752173662185669
97   3.2607948780059814
98   2.902287483215332
99   2.836181163787842
100   3.7230024337768555
101   2.769510269165039
102   1.9509317874908447
103   2.582200527191162
104   2.395268440246582
105   2.526632308959961
106   2.3683178424835205
107   2.303452253341675
108   2.613854169845581
109   2.587106227874756
110   2.743164300918579
111   2.632593870162964
112   2.4088239669799805
113   2.740159749984741
114   2.549776554107666
115   2.4317381381988525
116   2.4100706577301025
117   2.272554397583008
118   2.400975227355957
119   2.335059404373169
120   2.5885798931121826
121   2.488419532775879
122   2.553518772125244
123   2.408859968185425
124   2.562072515487671
125   2.5327742099761963
126   2.6362149715423584
127   2.617121696472168
128   2.0421090126037598
129   1.8613892793655396
130   2.035726547241211
131   2.268361806869507
132   2.748821258544922
133   2.258491277694702
134   2.7110135555267334
135   2.2943830490112305
136   2.6808149814605713
137   2.8151559829711914
138   2.7477688789367676
139   2.8040971755981445
140   2.750455617904663
141   2.4080989360809326
142   2.6113922595977783
143   2.1924965381622314
144   2.447012186050415
145   2.7466320991516113
146   2.1047513484954834
147   2.373960494995117
148   2.6208856105804443
149   2.500001907348633
150   2.6600453853607178
151   2.608992099761963
152   2.1079177856445313
153   2.3031210899353027
154   2.2211105823516846
155   2.751453399658203
156   2.276918649673462
157   2.543231248855591
158   2.0459001064300537
159   2.200352430343628
160   2.4745380878448486
