1   1.755954623222351
2   1.5720330476760864
3   1.504697322845459
4   1.4174017906188965
5   1.486770749092102
6   1.4401460886001587
7   1.753835678100586
8   1.4049538373947144
9   1.644382357597351
10   1.6821959018707275
11   1.6134586334228516
12   1.6684391498565674
13   1.4254297018051147
14   1.5418180227279663
15   1.8308439254760742
16   1.619926929473877
17   1.730863332748413
18   1.6822638511657715
19   1.6607249975204468
20   1.5757362842559814
21   1.5593119859695435
22   1.4120254516601563
23   1.8288698196411133
24   1.5448954105377197
25   1.2112970352172852
26   1.6384339332580566
27   1.3678432703018188
28   1.3111242055892944
29   1.2886755466461182
30   1.3927141427993774
31   1.2572135925292969
32   1.3982572555541992
33   1.3197360038757324
34   1.2422298192977905
35   1.5751352310180664
36   1.539755940437317
37   1.305147409439087
38   1.414854645729065
39   1.1664294004440308
40   1.2006105184555054
41   1.678311824798584
42   1.1552457809448242
43   1.2148760557174683
44   1.5423856973648071
45   1.4000788927078247
46   1.257422924041748
47   1.290856122970581
48   1.979282259941101
49   1.4471020698547363
50   1.9782816171646118
51   1.201741099357605
52   1.917453408241272
53   1.363417387008667
54   1.8283872604370117
55   1.1463919878005981
56   1.6719932556152344
57   2.157233953475952
58   1.718990683555603
59   2.259141445159912
60   1.4372526407241821
61   1.7105598449707031
62   1.3882343769073486
63   1.6107038259506226
64   1.6540967226028442
65   1.7043181657791138
66   1.6000585556030273
67   1.343161940574646
68   1.8640719652175903
69   2.2659335136413574
70   1.3679883480072021
71   1.0210715532302856
72   1.5595401525497437
73   1.6454111337661743
74   1.0695816278457642
75   1.7029560804367065
76   1.1522588729858398
77   1.4467089176177979
78   1.409867286682129
79   1.3327584266662598
80   1.7491754293441772
81   1.7744861841201782
82   1.6119695901870728
83   1.8483248949050903
84   1.569319248199463
85   1.6699990034103394
86   1.8135626316070557
87   0.9998302459716797
88   1.115425944328308
89   1.705206036567688
90   2.5461363792419434
91   1.528441071510315
92   2.726487636566162
93   1.5736855268478394
94   1.581925868988037
95   2.529179811477661
96   1.8735243082046509
97   1.7046136856079102
98   1.9744607210159302
99   1.0910357236862183
100   1.7044090032577515
101   1.8773465156555176
102   2.1806178092956543
103   2.686577558517456
104   2.358733654022217
105   1.5018168687820435
106   3.276642322540283
107   2.6454734802246094
108   0.8708207607269287
109   2.0461204051971436
110   2.079732656478882
111   2.0065581798553467
112   1.3116813898086548
113   3.0183465480804443
114   3.2562713623046875
115   2.650620698928833
116   1.396223783493042
117   1.8715739250183105
118   1.2301229238510132
119   1.0132606029510498
120   1.5795035362243652
121   2.0089950561523438
122   1.907081961631775
123   1.7160277366638184
124   1.939215064048767
125   1.6721742153167725
126   1.6983466148376465
127   1.0289404392242432
128   1.3735567331314087
129   1.6588470935821533
130   1.730870246887207
131   1.50298273563385
132   1.5226253271102905
133   1.9180961847305298
134   1.5465816259384155
135   1.6705597639083862
136   1.3796956539154053
137   1.5921216011047363
138   1.4122661352157593
139   1.5068433284759521
140   1.6718906164169312
141   1.6218554973602295
142   1.7345820665359497
143   1.7390981912612915
144   1.7649904489517212
145   1.4727250337600708
146   1.4587042331695557
147   1.4028441905975342
148   1.6374375820159912
149   1.691379189491272
150   1.368798017501831
151   1.4644204378128052
152   1.4999412298202515
153   1.5501915216445923
154   1.6854428052902222
155   1.4907127618789673
156   1.6010628938674927
157   1.5975037813186646
158   1.595793604850769
159   1.4580917358398438
160   1.490490436553955
161   1.470943570137024
162   1.5543962717056274
163   1.6611887216567993
164   1.4799134731292725
