1   3.774346113204956
2   3.494357109069824
3   3.7996432781219482
4   3.1020302772521973
5   2.6514699459075928
6   2.8445076942443848
7   2.6781702041625977
8   3.0383975505828857
9   3.6155154705047607
10   4.139781475067139
11   3.0729727745056152
12   3.4951319694519043
13   3.192535877227783
14   2.8051440715789795
15   2.517348051071167
16   3.0024960041046143
17   4.203972816467285
18   3.474968194961548
19   3.222931385040283
20   4.026143550872803
21   3.290989398956299
22   3.05256724357605
23   3.259559392929077
24   3.297529935836792
25   3.1181108951568604
26   3.558504581451416
27   3.413224220275879
28   3.2440855503082275
29   3.5162036418914795
30   3.176203966140747
31   3.932389974594116
32   3.5950801372528076
33   3.8190953731536865
34   4.65710973739624
35   3.524991750717163
36   3.3294713497161865
37   2.9710071086883545
38   3.5417237281799316
39   3.190997362136841
40   3.5315101146698
41   3.7760629653930664
42   3.2418670654296875
43   3.4478113651275635
44   3.4751088619232178
45   3.4404711723327637
46   3.4561960697174072
47   2.98327898979187
48   4.09395170211792
49   4.727668762207031
50   4.0209269523620605
51   2.7964680194854736
52   3.255547046661377
53   3.4526636600494385
54   3.7330403327941895
55   2.6503994464874268
56   3.2893013954162598
57   3.366302967071533
58   3.0098466873168945
59   3.427783489227295
60   2.7938475608825684
61   4.285084247589111
62   2.2336010932922363
63   2.583178997039795
64   3.619858503341675
65   3.9779155254364014
66   3.0540108680725098
67   3.381653070449829
68   3.888688087463379
69   3.4218177795410156
70   3.694171905517578
71   3.0643069744110107
72   2.9587721824645996
73   3.4910192489624023
74   2.9818077087402344
75   3.248162269592285
76   4.435503959655762
77   3.787794351577759
78   3.266915798187256
79   3.7972781658172607
80   3.661283016204834
81   3.727862596511841
82   3.7674291133880615
83   2.5689518451690674
84   2.7238705158233643
85   2.2786834239959717
86   3.245408535003662
87   1.5434632301330566
88   2.337635040283203
89   4.388031005859375
90   3.941559314727783
91   3.5388705730438232
92   3.4561338424682617
93   3.1241908073425293
94   3.33577561378479
95   2.981886148452759
96   2.8869073390960693
97   3.878831624984741
98   3.0794405937194824
99   3.3925986289978027
100   5.059553623199463
101   4.208090305328369
102   4.251835823059082
103   4.754870891571045
104   5.375363826751709
105   4.28417444229126
106   5.098752021789551
107   2.987684726715088
108   3.821226119995117
109   4.8827338218688965
110   3.1607954502105713
111   4.117918014526367
112   3.465928554534912
113   3.9099488258361816
114   4.977677345275879
115   4.507396221160889
116   2.474591016769409
117   3.8754141330718994
118   2.490342855453491
119   3.7297582626342773
120   4.401854038238525
121   3.690800189971924
122   4.488589286804199
123   4.276823043823242
124   5.429914474487305
125   3.6321074962615967
126   3.8158271312713623
127   3.5142390727996826
128   3.083003520965576
129   1.9322330951690674
130   4.264838695526123
131   3.2685115337371826
132   2.465272903442383
133   3.673969030380249
134   3.206787347793579
135   2.9762232303619385
136   3.1131680011749268
137   3.375844717025757
138   2.6843302249908447
139   2.9263288974761963
140   2.81754469871521
141   3.596713066101074
142   3.3910927772521973
143   3.6078782081604004
144   3.930220127105713
145   3.4822144508361816
146   2.674708843231201
147   3.5994184017181396
148   3.7252464294433594
149   3.34782075881958
150   3.4542362689971924
151   3.5783615112304688
152   2.6689300537109375
153   4.171725749969482
154   3.5031495094299316
155   2.4255869388580322
156   3.14709734916687
157   3.730769157409668
158   4.0407562255859375
159   3.103153705596924
160   4.07781982421875
161   4.048701286315918
162   2.6462559700012207
163   3.435967206954956
164   3.7488605976104736
