1   4.437683582305908
2   6.835327625274658
3   6.923959732055664
4   6.043576717376709
5   5.807995319366455
6   7.230043888092041
7   5.471776485443115
8   5.896817207336426
9   5.485527992248535
10   6.184141635894775
11   5.791784763336182
12   5.104332447052002
13   5.800358295440674
14   6.848057270050049
15   6.024604320526123
16   6.64936637878418
17   5.695578575134277
18   6.096078872680664
19   5.537813186645508
20   6.078579425811768
21   5.879669189453125
22   6.574162006378174
23   6.867775917053223
24   5.507602214813232
25   7.1663408279418945
26   6.329339027404785
27   6.288354873657227
28   5.855166912078857
29   5.076016426086426
30   5.609068393707275
31   6.230576515197754
32   6.550323009490967
33   5.814478874206543
34   6.979935646057129
35   7.346499919891357
36   8.342583656311035
37   7.39210319519043
38   7.152738571166992
39   6.209794521331787
40   5.876888751983643
41   7.208611965179443
42   6.496602535247803
43   7.416275501251221
44   7.2059431076049805
45   6.744880676269531
46   5.9507737159729
47   6.641800880432129
48   5.491930961608887
49   5.854438781738281
50   5.47253942489624
51   6.349222660064697
52   6.902236461639404
53   6.710996150970459
54   7.112568378448486
55   5.811730861663818
56   6.386934280395508
57   6.281014442443848
58   5.873195171356201
59   6.6655473709106445
60   6.6289753913879395
61   5.915346145629883
62   5.898031234741211
63   6.798964023590088
64   5.738480567932129
65   5.977916717529297
66   5.519285202026367
67   6.919581413269043
68   6.051628589630127
69   6.602215766906738
70   6.184653282165527
71   5.885734558105469
72   6.2223381996154785
73   6.596390247344971
74   6.623954772949219
75   6.425273418426514
76   7.539051532745361
77   6.447784900665283
78   5.754287242889404
79   7.521934986114502
80   6.190126419067383
81   6.842785358428955
82   6.068798542022705
83   5.047632217407227
84   3.0282626152038574
85   4.542348384857178
86   5.354897975921631
87   4.798727989196777
88   5.174823760986328
89   4.5795578956604
90   6.444057941436768
91   5.687917232513428
92   5.798122406005859
93   5.09221887588501
94   5.869553565979004
95   7.155975341796875
96   5.331850051879883
97   6.086055278778076
98   5.872720241546631
99   5.332817077636719
100   6.64573860168457
101   7.204959869384766
102   7.114471435546875
103   6.9611945152282715
104   4.214344024658203
105   4.236030101776123
106   6.202905654907227
107   6.258607864379883
108   5.644210338592529
109   4.756278038024902
110   4.160792350769043
111   5.0593037605285645
112   6.144710063934326
113   6.161662578582764
114   6.028310775756836
115   5.471097946166992
116   4.7321391105651855
117   5.258563041687012
118   4.655256748199463
119   5.094870567321777
120   5.0366315841674805
121   6.076557159423828
122   4.245731830596924
123   4.9227986335754395
124   5.781707763671875
125   6.706747531890869
126   7.059132099151611
127   6.393482208251953
128   5.969641208648682
129   6.352648735046387
130   5.703855037689209
131   6.4656267166137695
132   5.55703067779541
133   7.267264366149902
134   6.837435722351074
135   6.2874531745910645
136   5.888671398162842
137   5.684803009033203
138   6.523730754852295
139   6.6749701499938965
140   7.09712028503418
141   6.058832168579102
142   5.727804183959961
143   6.155777931213379
144   7.084676265716553
145   7.094806671142578
146   6.498019695281982
147   6.005120277404785
148   5.42767858505249
149   6.671288013458252
150   6.56694221496582
151   5.78318452835083
152   5.400070667266846
153   6.961550712585449
154   6.482829570770264
155   6.415751934051514
156   6.912063121795654
157   5.670400142669678
158   6.508702754974365
159   5.850459575653076
160   6.510709762573242
161   6.451815605163574
162   6.950342655181885
163   6.186684608459473
164   6.9779486656188965
