1   2.1056649684906006
2   1.8221572637557983
3   2.0269381999969482
4   2.4183449745178223
5   2.249049186706543
6   2.3744101524353027
7   2.4809410572052
8   2.320213556289673
9   2.4682350158691406
10   2.524078845977783
11   2.2337894439697266
12   2.277360677719116
13   2.4490468502044678
14   2.3521859645843506
15   2.370195150375366
16   2.439596176147461
17   2.285079002380371
18   2.025775194168091
19   2.276716947555542
20   2.411609172821045
21   2.50203013420105
22   2.221609354019165
23   2.6579244136810303
24   2.321889877319336
25   2.1589419841766357
26   2.2746565341949463
27   1.9703850746154785
28   1.8296393156051636
29   1.792474627494812
30   2.1426901817321777
31   2.6218807697296143
32   2.4197497367858887
33   2.37971830368042
34   2.1667473316192627
35   2.4878337383270264
36   2.6111602783203125
37   2.345092535018921
38   2.672420024871826
39   2.3056232929229736
40   2.349928140640259
41   2.432218551635742
42   2.1838481426239014
43   2.2928619384765625
44   2.5388360023498535
45   2.553152322769165
46   2.278388261795044
47   2.419682741165161
48   2.5022518634796143
49   2.6215577125549316
50   2.4119722843170166
51   2.3745405673980713
52   2.1656641960144043
53   2.107649564743042
54   2.4784083366394043
55   2.457991123199463
56   2.485281229019165
57   2.7943177223205566
58   2.4374444484710693
59   2.5289838314056396
60   2.5320799350738525
61   2.5879125595092773
62   2.484006643295288
63   2.3883187770843506
64   2.453883409500122
65   2.6032521724700928
66   2.3034234046936035
67   2.383002996444702
68   2.4482545852661133
69   2.625565528869629
70   2.316513776779175
71   2.268498659133911
72   2.3766722679138184
73   2.3457727432250977
74   2.1377711296081543
75   2.8241147994995117
76   2.535998821258545
77   2.6212170124053955
78   2.261702537536621
79   2.394737720489502
80   2.2303993701934814
81   2.5162267684936523
82   2.4204821586608887
83   1.947997808456421
84   1.71286141872406
85   1.2392826080322266
86   1.7803117036819458
87   1.5209108591079712
88   1.7324581146240234
89   1.933896780014038
90   1.7255430221557617
91   1.4455941915512085
92   1.794443964958191
93   2.141775608062744
94   1.8482868671417236
95   1.9091867208480835
96   2.079922676086426
97   2.1453614234924316
98   1.8617461919784546
99   2.059138298034668
100   2.7645645141601563
101   2.5847346782684326
102   2.691124677658081
103   2.6925694942474365
104   2.973726987838745
105   2.1851696968078613
106   2.6454639434814453
107   1.68830406665802
108   1.927826166152954
109   2.1071183681488037
110   1.4159455299377441
111   2.0949621200561523
112   2.068498373031616
113   2.0754342079162598
114   2.917351007461548
115   2.3192670345306396
116   1.711830973625183
117   2.022270917892456
118   1.4547799825668335
119   1.7864749431610107
120   1.3724831342697144
121   1.72566819190979
122   1.7635663747787476
123   1.545782446861267
124   2.143646478652954
125   1.56916081905365
126   1.6250673532485962
127   1.8175239562988281
128   1.8577642440795898
129   1.749272108078003
130   1.951098084449768
131   1.6774264574050903
132   1.3511137962341309
133   2.521038293838501
134   2.1694061756134033
135   1.9040148258209229
136   1.371355652809143
137   2.1179237365722656
138   2.08166766166687
139   2.0728251934051514
140   2.265540361404419
141   2.4423718452453613
142   2.2050914764404297
143   2.248389720916748
144   2.6746432781219482
145   2.361686944961548
146   2.6082441806793213
147   2.10852313041687
148   2.316739797592163
149   2.1397221088409424
150   2.3662891387939453
151   2.216026782989502
152   2.246854066848755
153   2.3216612339019775
154   2.408859968185425
155   2.1475021839141846
156   2.0890145301818848
157   2.2283265590667725
158   2.272601842880249
159   2.0670840740203857
160   2.2190113067626953
161   2.3566672801971436
162   2.396602153778076
163   2.2415544986724854
164   2.419379711151123
