1   1.9967235326766968
2   1.950931191444397
3   1.9641335010528564
4   2.4316585063934326
5   2.3053946495056152
6   2.4330010414123535
7   2.531001567840576
8   2.3257458209991455
9   2.4903550148010254
10   2.601356029510498
11   2.2921290397644043
12   2.3131892681121826
13   2.44903826713562
14   2.3312602043151855
15   2.4450998306274414
16   2.54017972946167
17   2.2834792137145996
18   2.0924572944641113
19   2.297532081604004
20   2.440305233001709
21   2.5213561058044434
22   2.2221016883850098
23   2.727494716644287
24   2.333326816558838
25   2.1885831356048584
26   2.293391227722168
27   1.9170873165130615
28   1.88612961769104
29   1.739414095878601
30   2.1406314373016357
31   2.4708192348480225
32   2.288766384124756
33   2.360285520553589
34   1.9839998483657837
35   2.230879545211792
36   2.3569605350494385
37   2.2644689083099365
38   2.7965714931488037
39   2.2400896549224854
40   2.4999845027923584
41   2.409170389175415
42   2.1873135566711426
43   2.3804121017456055
44   2.6186327934265137
45   2.5629777908325195
46   2.3020706176757813
47   2.4423234462738037
48   2.4988205432891846
49   2.6151883602142334
50   2.4656643867492676
51   2.471407413482666
52   2.1603615283966064
53   2.0811965465545654
54   2.5553343296051025
55   2.4434871673583984
56   2.5619006156921387
57   2.890814781188965
58   2.445976972579956
59   2.7061164379119873
60   2.570824146270752
61   2.6636581420898438
62   2.5139400959014893
63   2.5103166103363037
64   2.471280336380005
65   2.626728057861328
66   2.3152387142181396
67   2.3879008293151855
68   2.374856948852539
69   2.665370464324951
70   2.356713056564331
71   2.2738561630249023
72   2.381845712661743
73   2.446852922439575
74   2.217942953109741
75   2.8840787410736084
76   2.6564042568206787
77   2.7359678745269775
78   2.3285701274871826
79   2.4292874336242676
80   2.3018462657928467
81   2.566425085067749
82   2.4646174907684326
83   1.9255261421203613
84   1.636165976524353
85   1.3060530424118042
86   1.8656004667282104
87   1.5967463254928589
88   1.7140271663665771
89   2.0198333263397217
90   1.8109729290008545
91   1.4920991659164429
92   1.8815956115722656
93   2.4545390605926514
94   1.8861973285675049
95   2.0112950801849365
96   1.8859522342681885
97   1.8700562715530396
98   1.6361699104309082
99   1.9645798206329346
100   2.599642515182495
101   2.3615643978118896
102   2.446279525756836
103   2.477473735809326
104   2.958383560180664
105   2.2059268951416016
106   2.5873119831085205
107   1.4787254333496094
108   1.859092354774475
109   2.076310396194458
110   1.5333011150360107
111   1.9008489847183228
112   1.8828426599502563
113   1.9767725467681885
114   2.7573013305664063
115   2.1927032470703125
116   1.5859575271606445
117   1.903620719909668
118   1.2708063125610352
119   1.7856422662734985
120   1.3931301832199097
121   1.7575563192367554
122   1.7938883304595947
123   1.4909322261810303
124   2.217327833175659
125   1.548856496810913
126   1.677341341972351
127   1.9709453582763672
128   1.6433194875717163
129   1.8359047174453735
130   2.1336441040039063
131   1.7636058330535889
132   1.4662789106369019
133   2.7380805015563965
134   2.4108939170837402
135   1.98750638961792
136   1.4039665460586548
137   2.204075813293457
138   2.1608331203460693
139   2.2370965480804443
140   2.318424701690674
141   2.352435350418091
142   2.083040952682495
143   2.1718430519104004
144   2.5577762126922607
145   2.2069642543792725
146   2.555539131164551
147   1.9730169773101807
148   2.1909024715423584
149   2.091808795928955
150   2.194197416305542
151   2.0979347229003906
152   2.2281970977783203
153   2.2461066246032715
154   2.2637603282928467
155   2.091996431350708
156   1.9994817972183228
157   2.174913167953491
158   2.2141637802124023
159   2.0140466690063477
160   2.121317148208618
161   2.3187363147735596
162   2.410233736038208
163   2.218303918838501
164   2.3728678226470947
