0   0.0
1   0.15683318674564362
2   0.2408290058374405
3   0.18385690450668335
4   0.1811688393354416
5   0.13839322328567505
6   0.2096235454082489
7   0.2335388958454132
8   0.19832970201969147
9   1.2408939599990845
10   1.71851646900177
11   1.6188218593597412
12   2.5569908618927
13   1.6162172555923462
14   1.628174066543579
15   2.2038540840148926
16   2.6952991485595703
17   1.0955501794815063
18   1.709488868713379
19   1.7915767431259155
20   1.3638031482696533
21   1.9486147165298462
22   1.891352653503418
23   1.3417096138000488
24   1.6129876375198364
25   1.9234497547149658
26   1.519017219543457
27   1.9473042488098145
28   2.080827474594116
29   1.9252896308898926
30   2.384211540222168
31   2.107374668121338
32   1.9206687211990356
33   2.301370859146118
34   2.186020612716675
35   1.958554744720459
36   2.760159969329834
37   1.794126272201538
38   2.1481800079345703
39   1.9929817914962769
40   2.063920259475708
41   1.8011488914489746
42   2.115574836730957
43   1.6531096696853638
44   1.7367701530456543
45   1.8928877115249634
46   1.8412556648254395
47   1.758226990699768
48   1.559227466583252
49   1.7887051105499268
50   1.7067489624023438
51   1.0107237100601196
52   1.1757404804229736
53   2.195897340774536
54   2.6460626125335693
55   2.52852463722229
56   1.840649127960205
57   2.150376081466675
58   2.1911795139312744
59   1.4638479948043823
60   1.8282723426818848
61   2.363016128540039
62   1.7927429676055908
63   1.6882749795913696
64   2.397890329360962
65   2.0184879302978516
66   2.031989812850952
67   1.0849010944366455
68   0.8679709434509277
69   1.0759831666946411
70   0.6711042523384094
71   1.1194692850112915
72   1.8080865144729614
73   1.878734827041626
74   2.2270281314849854
75   2.020293951034546
76   1.715545415878296
77   1.132568359375
78   0.9748133420944214
79   0.9928866624832153
80   1.4219346046447754
81   1.4199949502944946
82   1.0582622289657593
83   0.7439782619476318
84   1.170626163482666
85   0.9579185247421265
86   0.7695163488388062
87   0.9995879530906677
88   1.0503337383270264
89   2.278169870376587
90   1.8050553798675537
91   1.7968753576278687
92   1.7847468852996826
93   1.7954457998275757
94   1.9797013998031616
95   1.776382565498352
96   1.6009612083435059
97   1.130732774734497
98   0.945502519607544
99   0.8077530264854431
100   0.808411180973053
101   0.8176860213279724
102   2.138847589492798
103   1.7904287576675415
104   1.5260218381881714
105   1.4937446117401123
106   2.108293294906616
107   2.515014410018921
108   1.6600080728530884
109   2.4710519313812256
110   2.0751383304595947
111   2.303724527359009
112   1.9835649728775024
113   1.419420838356018
114   1.515899658203125
115   1.1592886447906494
116   1.5339654684066772
117   1.4977055788040161
118   1.881806492805481
119   1.703126311302185
120   1.9311589002609253
121   2.084078550338745
122   0.8256194591522217
123   0.592998206615448
124   0.9192469120025635
125   1.2808301448822021
126   1.0332047939300537
127   0.721801221370697
128   0.9286884069442749
129   0.9820470809936523
130   0.7157384157180786
131   2.2885615825653076
132   1.9660024642944336
133   2.0644030570983887
134   0.8627670407295227
135   0.9930559992790222
136   1.3056706190109253
137   0.8513878583908081
138   1.6753000020980835
139   1.7885576486587524
140   1.9457937479019165
141   1.828843116760254
142   1.9424474239349365
143   1.6565744876861572
144   1.2006551027297974
145   1.4854713678359985
146   2.460716485977173
147   0.9354763627052307
148   0.9722555875778198
149   1.0156763792037964
150   1.6275551319122314
151   0.893825113773346
152   2.4418859481811523
153   2.488610029220581
154   2.3992037773132324
155   2.0865156650543213
156   2.141435146331787
157   2.4815895557403564
158   2.202173948287964
159   2.380826950073242
160   2.304213047027588
161   1.7192093133926392
162   2.332746744155884
163   2.4691357612609863
164   1.459782600402832
165   0.803665280342102
166   1.134252667427063
167   1.2224303483963013
168   1.2398290634155273
169   0.9576855897903442
170   0.7376123666763306
171   1.4934916496276855
172   1.0052738189697266
173   1.8653883934020996
174   2.1367597579956055
175   1.4144543409347534
176   2.474412679672241
177   2.085178852081299
178   2.2173941135406494
179   2.1064186096191406
180   2.9310648441314697
181   2.357215166091919
182   2.327540159225464
183   2.3358371257781982
184   2.1297504901885986
185   1.6151641607284546
186   1.937022089958191
187   2.22615909576416
188   1.7324824333190918
189   2.027784585952759
190   2.5269150733947754
191   1.1248282194137573
192   1.7623556852340698
193   1.1372193098068237
194   1.7076151371002197
195   2.7734670639038086
196   1.4001356363296509
197   1.3533233404159546
198   1.0202693939208984
199   0.6555314064025879
200   0.9758580327033997
201   1.1713268756866455
202   1.1535907983779907
203   1.1692365407943726
204   0.816452145576477
205   1.2824387550354004
206   1.143591046333313
207   0.8278636932373047
208   2.2619407176971436
1   2.0633010864257813
2   1.8940000534057617
3   1.8438303470611572
4   1.8307092189788818
5   1.3974894285202026
6   1.6177576780319214
7   1.8068068027496338
8   2.146170139312744
9   1.680606484413147
10   2.226043701171875
11   2.0257303714752197
12   0.728026807308197
13   1.373331069946289
14   1.7447272539138794
15   0.7729983925819397
16   0.8751389980316162
17   1.1434626579284668
18   0.7374325394630432
19   1.0515586137771606
20   1.249910831451416
1   1.8156510591506958
2   1.9075483083724976
3   1.6845968961715698
4   1.6564782857894897
5   1.817933440208435
6   1.5710359811782837
7   1.9170502424240112
8   1.8648680448532104
9   1.6903764009475708
10   1.9147520065307617
11   1.8374102115631104
12   1.9894740581512451
13   1.9094178676605225
14   1.600637435913086
15   1.763274073600769
16   1.7068138122558594
17   1.8964166641235352
18   1.7340810298919678
19   1.907857060432434
20   1.785359263420105
21   1.613751769065857
22   1.8265912532806396
23   1.7683674097061157
24   1.7677475214004517
25   1.9714934825897217
26   1.8662384748458862
27   1.7702184915542603
28   1.818053126335144
29   1.5831066370010376
30   1.8940215110778809
31   1.9833999872207642
32   1.50283682346344
33   1.5960438251495361
34   1.8450695276260376
35   2.0075087547302246
36   1.6913411617279053
37   1.621395230293274
38   1.745787262916565
39   1.7816057205200195
40   1.9416965246200562
41   1.6180418729782104
42   1.4418615102767944
43   1.9722636938095093
44   1.6517285108566284
45   1.9746512174606323
46   1.7490092515945435
47   1.8804256916046143
48   1.7256470918655396
49   1.7727940082550049
50   1.5872406959533691
51   1.5466985702514648
52   1.415698766708374
53   1.7933728694915771
54   1.6008573770523071
55   1.9435243606567383
56   1.5242170095443726
57   1.9719871282577515
58   1.7892364263534546
59   1.3882429599761963
60   1.884718894958496
61   1.546581506729126
62   1.7066669464111328
63   1.611143946647644
64   1.7793842554092407
65   1.8553283214569092
66   1.7021915912628174
67   1.6525750160217285
68   1.7663456201553345
69   1.7550157308578491
70   1.711071491241455
71   1.6268502473831177
72   1.942933201789856
73   1.7286006212234497
74   1.7670806646347046
75   1.84321129322052
76   1.6823538541793823
77   1.9801349639892578
78   1.6933813095092773
79   1.8223259449005127
80   1.9377682209014893
81   1.7385129928588867
82   1.8920817375183105
83   1.7093552350997925
84   1.8923993110656738
85   1.6769133806228638
86   1.8361930847167969
87   1.4852137565612793
88   1.9399080276489258
89   1.663923740386963
90   1.5406814813613892
91   1.628896713256836
92   1.7033675909042358
93   1.6015632152557373
94   2.0624806880950928
95   1.4686787128448486
96   1.6959108114242554
97   1.8854408264160156
98   1.9213261604309082
99   2.053130865097046
100   1.978156566619873
101   1.5308337211608887
102   1.68471360206604
103   1.6313518285751343
104   1.7645292282104492
105   1.9047471284866333
106   1.9833784103393555
107   1.681349515914917
108   1.607639193534851
109   1.7575602531433105
110   1.7394096851348877
111   1.6154121160507202
112   1.8401151895523071
113   1.9839774370193481
114   1.6959148645401
115   1.5169504880905151
116   1.4725474119186401
117   2.031585693359375
118   1.8752638101577759
119   1.9664133787155151
120   1.7623189687728882
121   1.7935383319854736
122   1.851245403289795
123   2.231787919998169
124   2.125343084335327
125   1.7621599435806274
126   1.7606197595596313
127   1.7958580255508423
128   1.7708423137664795
129   2.0315985679626465
130   1.8019678592681885
131   1.8438589572906494
132   1.7759556770324707
133   1.563712239265442
134   1.7718875408172607
135   1.7932000160217285
136   1.774741291999817
137   1.7957897186279297
138   1.7591453790664673
139   1.736501693725586
140   2.050708055496216
141   1.923186182975769
142   1.6316629648208618
143   1.691877007484436
144   1.930574893951416
145   1.853737473487854
146   1.8553376197814941
147   1.5607991218566895
148   1.7325586080551147
149   1.8168083429336548
150   1.7142366170883179
151   1.7524826526641846
152   1.7443500757217407
153   1.9157402515411377
154   1.72491455078125
155   2.065291404724121
156   1.8033689260482788
157   1.9332289695739746
158   1.9516297578811646
159   2.02571439743042
160   1.5755283832550049
1   1.9928603172302246
2   1.8694473505020142
3   1.679603934288025
4   1.9022067785263062
5   2.1856420040130615
6   1.9597738981246948
7   1.8904565572738647
8   1.6025367975234985
9   1.942012071609497
10   1.8096058368682861
11   2.0570764541625977
12   1.5786094665527344
13   1.3660024404525757
14   2.013078451156616
15   2.2394232749938965
16   2.0245418548583984
17   2.086230516433716
18   2.03088116645813
19   1.8894120454788208
20   1.639826774597168
21   1.306857705116272
22   2.1161441802978516
23   1.8568679094314575
24   1.7710654735565186
25   2.158188819885254
26   1.8424320220947266
27   2.188695192337036
28   1.5416587591171265
29   1.662542700767517
30   1.5986701250076294
31   1.8742042779922485
32   1.630611777305603
33   2.0356228351593018
34   1.9221216440200806
35   1.973770022392273
36   1.899044394493103
37   1.6028735637664795
38   1.432121992111206
39   1.8567858934402466
40   1.70625638961792
41   1.8100346326828003
42   1.6374047994613647
43   1.6397571563720703
44   1.8339581489562988
45   1.6079766750335693
46   1.8891948461532593
47   2.1245522499084473
48   2.191185712814331
49   2.5763919353485107
50   1.5225986242294312
51   2.152212142944336
52   1.4646562337875366
53   2.2023041248321533
54   1.841954231262207
55   1.8483413457870483
56   1.3265926837921143
57   1.7704062461853027
58   2.084414005279541
59   2.57643461227417
60   1.555113434791565
61   2.611304759979248
62   1.541844129562378
63   2.08260440826416
64   1.6792737245559692
65   1.7699960470199585
66   3.062131404876709
67   1.0705857276916504
68   1.8074952363967896
69   1.9018698930740356
70   1.5432783365249634
71   1.9597164392471313
72   1.2180811166763306
73   1.3424417972564697
74   2.171394109725952
75   1.5091837644577026
76   2.7595374584198
77   2.20637845993042
78   1.3995609283447266
79   1.5084854364395142
80   1.8764539957046509
81   2.700403928756714
82   1.947841763496399
83   1.023880124092102
84   1.934021234512329
85   1.9747776985168457
86   1.9339306354522705
87   2.196467399597168
88   1.307464599609375
89   1.3446862697601318
90   1.816983699798584
91   1.1645786762237549
92   1.18304443359375
93   0.7033880352973938
94   1.0397140979766846
95   1.0104693174362183
96   1.3098336458206177
97   1.2287170886993408
98   0.8766154050827026
99   1.2860881090164185
100   0.9990655183792114
101   1.6062630414962769
102   0.9643685817718506
103   1.663535475730896
104   1.1781151294708252
105   1.5437824726104736
106   1.2016249895095825
107   1.1269640922546387
108   1.4247080087661743
109   1.193547248840332
110   0.9192948937416077
111   1.4865199327468872
112   1.2105307579040527
113   1.0967168807983398
114   0.8066455721855164
115   1.6501811742782593
116   1.771795630455017
117   1.968662977218628
118   2.2527852058410645
119   1.647996425628662
120   1.9899216890335083
121   1.6982011795043945
122   1.7119300365447998
123   2.1905517578125
124   1.5995641946792603
125   2.1756961345672607
126   2.1366400718688965
127   1.4296683073043823
128   2.2014451026916504
129   2.2897188663482666
130   1.634096622467041
131   1.4393566846847534
132   1.4047867059707642
133   1.2791149616241455
134   1.8238035440444946
135   1.9028711318969727
136   2.094742774963379
137   1.7056628465652466
138   1.5362399816513062
139   2.1503171920776367
140   1.7222250699996948
141   1.4154046773910522
142   1.5328216552734375
143   1.8172134160995483
144   1.7639946937561035
145   2.154191732406616
146   2.022953748703003
147   1.7074936628341675
148   1.9886304140090942
149   1.5301445722579956
150   2.045295238494873
151   2.0567567348480225
152   1.250429630279541
153   1.788813829421997
154   1.8175790309906006
155   1.861550211906433
156   1.7152758836746216
157   1.4656002521514893
158   1.6504936218261719
159   1.9780042171478271
160   1.9488569498062134
161   1.988254427909851
162   2.2006585597991943
163   1.7275854349136353
164   1.68000066280365
