# 1
#          0         1       180  0

 0.5  0
 1.5  0
 2.5  0
 3.5  0
 4.5  0
 5.5  0
 6.5  0
 7.5  0
 8.5  0
 9.5  0
 10.5  0
 11.5  0
 12.5  0
 13.5  0
 14.5  0
 15.5  0
 16.5  0
 17.5  0
 18.5  0
 19.5  0
 20.5  0
 21.5  0
 22.5  0
 23.5  0
 24.5  0
 25.5  0
 26.5  0
 27.5  0
 28.5  0
 29.5  0
 30.5  0
 31.5  0
 32.5  0
 33.5  0
 34.5  0
 35.5  0
 36.5  0
 37.5  0
 38.5  0
 39.5  0
 40.5  0
 41.5  0
 42.5  0
 43.5  0
 44.5  0
 45.5  0
 46.5  0
 47.5  0
 48.5  0
 49.5  0
 50.5  0
 51.5  0
 52.5  0
 53.5  0
 54.5  0
 55.5  0
 56.5  0
 57.5  0
 58.5  0
 59.5  0
 60.5  0
 61.5  0
 62.5  0
 63.5  0
 64.5  0
 65.5  0
 66.5  0
 67.5  0
 68.5  0
 69.5  0
 70.5  0
 71.5  0
 72.5  0
 73.5  0
 74.5  0
 75.5  0
 76.5  0
 77.5  0
 78.5  0
 79.5  0
 80.5  0
 81.5  0
 82.5  0
 83.5  0
 84.5  0
 85.5  0
 86.5  0
 87.5  0
 88.5  0
 89.5  0
 90.5  0
 91.5  0
 92.5  0
 93.5  0
 94.5  0
 95.5  0
 96.5  0
 97.5  0
 98.5  0
 99.5  0
 100.5  0
 101.5  0
 102.5  0
 103.5  0
 104.5  0
 105.5  0
 106.5  0
 107.5  0
 108.5  0
 109.5  0
 110.5  0
 111.5  0
 112.5  0
 113.5  0
 114.5  0
 115.5  0
 116.5  0
 117.5  0
 118.5  0
 119.5  0
 120.5  0
 121.5  0
 122.5  0
 123.5  0
 124.5  0
 125.5  0
 126.5  0
 127.5  0
 128.5  0
 129.5  0
 130.5  0
 131.5  0
 132.5  0
 133.5  0
 134.5  28
 135.5  553
 136.5  906
 137.5  2551
 138.5  6325
 139.5  11571
 140.5  15975
 141.5  26832
 142.5  50911
 143.5  84059
 144.5  139810
 145.5  215572
 146.5  292305
 147.5  391548
 148.5  470474
 149.5  515955
 150.5  537588
 151.5  532044
 152.5  492976
 153.5  408498
 154.5  303142
 155.5  205033
 156.5  135759
 157.5  83403
 158.5  42244
 159.5  20251
 160.5  8326
 161.5  3821
 162.5  1300
 163.5  586
 164.5  156
 165.5  0
 166.5  0
 167.5  0
 168.5  0
 169.5  0
 170.5  0
 171.5  0
 172.5  0
 173.5  0
 174.5  0
 175.5  0
 176.5  0
 177.5  0
 178.5  0
 179.5  0
