0   0.0
1   0.18763796985149384
2   0.1759706735610962
3   0.19011668860912323
4   0.17805877327919006
5   0.1822868138551712
6   0.17797860503196716
7   0.16885901987552643
8   0.18043720722198486
9   0.9042189121246338
10   1.0191677808761597
11   1.0784295797348022
12   1.0773545503616333
13   1.140984296798706
14   1.2054615020751953
15   1.0848355293273926
16   1.2086437940597534
17   1.4478799104690552
18   1.2731083631515503
19   1.1402145624160767
20   1.1262309551239014
21   1.1612502336502075
22   1.0277572870254517
23   1.2629029750823975
24   1.1380329132080078
25   1.1489397287368774
26   1.1380550861358643
27   1.291897177696228
28   1.5077370405197144
29   1.4126485586166382
30   1.1377850770950317
31   1.16046941280365
32   1.2043585777282715
33   1.1132241487503052
34   1.198766827583313
35   1.1671704053878784
36   1.1111702919006348
37   1.4653370380401611
38   1.2176690101623535
39   1.1863552331924438
40   1.2010343074798584
41   1.3021973371505737
42   1.2586148977279663
43   1.0721601247787476
44   1.2541617155075073
45   1.0799319744110107
46   0.9714353680610657
47   1.0768717527389526
48   0.9814620614051819
49   1.0774153470993042
50   1.0762834548950195
51   1.2011535167694092
52   1.0887658596038818
53   1.286815881729126
54   1.3328319787979126
55   1.2407337427139282
56   1.1437126398086548
57   1.1924399137496948
58   1.3032339811325073
59   1.084068775177002
60   1.2653272151947021
61   0.9963284730911255
62   1.01840078830719
63   1.0265048742294312
64   1.3311333656311035
65   1.2326109409332275
66   1.2408699989318848
67   1.0739151239395142
68   1.1146823167800903
69   1.084751009941101
70   1.2127732038497925
71   1.1559542417526245
72   1.039770245552063
73   1.3520352840423584
74   1.1208937168121338
75   1.0268046855926514
76   1.1783521175384521
77   1.154418706893921
78   1.1656227111816406
79   1.0866488218307495
80   1.07932448387146
81   1.1834033727645874
82   1.0763530731201172
83   1.1527624130249023
84   1.1032350063323975
85   1.1897366046905518
86   1.27597177028656
87   1.132662296295166
88   1.0421737432479858
89   0.9933582544326782
90   1.244232416152954
91   1.223921298980713
92   1.1067662239074707
93   1.115477442741394
94   1.252522587776184
95   1.1239477396011353
96   1.013944387435913
97   1.1053403615951538
98   1.0839135646820068
99   1.073419451713562
100   1.180357575416565
101   1.0553250312805176
102   1.082119345664978
103   1.1760003566741943
104   1.1650751829147339
105   1.2300493717193604
106   1.194150447845459
107   1.4012118577957153
108   1.4722521305084229
109   1.2958792448043823
110   1.221733570098877
111   1.3056681156158447
112   1.0338964462280273
113   1.2176326513290405
114   1.220435619354248
115   0.9912554621696472
116   0.9585592150688171
117   1.05446195602417
118   1.3402435779571533
119   1.1816965341567993
120   1.2293469905853271
121   1.454940676689148
122   1.0971928834915161
123   1.144776701927185
124   1.1989089250564575
125   1.2248835563659668
126   1.1344499588012695
127   1.2823840379714966
128   1.2151118516921997
129   1.2356276512145996
130   1.2118474245071411
131   1.1049895286560059
132   1.2901078462600708
133   1.193530797958374
134   1.3114482164382935
135   1.1448659896850586
136   1.2396048307418823
137   1.0945205688476563
138   1.2271078824996948
139   1.373409390449524
140   1.030214786529541
141   1.111879825592041
142   1.1710792779922485
143   1.0336552858352661
144   1.0113917589187622
145   1.0394270420074463
146   1.335053563117981
147   1.2764918804168701
148   1.2180198431015015
149   1.409647822380066
150   1.1520053148269653
151   1.1527538299560547
152   1.265426754951477
153   1.0521583557128906
154   1.1277419328689575
155   1.133245825767517
156   1.2060530185699463
157   1.2814229726791382
158   1.1330384016036987
159   1.0197936296463013
160   1.3014872074127197
161   1.1003891229629517
162   1.1911876201629639
163   1.2144047021865845
164   1.1304383277893066
165   1.2863397598266602
166   1.2548433542251587
167   1.1670351028442383
168   1.0895203351974487
169   1.4919357299804688
170   1.1146173477172852
171   1.4364099502563477
172   1.027546763420105
173   1.0751835107803345
174   1.1181317567825317
175   1.1964995861053467
176   1.2647535800933838
177   1.2528544664382935
178   1.152869462966919
179   1.06742262840271
180   1.5201915502548218
181   1.2460064888000488
182   1.106548547744751
183   1.2105326652526855
184   1.4337940216064453
185   1.1057862043380737
186   1.215248942375183
187   1.1462618112564087
188   1.287048578262329
189   1.1619980335235596
190   1.101665735244751
191   1.0753785371780396
192   1.1754729747772217
193   1.3568639755249023
194   1.281658411026001
195   1.305561900138855
196   1.2110567092895508
197   1.315202236175537
198   1.2907798290252686
199   1.2257369756698608
200   1.066916823387146
201   1.3376476764678955
202   1.3756821155548096
203   1.2009581327438354
204   1.1234873533248901
205   1.1676312685012817
206   1.2634186744689941
207   1.3256785869598389
208   1.4435603618621826
1   1.2993203401565552
2   1.6250429153442383
3   1.3807804584503174
4   1.4512406587600708
5   1.4914774894714355
6   1.700104832649231
7   1.3412060737609863
8   1.633663535118103
9   1.643298864364624
10   1.5219117403030396
11   1.7161756753921509
12   1.644782543182373
13   1.6992237567901611
14   1.5679399967193604
15   1.4298412799835205
16   1.4862686395645142
17   1.5761101245880127
18   1.615616798400879
19   1.7896286249160767
20   1.7759721279144287
1   1.7525262832641602
2   1.5426374673843384
3   1.53678560256958
4   1.6778990030288696
5   1.5228543281555176
6   1.7291489839553833
7   1.3346444368362427
8   1.5676859617233276
9   1.530608892440796
10   1.430749773979187
11   1.245176076889038
12   1.252520203590393
13   1.4984055757522583
14   1.2501513957977295
15   1.56366765499115
16   1.4949071407318115
17   1.3561867475509644
18   1.5214686393737793
19   1.4480116367340088
20   1.6157845258712769
21   1.5691856145858765
22   1.698304295539856
23   1.7022660970687866
24   1.7020690441131592
25   1.6054253578186035
26   1.5936254262924194
27   1.8545904159545898
28   1.6169430017471313
29   1.8044885396957397
30   1.6251822710037231
31   1.7726161479949951
32   1.6243338584899902
33   1.6122409105300903
34   1.4153330326080322
35   1.689440369606018
36   1.4260053634643555
37   1.4293767213821411
38   1.4725831747055054
39   1.5232913494110107
40   1.5326155424118042
41   1.656944751739502
42   1.4011014699935913
43   1.38900887966156
44   1.8196179866790771
45   1.5758506059646606
46   1.569546103477478
47   1.4838299751281738
48   1.4852186441421509
49   1.5685652494430542
50   1.4957354068756104
51   1.5440826416015625
52   1.6681915521621704
53   1.6110321283340454
54   1.454923152923584
55   1.8093067407608032
56   1.2708698511123657
57   1.632535457611084
58   1.3565813302993774
59   1.6340361833572388
60   1.4343223571777344
61   1.4098941087722778
62   1.4358807802200317
63   1.6419780254364014
64   1.5382052659988403
65   1.3050084114074707
66   1.5030338764190674
67   1.4430313110351563
68   1.5942981243133545
69   1.446476697921753
70   1.4923155307769775
71   1.6100412607192993
72   1.3729805946350098
73   1.719645619392395
74   1.5231844186782837
75   1.210373044013977
76   1.6571623086929321
77   1.6738499402999878
78   1.713250756263733
79   1.4114433526992798
80   1.6586940288543701
81   1.5254230499267578
82   1.5317639112472534
83   1.6998493671417236
84   1.5400391817092896
85   1.4873729944229126
86   1.529688835144043
87   1.3561309576034546
88   1.6635489463806152
89   1.583882451057434
90   1.6744601726531982
91   1.5731452703475952
92   1.4478063583374023
93   1.5729159116744995
94   1.5534950494766235
95   1.4868853092193604
96   1.5977025032043457
97   1.570241093635559
98   1.4612246751785278
99   1.4248454570770264
100   1.6494972705841064
101   1.5278056859970093
102   1.515473484992981
103   1.560429573059082
104   1.240129828453064
105   1.3407678604125977
106   1.6513218879699707
107   1.360499382019043
108   1.5101332664489746
109   1.3251818418502808
110   1.871848464012146
111   1.5800364017486572
112   1.436793327331543
113   1.587484359741211
114   1.5381075143814087
115   1.793904423713684
116   1.4711122512817383
117   1.5134309530258179
118   1.5981992483139038
119   1.7233171463012695
120   1.516107201576233
121   1.6417051553726196
122   1.7246780395507813
123   1.6445213556289673
124   1.4450732469558716
125   1.4789353609085083
126   1.6216789484024048
127   1.5640699863433838
128   1.4490303993225098
129   1.5623224973678589
130   1.54496169090271
131   1.3766124248504639
132   1.4175184965133667
133   1.4536917209625244
134   1.3842253684997559
135   1.6771793365478516
136   1.4460399150848389
137   1.7188302278518677
138   1.564255952835083
139   1.6502147912979126
140   1.4604740142822266
141   1.4999868869781494
142   1.6935940980911255
143   1.817513346672058
144   1.7184531688690186
145   1.7056933641433716
146   1.4794024229049683
147   1.4854867458343506
148   1.5867609977722168
149   1.510576844215393
150   1.610403299331665
151   1.5543071031570435
152   1.5447297096252441
153   1.5739933252334595
154   1.4980462789535522
155   1.5807241201400757
156   1.4921956062316895
157   1.5362013578414917
158   1.362728238105774
159   1.5562126636505127
160   1.6126922369003296
1   1.6424806118011475
2   1.613219976425171
3   1.8531463146209717
4   1.6993327140808105
5   1.7620741128921509
6   1.6748243570327759
7   1.8637101650238037
8   1.5894825458526611
9   1.1968395709991455
10   1.5012050867080688
11   1.8011425733566284
12   1.5235023498535156
13   1.5091966390609741
14   1.637033462524414
15   1.6249134540557861
16   1.56748628616333
17   1.8587095737457275
18   1.6236572265625
19   1.6310129165649414
20   1.5046530961990356
21   1.7132596969604492
22   1.5293564796447754
23   1.7196625471115112
24   1.6009306907653809
25   1.6117414236068726
26   1.615783929824829
27   1.7697664499282837
28   1.7246129512786865
29   1.437052607536316
30   2.0290868282318115
31   1.3912250995635986
32   1.4323124885559082
33   1.9134540557861328
34   1.671264410018921
35   1.7221416234970093
36   1.7530797719955444
37   1.7525969743728638
38   1.7455047369003296
39   1.6207659244537354
40   1.6015698909759521
41   1.6083072423934937
42   1.7592895030975342
43   1.7460980415344238
44   1.9504119157791138
45   1.9361552000045776
46   1.6463866233825684
47   1.9937671422958374
48   1.840789556503296
49   1.8450016975402832
50   1.9545300006866455
51   1.7629618644714355
52   2.0975141525268555
53   2.059483528137207
54   1.8264003992080688
55   1.6468825340270996
56   1.7776933908462524
57   1.7193893194198608
58   1.642646312713623
59   1.7085732221603394
60   2.2959113121032715
61   1.9188072681427002
62   1.8747388124465942
63   1.9745973348617554
64   1.964458703994751
65   1.805545449256897
66   1.9193906784057617
67   2.26413631439209
68   2.2521464824676514
69   2.0990335941314697
70   1.8259068727493286
71   1.8796617984771729
72   2.0429937839508057
73   2.267458438873291
74   2.3924548625946045
75   1.8158210515975952
76   2.211902141571045
77   1.9069823026657104
78   1.973047137260437
79   1.776077151298523
80   1.814060091972351
81   2.229646682739258
82   2.0348496437072754
83   1.7753206491470337
84   1.6693682670593262
85   1.985545039176941
86   1.9028271436691284
87   1.7546499967575073
88   2.113560199737549
89   1.9600073099136353
90   1.7448136806488037
91   1.6074683666229248
92   1.7899419069290161
93   1.92527174949646
94   1.7604689598083496
95   1.9411637783050537
96   1.8989949226379395
97   1.8075860738754272
98   1.8008496761322021
99   1.946462869644165
100   1.4857747554779053
101   1.8137471675872803
102   1.782564401626587
103   1.8290574550628662
104   1.5063987970352173
105   1.6609903573989868
106   1.8904812335968018
107   1.8439265489578247
108   1.9942805767059326
109   1.4564305543899536
110   1.9647417068481445
111   1.7400166988372803
112   1.5108230113983154
113   1.6426031589508057
114   1.5989232063293457
115   1.6148622035980225
116   1.593873143196106
117   1.6827876567840576
118   1.753311276435852
119   1.5009260177612305
120   1.744032621383667
121   1.9177660942077637
122   1.6976550817489624
123   1.6021788120269775
124   1.4925483465194702
125   1.6133977174758911
126   1.3957664966583252
127   1.8818811178207397
128   1.5667576789855957
129   1.7213062047958374
130   1.5347447395324707
131   1.6132241487503052
132   1.5795762538909912
133   1.452073097229004
134   1.673439621925354
135   1.2900830507278442
136   1.6476629972457886
137   1.4605580568313599
138   1.559387445449829
139   1.7282510995864868
140   1.6100765466690063
141   1.7647428512573242
142   1.4062856435775757
143   1.7306169271469116
144   1.6853293180465698
145   1.7480809688568115
146   1.6600536108016968
147   1.6191407442092896
148   1.6355525255203247
149   1.3494142293930054
150   1.4802335500717163
151   1.2946829795837402
152   1.849629521369934
153   1.3271691799163818
154   1.2051492929458618
155   1.4261842966079712
156   1.4826438426971436
157   1.4899235963821411
158   1.444329023361206
159   1.6384317874908447
160   1.3486911058425903
161   1.6094293594360352
162   1.6390565633773804
163   1.7760847806930542
164   1.4369711875915527
