0   0.0
1   0.20212051272392273
2   0.19832853972911835
3   0.20703540742397308
4   0.2051936835050583
5   0.20370592176914215
6   0.19966481626033783
7   0.19003117084503174
8   0.20078691840171814
9   1.0299491882324219
10   1.0687248706817627
11   1.1186909675598145
12   1.0863752365112305
13   1.093056321144104
14   1.3477208614349365
15   1.2850720882415771
16   1.3434916734695435
17   1.5346912145614624
18   1.3554224967956543
19   1.320043921470642
20   1.3299452066421509
21   1.2917299270629883
22   1.0787385702133179
23   1.3579202890396118
24   1.3106110095977783
25   1.3442565202713013
26   1.3009264469146729
27   1.4384713172912598
28   1.577599048614502
29   1.4006292819976807
30   1.2329843044281006
31   1.1770461797714233
32   1.2812135219573975
33   1.2671934366226196
34   1.3351203203201294
35   1.2404096126556396
36   1.245072841644287
37   1.5805461406707764
38   1.3888788223266602
39   1.3053390979766846
40   1.4000027179718018
41   1.391588807106018
42   1.3954672813415527
43   1.177590012550354
44   1.223122477531433
45   1.1280672550201416
46   1.078294277191162
47   1.2381914854049683
48   1.1708816289901733
49   1.2634683847427368
50   1.2789098024368286
51   1.3157347440719604
52   1.2781953811645508
53   1.4212442636489868
54   1.3892180919647217
55   1.2685809135437012
56   1.222543478012085
57   1.3855854272842407
58   1.4389762878417969
59   1.13892662525177
60   1.2684605121612549
61   1.1407554149627686
62   1.1671067476272583
63   1.172347903251648
64   1.365473985671997
65   1.3587794303894043
66   1.4604535102844238
67   1.156786561012268
68   1.1734155416488647
69   1.1480200290679932
70   1.2474675178527832
71   1.292798638343811
72   1.1872056722640991
73   1.4364367723464966
74   1.1759239435195923
75   1.0996460914611816
76   1.2834206819534302
77   1.1874936819076538
78   1.317551851272583
79   1.2170358896255493
80   1.3594318628311157
81   1.3251655101776123
82   1.198525071144104
83   1.3759843111038208
84   1.2287483215332031
85   1.3237473964691162
86   1.3946176767349243
87   1.2518450021743774
88   1.2962169647216797
89   1.0953807830810547
90   1.3113951683044434
91   1.3833016157150269
92   1.2400290966033936
93   1.2646019458770752
94   1.4919294118881226
95   1.17229163646698
96   1.125170111656189
97   1.1298644542694092
98   1.237762689590454
99   1.1941157579421997
100   1.195464015007019
101   1.168593406677246
102   1.255926251411438
103   1.2895777225494385
104   1.390443205833435
105   1.3310480117797852
106   1.3139073848724365
107   1.5125683546066284
108   1.4877030849456787
109   1.354925274848938
110   1.391090989112854
111   1.4329537153244019
112   1.1373915672302246
113   1.2526906728744507
114   1.329740047454834
115   1.0496749877929688
116   1.0705679655075073
117   1.2469230890274048
118   1.4178383350372314
119   1.3156559467315674
120   1.4485470056533813
121   1.5273499488830566
122   1.2353333234786987
123   1.2812767028808594
124   1.299910068511963
125   1.4058480262756348
126   1.3655649423599243
127   1.4134149551391602
128   1.2534903287887573
129   1.2750967741012573
130   1.3690918684005737
131   1.2273472547531128
132   1.3141367435455322
133   1.2722420692443848
134   1.3860725164413452
135   1.3218361139297485
136   1.370140552520752
137   1.2723724842071533
138   1.3642947673797607
139   1.3944640159606934
140   1.1404844522476196
141   1.2740297317504883
142   1.330051302909851
143   1.2054961919784546
144   1.0072072744369507
145   1.1164284944534302
146   1.3013962507247925
147   1.2210980653762817
148   1.3401103019714355
149   1.5569201707839966
150   1.2643026113510132
151   1.3382974863052368
152   1.2546675205230713
153   1.1918565034866333
154   1.2248369455337524
155   1.1855263710021973
156   1.2145661115646362
157   1.3838945627212524
158   1.1574314832687378
159   1.2088139057159424
160   1.275275468826294
161   1.121354341506958
162   1.2742575407028198
163   1.2023115158081055
164   1.1604548692703247
165   1.3248811960220337
166   1.2354017496109009
167   1.2241545915603638
168   1.2248258590698242
169   1.5832575559616089
170   1.2762664556503296
171   1.354988932609558
172   1.1881320476531982
173   1.0590417385101318
174   1.1994776725769043
175   1.2087054252624512
176   1.295051097869873
177   1.37470543384552
178   1.1056342124938965
179   1.137555480003357
180   1.536445140838623
181   1.311423897743225
182   1.4437925815582275
183   1.2691482305526733
184   1.5372507572174072
185   1.168726921081543
186   1.2864574193954468
187   1.178299069404602
188   1.3507930040359497
189   1.205621600151062
190   1.2240235805511475
191   1.110579013824463
192   1.2027230262756348
193   1.3956743478775024
194   1.4645912647247314
195   1.3108681440353394
196   1.2654625177383423
197   1.3314294815063477
198   1.3644465208053589
199   1.3843185901641846
200   1.2585879564285278
201   1.3168435096740723
202   1.386623740196228
203   1.2592450380325317
204   1.2720340490341187
205   1.1836652755737305
206   1.3409652709960938
207   1.3845518827438354
208   1.3511455059051514
1   1.449998140335083
2   1.6146726608276367
3   1.2703055143356323
4   1.3998981714248657
5   1.4555246829986572
6   1.7341575622558594
7   1.298285961151123
8   1.4968171119689941
9   1.6142258644104004
10   1.547347068786621
11   1.5679564476013184
12   1.577027440071106
13   1.5979784727096558
14   1.4714487791061401
15   1.3230204582214355
16   1.477601170539856
17   1.624677062034607
18   1.701322078704834
19   1.8040471076965332
20   1.8126941919326782
1   1.7563647031784058
2   1.584519863128662
3   1.527945637702942
4   1.5569493770599365
5   1.4576433897018433
6   1.6402240991592407
7   1.3344839811325073
8   1.5134916305541992
9   1.4327417612075806
10   1.3309037685394287
11   1.22749662399292
12   1.2548246383666992
13   1.3208668231964111
14   1.4673646688461304
15   1.5750937461853027
16   1.5544178485870361
17   1.348690152168274
18   1.5002737045288086
19   1.348181128501892
20   1.6119024753570557
21   1.4688059091567993
22   1.6149131059646606
23   1.5821256637573242
24   1.6893404722213745
25   1.5457229614257813
26   1.55410635471344
27   1.8193414211273193
28   1.56019127368927
29   1.9259741306304932
30   1.715296983718872
31   1.6922370195388794
32   1.5736433267593384
33   1.709578037261963
34   1.3139848709106445
35   1.60704505443573
36   1.45048987865448
37   1.423475980758667
38   1.5729601383209229
39   1.4557360410690308
40   1.6149306297302246
41   1.6596264839172363
42   1.3644505739212036
43   1.4032880067825317
44   1.7027826309204102
45   1.5692516565322876
46   1.711193561553955
47   1.494197130203247
48   1.4902952909469604
49   1.5645225048065186
50   1.460839867591858
51   1.5452303886413574
52   1.5828213691711426
53   1.6570647954940796
54   1.4404783248901367
55   1.7950571775436401
56   1.2951030731201172
57   1.6736245155334473
58   1.4726115465164185
59   1.656770944595337
60   1.6017426252365112
61   1.4159643650054932
62   1.4727786779403687
63   1.714192509651184
64   1.630565881729126
65   1.4234099388122559
66   1.6202045679092407
67   1.6260789632797241
68   1.6462033987045288
69   1.4615459442138672
70   1.609300971031189
71   1.5734963417053223
72   1.4379384517669678
73   1.7805105447769165
74   1.6831551790237427
75   1.333392858505249
76   1.6270862817764282
77   1.699643850326538
78   1.591556191444397
79   1.452202320098877
80   1.5729531049728394
81   1.5671848058700562
82   1.4361623525619507
83   1.671774983406067
84   1.5181803703308105
85   1.463499903678894
86   1.6056015491485596
87   1.3900238275527954
88   1.602968454360962
89   1.6601828336715698
90   1.7302781343460083
91   1.7143657207489014
92   1.4227429628372192
93   1.6476994752883911
94   1.6525981426239014
95   1.5705978870391846
96   1.6748058795928955
97   1.5228725671768188
98   1.6335985660552979
99   1.4495290517807007
100   1.652979850769043
101   1.5107181072235107
102   1.5475040674209595
103   1.6703662872314453
104   1.3217144012451172
105   1.465141773223877
106   1.667136549949646
107   1.3508234024047852
108   1.503019094467163
109   1.3708056211471558
110   1.8803389072418213
111   1.5692912340164185
112   1.590290904045105
113   1.5605340003967285
114   1.5377777814865112
115   1.7273541688919067
116   1.4426476955413818
117   1.511720061302185
118   1.507840633392334
119   1.7541639804840088
120   1.5213545560836792
121   1.5906773805618286
122   1.721301555633545
123   1.5340019464492798
124   1.5627895593643188
125   1.476243257522583
126   1.5809797048568726
127   1.5850757360458374
128   1.4345234632492065
129   1.52843177318573
130   1.4728765487670898
131   1.3603395223617554
132   1.396336317062378
133   1.3552378416061401
134   1.369842767715454
135   1.5695708990097046
136   1.484102487564087
137   1.6465163230895996
138   1.4667125940322876
139   1.6392207145690918
140   1.4085197448730469
141   1.4584928750991821
142   1.5364254713058472
143   1.7251299619674683
144   1.62909734249115
145   1.6496108770370483
146   1.4302233457565308
147   1.4624985456466675
148   1.589310646057129
149   1.457148790359497
150   1.6227678060531616
151   1.5257182121276855
152   1.520471453666687
153   1.5204359292984009
154   1.500644326210022
155   1.4793633222579956
156   1.4442940950393677
157   1.3891247510910034
158   1.3734749555587769
159   1.5340092182159424
160   1.5728243589401245
1   1.6717591285705566
2   1.6618525981903076
3   1.950940728187561
4   1.7741013765335083
5   1.8219754695892334
6   1.7724467515945435
7   1.9086828231811523
8   1.623177170753479
9   1.1845921277999878
10   1.489305019378662
11   1.6631065607070923
12   1.4275882244110107
13   1.5386959314346313
14   1.45707368850708
15   1.4374784231185913
16   1.5290858745574951
17   1.7401596307754517
18   1.5948448181152344
19   1.6157341003417969
20   1.4593852758407593
21   1.5970202684402466
22   1.4220696687698364
23   1.7511258125305176
24   1.4931634664535522
25   1.540985107421875
26   1.552776575088501
27   1.7805291414260864
28   1.7450401782989502
29   1.4147789478302002
30   1.9333552122116089
31   1.326103687286377
32   1.4246660470962524
33   1.947648286819458
34   1.5502536296844482
35   1.6231502294540405
36   1.609358310699463
37   1.7393033504486084
38   1.6346476078033447
39   1.6394250392913818
40   1.528348684310913
41   1.5999292135238647
42   1.7268266677856445
43   1.795052409172058
44   1.9530905485153198
45   1.8927624225616455
46   1.4968483448028564
47   1.8371763229370117
48   1.7793397903442383
49   1.924369215965271
50   2.038163185119629
51   1.8326709270477295
52   1.8862736225128174
53   2.0051255226135254
54   1.8147629499435425
55   1.5931581258773804
56   1.611104130744934
57   1.530234694480896
58   1.5202760696411133
59   1.657474398612976
60   2.0387685298919678
61   1.8813378810882568
62   1.6260254383087158
63   1.8767666816711426
64   1.85369873046875
65   1.691566824913025
66   1.8109145164489746
67   2.1414880752563477
68   2.1772804260253906
69   2.0213093757629395
70   1.6031957864761353
71   1.6847450733184814
72   1.883597493171692
73   2.2425732612609863
74   2.154458522796631
75   1.721139907836914
76   2.211155414581299
77   1.7709698677062988
78   1.8126140832901
79   1.7659592628479004
80   1.9627691507339478
81   2.36712384223938
82   2.0990471839904785
83   1.8203617334365845
84   1.613375186920166
85   1.9346389770507813
86   1.9328635931015015
87   1.7615559101104736
88   1.8981859683990479
89   1.8242555856704712
90   1.785719871520996
91   1.748408317565918
92   1.8376656770706177
93   1.972279667854309
94   1.7792598009109497
95   1.9223759174346924
96   2.139289379119873
97   1.9814499616622925
98   1.9507983922958374
99   1.8270996809005737
100   1.5222806930541992
101   1.9612873792648315
102   1.9845637083053589
103   1.7996091842651367
104   1.6278825998306274
105   1.7883734703063965
106   1.7877590656280518
107   1.913679838180542
108   1.9716757535934448
109   1.6529067754745483
110   2.1023120880126953
111   2.028378486633301
112   1.7652188539505005
113   1.7618526220321655
114   1.7005587816238403
115   1.8220012187957764
116   1.6834416389465332
117   1.8668360710144043
118   1.8806159496307373
119   1.5306892395019531
120   1.7724535465240479
121   1.9087117910385132
122   1.7442915439605713
123   1.6219927072525024
124   1.505680799484253
125   1.599696159362793
126   1.5801701545715332
127   1.926430106163025
128   1.7059112787246704
129   1.7033448219299316
130   1.6414105892181396
131   1.6563243865966797
132   1.7323641777038574
133   1.455762505531311
134   1.7779277563095093
135   1.3999605178833008
136   1.713719129562378
137   1.3796427249908447
138   1.6807374954223633
139   1.8014713525772095
140   1.739917278289795
141   1.8397296667099
142   1.5040109157562256
143   1.8795745372772217
144   1.624442458152771
145   1.7707326412200928
146   1.7317860126495361
147   1.656569004058838
148   1.6692670583724976
149   1.4599651098251343
150   1.4873346090316772
151   1.3420581817626953
152   1.8139108419418335
153   1.4069087505340576
154   1.329056739807129
155   1.5897128582000732
156   1.5608625411987305
157   1.663628101348877
158   1.4333901405334473
159   1.7063632011413574
160   1.2798564434051514
161   1.5502727031707764
162   1.6843785047531128
163   1.718034267425537
164   1.4704641103744507
