0   0.0
1   0.18473826348781586
2   0.26522547006607056
3   0.23920878767967224
4   0.28200456500053406
5   0.21016529202461243
6   0.2823074162006378
7   0.2276594042778015
8   0.1893048882484436
9   0.35929447412490845
10   0.2739565074443817
11   0.5675417184829712
12   0.6634646654129028
13   1.4623322486877441
14   1.6398789882659912
15   1.5130105018615723
16   0.8987588286399841
17   1.265534520149231
18   1.4331722259521484
19   1.8500953912734985
20   1.493715524673462
21   1.108721375465393
22   1.5431439876556396
23   1.291258692741394
24   0.9019721746444702
25   1.0248781442642212
26   1.431797981262207
27   1.4880955219268799
28   1.5311146974563599
29   2.084815740585327
30   1.8398908376693726
31   1.8227773904800415
32   1.8118175268173218
33   1.69761061668396
34   1.832536220550537
35   1.2350811958312988
36   1.721238136291504
37   0.8520258069038391
38   1.5752497911453247
39   0.9375855922698975
40   1.759636402130127
41   1.6299545764923096
42   1.9866033792495728
43   1.3157234191894531
44   1.2573362588882446
45   2.4532434940338135
46   2.740713119506836
47   2.141857147216797
48   1.691542387008667
49   2.23250150680542
50   2.0157408714294434
51   1.8843129873275757
52   2.7140920162200928
53   2.416337490081787
54   2.033015489578247
55   0.915538489818573
56   0.8543186187744141
57   1.8153151273727417
58   1.4746315479278564
59   1.3695995807647705
60   1.8425461053848267
61   1.6698904037475586
62   1.8760396242141724
63   1.3508851528167725
64   1.5469610691070557
65   1.5660014152526855
66   1.9335600137710571
67   1.8236240148544312
68   1.1959125995635986
69   1.7379283905029297
70   2.194830894470215
71   1.4284368753433228
72   1.7111247777938843
73   2.8546335697174072
74   1.4778251647949219
75   1.450234055519104
76   1.6650378704071045
77   1.7127267122268677
78   1.598800778388977
79   1.31297767162323
80   1.4407063722610474
81   1.5511846542358398
82   2.029949426651001
83   2.4945743083953857
84   1.5978264808654785
85   1.7849847078323364
86   1.8513704538345337
87   1.9941645860671997
88   1.53615140914917
89   1.4827959537506104
90   1.368927240371704
91   1.7091807126998901
92   3.083645820617676
93   1.1591331958770752
94   1.7625876665115356
95   1.3403905630111694
96   1.6433820724487305
97   1.4024932384490967
98   1.56031334400177
99   1.68362295627594
100   1.3697019815444946
101   2.1706008911132813
102   1.1692650318145752
103   2.272200345993042
104   1.671144723892212
105   2.3229589462280273
106   1.6964185237884521
107   2.7399613857269287
108   1.5976073741912842
109   1.5514501333236694
110   1.808088779449463
111   1.7961405515670776
112   1.5738855600357056
113   2.1501412391662598
114   1.3435330390930176
115   1.41751229763031
116   1.9342858791351318
117   1.7015526294708252
118   1.6563853025436401
119   1.279561161994934
120   1.435950517654419
121   2.137566328048706
122   2.2556543350219727
123   1.786179780960083
124   1.7559977769851685
125   2.349212408065796
126   1.379441738128662
127   1.192481279373169
128   1.6850981712341309
129   2.3464748859405518
130   1.49122953414917
131   1.1919965744018555
132   1.886911392211914
133   1.9404281377792358
134   1.6772412061691284
135   1.9659985303878784
136   2.261223077774048
137   1.69538152217865
138   1.5916632413864136
139   1.749322772026062
140   1.242884874343872
141   1.2804062366485596
142   2.5514075756073
143   2.0242197513580322
144   1.7536543607711792
145   1.6265649795532227
146   1.6472004652023315
147   1.87860107421875
148   1.5493297576904297
149   2.199636936187744
150   2.0586159229278564
151   2.215630054473877
152   1.4912636280059814
153   1.5934808254241943
154   2.45727276802063
155   1.6701327562332153
156   1.8558433055877686
157   1.722704529762268
158   1.3267570734024048
159   2.1576921939849854
160   1.5678526163101196
161   1.445618987083435
162   2.3901236057281494
163   1.7005847692489624
164   1.5777915716171265
165   1.8846017122268677
166   1.2865062952041626
167   1.5357967615127563
168   1.6957576274871826
169   1.6718772649765015
170   1.3910107612609863
171   2.1559348106384277
172   1.9190711975097656
173   1.980763554573059
174   1.5439378023147583
175   1.369273066520691
176   1.5300692319869995
177   1.4065101146697998
178   2.0412259101867676
179   1.7328087091445923
180   1.5735524892807007
181   1.4345769882202148
182   1.3238154649734497
183   1.4906359910964966
184   1.548374056816101
185   1.5665572881698608
186   1.9316349029541016
187   2.1485257148742676
188   2.1008341312408447
189   1.4941660165786743
190   2.606767177581787
191   2.0951690673828125
192   1.1346582174301147
193   1.5547443628311157
194   1.4771326780319214
195   2.1418230533599854
196   1.4415805339813232
197   1.8998463153839111
198   2.2814600467681885
199   1.5472354888916016
200   2.068141460418701
201   1.4778639078140259
202   1.68441641330719
203   2.0464203357696533
204   1.623483419418335
205   2.3158369064331055
206   1.969048261642456
207   1.3905624151229858
208   1.2820900678634644
209   1.4234857559204102
210   1.6541162729263306
211   2.147627592086792
212   1.8425445556640625
213   1.3654541969299316
214   1.2459546327590942
1   1.597346305847168
2   1.354820728302002
3   1.6437890529632568
4   1.1720296144485474
5   1.7423967123031616
6   1.4321268796920776
7   1.2521023750305176
8   1.6262603998184204
9   1.8787966966629028
10   1.5486830472946167
11   1.560569405555725
12   1.3780066967010498
13   1.6556075811386108
14   1.5182396173477173
15   1.6255192756652832
16   1.6117535829544067
17   2.0702545642852783
18   1.9683959484100342
19   1.7585901021957397
20   1.9739010334014893
1   1.8314744234085083
2   1.6742379665374756
3   1.4863054752349854
4   1.583209753036499
5   1.4721251726150513
6   1.6048040390014648
7   1.7040060758590698
8   1.536054253578186
9   1.9475220441818237
10   1.640149712562561
11   1.7823961973190308
12   1.5808929204940796
13   1.6815249919891357
14   1.5312010049819946
15   1.491670846939087
16   1.7134535312652588
17   1.6430511474609375
18   1.3672914505004883
19   1.510911464691162
20   1.6060843467712402
21   1.5237902402877808
22   1.9553879499435425
23   1.6382036209106445
24   1.7829947471618652
25   1.6534631252288818
26   1.4825133085250854
27   1.7827420234680176
28   1.9148108959197998
29   1.5450916290283203
30   1.7801986932754517
31   1.8860275745391846
32   1.4221609830856323
33   1.9356166124343872
34   1.6030657291412354
35   1.655687689781189
36   1.6219485998153687
37   1.78148353099823
38   1.9486403465270996
39   1.710168719291687
40   1.7165039777755737
41   1.635959506034851
42   1.4976434707641602
43   1.6898400783538818
44   1.5925092697143555
45   1.7555395364761353
46   1.694907546043396
47   1.4615710973739624
48   1.6192100048065186
49   1.62429940700531
50   1.7326176166534424
51   1.6224430799484253
52   1.7950539588928223
53   1.439202070236206
54   1.61439049243927
55   1.568374514579773
56   1.752721905708313
57   1.623874306678772
58   1.70393705368042
59   1.5679723024368286
60   1.8973039388656616
61   1.6614022254943848
62   1.7204662561416626
63   1.6541972160339355
64   1.6687079668045044
65   1.4589546918869019
66   1.9476219415664673
67   1.5297832489013672
68   1.2775362730026245
69   1.4657306671142578
70   1.614862322807312
71   1.440534234046936
72   1.5488485097885132
73   1.5505791902542114
74   1.7180230617523193
75   1.5685189962387085
76   1.582865595817566
77   1.7210407257080078
78   1.4946675300598145
79   1.9194390773773193
80   1.6000769138336182
81   1.7719782590866089
82   1.713803768157959
83   1.559576153755188
84   1.4916716814041138
85   1.6383775472640991
86   1.5664817094802856
87   1.450666904449463
88   1.3557673692703247
89   1.3160473108291626
90   1.4092687368392944
91   1.504331111907959
92   1.513853669166565
93   1.5317002534866333
94   1.675614833831787
95   1.4962131977081299
96   1.5562628507614136
97   1.5308377742767334
98   1.5846693515777588
99   1.6461374759674072
100   1.342775583267212
101   1.58036208152771
102   1.6918251514434814
103   1.7527626752853394
104   1.6014609336853027
105   1.6641360521316528
106   1.7092779874801636
107   1.5157779455184937
108   1.5040122270584106
109   1.8525065183639526
110   1.4793598651885986
111   1.740601897239685
112   1.6118899583816528
113   1.902671217918396
114   1.6709941625595093
115   1.556252360343933
116   1.6815153360366821
117   1.6029425859451294
118   1.689130187034607
119   1.3401392698287964
120   1.8716634511947632
121   1.6662554740905762
122   1.6276805400848389
123   1.6525182723999023
124   1.5525950193405151
125   1.3649126291275024
126   1.6290206909179688
127   1.8361696004867554
128   1.5772807598114014
129   1.4844433069229126
130   1.5841293334960938
131   1.723554015159607
132   1.56279456615448
133   1.7737139463424683
134   1.5615582466125488
135   1.617077350616455
136   1.7683887481689453
137   1.6464993953704834
138   1.5093464851379395
139   1.765256643295288
140   1.7645339965820313
141   1.6640877723693848
142   1.5030534267425537
143   1.7178329229354858
144   1.8232208490371704
145   1.7875927686691284
146   1.865970253944397
147   1.7142539024353027
148   1.8093916177749634
149   1.4808834791183472
150   1.727861762046814
151   1.6681536436080933
152   1.7476909160614014
153   1.7261648178100586
154   1.6490857601165771
155   1.7810649871826172
156   1.315891981124878
157   1.6467995643615723
158   1.6405279636383057
159   1.4557219743728638
160   1.507491111755371
1   1.7712428569793701
2   1.5385913848876953
3   1.3244799375534058
4   1.7166615724563599
5   1.4985570907592773
6   1.6594390869140625
7   1.6992076635360718
8   1.3755134344100952
9   1.6174935102462769
10   1.4779547452926636
11   1.5846730470657349
12   1.7444689273834229
13   1.281773567199707
14   1.3213260173797607
15   1.5371274948120117
16   1.8354878425598145
17   1.5478342771530151
18   1.6610569953918457
19   1.6366217136383057
20   1.7740446329116821
21   1.4986557960510254
22   1.726811408996582
23   1.8417563438415527
24   1.216700792312622
25   1.514561653137207
26   1.7556127309799194
27   1.821662425994873
28   2.0290467739105225
29   1.8777836561203003
30   1.6244972944259644
31   1.6374362707138062
32   1.885042667388916
33   1.8378530740737915
34   1.6275062561035156
35   1.8201181888580322
36   1.7819695472717285
37   1.742167592048645
38   1.903049111366272
39   1.5191254615783691
40   1.3045579195022583
41   1.6124221086502075
42   1.6950150728225708
43   2.109591007232666
44   1.3736200332641602
45   1.899296522140503
46   1.7589689493179321
47   1.5842006206512451
48   1.731804370880127
49   1.5552728176116943
50   2.082554340362549
51   1.4748979806900024
52   1.4084346294403076
53   1.9356675148010254
54   1.7400524616241455
55   1.202183485031128
56   1.9204027652740479
57   1.9989782571792603
58   1.8704736232757568
59   1.8570234775543213
60   2.648899793624878
61   1.2716988325119019
62   1.4522130489349365
63   1.5204256772994995
64   2.009514570236206
65   1.530808687210083
66   1.474039912223816
67   1.080234408378601
68   1.7353501319885254
69   1.5778571367263794
70   2.3893885612487793
71   1.3257325887680054
72   1.629014492034912
73   1.3008692264556885
74   1.7613524198532104
75   2.427194118499756
76   2.353064775466919
77   2.1700212955474854
78   1.564379096031189
79   1.9798064231872559
80   1.5011649131774902
81   1.7264819145202637
82   1.4137516021728516
83   1.6394250392913818
84   1.357683777809143
85   1.8740551471710205
86   1.772076964378357
87   1.9785635471343994
88   1.572142243385315
89   1.741830587387085
90   1.5890495777130127
91   1.913820743560791
92   1.8817845582962036
93   1.6599751710891724
94   1.9129366874694824
95   1.4572629928588867
96   1.5567569732666016
97   1.6051645278930664
98   1.5208401679992676
99   1.5344732999801636
100   1.9901907444000244
101   2.357210397720337
102   1.8285460472106934
103   3.7372896671295166
104   1.9853562116622925
105   1.2541131973266602
106   1.2874432802200317
107   1.4605976343154907
108   1.5607657432556152
109   2.964901924133301
110   2.4139184951782227
111   2.3283114433288574
112   1.9617356061935425
113   2.409644842147827
114   1.7143985033035278
115   1.7141729593276978
116   1.5910696983337402
117   2.431908369064331
118   1.7405555248260498
119   1.3056166172027588
120   1.8554081916809082
121   1.8120489120483398
122   2.0525596141815186
123   2.7222323417663574
124   1.3136180639266968
125   1.5770107507705688
126   1.577122688293457
127   2.2240171432495117
128   1.467504620552063
129   1.6210753917694092
130   1.2983347177505493
131   2.079533100128174
132   1.2425858974456787
133   1.895889163017273
134   1.6134666204452515
135   1.9626556634902954
136   1.3114594221115112
137   1.9092251062393188
138   1.561790943145752
139   1.879755973815918
140   1.6612026691436768
141   1.8200836181640625
142   1.8030847311019897
143   1.3561503887176514
144   1.3637727499008179
145   2.329071044921875
146   2.268955707550049
147   1.571873426437378
148   1.8355820178985596
149   1.9249860048294067
150   1.942087173461914
151   1.6447545289993286
152   1.6915079355239868
153   1.5708634853363037
154   1.685890793800354
155   1.6312648057937622
156   1.49360191822052
157   1.4919170141220093
158   1.5698943138122559
159   1.594770073890686
160   1.317381739616394
161   1.710822582244873
162   1.2886258363723755
163   1.4497466087341309
164   1.7384556531906128
