0   0.0
1   2.5670554637908936
2   1.9789470434188843
3   1.859893798828125
4   1.7914646863937378
5   2.2062294483184814
6   2.1410269737243652
7   1.9735184907913208
8   2.191805601119995
9   2.7183940410614014
10   2.820624828338623
11   2.908252239227295
12   3.59797739982605
13   3.6305370330810547
14   3.556401014328003
15   4.508259296417236
16   3.904322385787964
17   4.781901836395264
18   3.8769404888153076
19   4.6534552574157715
20   5.203571796417236
21   5.623445987701416
22   4.658987998962402
23   4.437145233154297
24   4.482012748718262
25   4.890203952789307
26   3.211268901824951
27   4.003015041351318
28   3.983891725540161
29   5.622614860534668
30   4.689972877502441
31   3.964843273162842
32   4.746455192565918
33   4.993492603302002
34   4.727707386016846
35   4.7843098640441895
36   5.4809465408325195
37   5.15380334854126
38   4.066184043884277
39   4.756625175476074
40   3.6226038932800293
41   4.1773271560668945
42   5.098023891448975
43   5.631063461303711
44   4.036229610443115
45   4.561452865600586
46   5.847753524780273
47   5.898072719573975
48   6.601796627044678
49   5.868282318115234
50   4.934915542602539
51   4.403289794921875
52   4.833951950073242
53   5.44209623336792
54   5.253567218780518
55   5.871660232543945
56   4.636159896850586
57   4.675276756286621
58   4.465210914611816
59   4.357559680938721
60   6.026590347290039
61   5.879863739013672
62   3.733768939971924
63   5.103697299957275
64   6.561476230621338
65   6.721834182739258
66   5.518575191497803
67   6.210357189178467
68   5.82485294342041
69   4.464686870574951
70   4.568572521209717
71   4.955018997192383
72   5.506919860839844
73   6.9555487632751465
74   7.17160177230835
75   6.132134914398193
76   6.483242988586426
77   6.018256187438965
78   5.724364757537842
79   6.73691463470459
80   6.6851606369018555
81   6.384287357330322
82   6.150399684906006
83   6.4434332847595215
84   4.710925579071045
85   5.620562553405762
86   6.19905948638916
87   5.7940449714660645
88   6.344676494598389
89   4.97607946395874
90   6.418233394622803
91   6.158130168914795
92   6.411678791046143
93   5.543372631072998
94   5.103843688964844
95   5.225675582885742
96   5.52953577041626
97   5.266787052154541
98   6.835976600646973
99   5.583649158477783
100   5.958881855010986
101   5.8163838386535645
102   5.47613000869751
103   6.021401405334473
104   5.591744899749756
105   5.863488674163818
106   5.679337024688721
107   5.868260860443115
108   6.136280536651611
109   5.350162506103516
110   3.4966914653778076
111   6.3194732666015625
112   5.431607723236084
113   4.949997901916504
114   4.058444499969482
115   4.4561591148376465
116   4.754003047943115
117   5.601503849029541
118   4.400850296020508
119   5.533507823944092
120   6.413870334625244
121   5.107396125793457
122   4.821938514709473
123   4.815939426422119
124   5.185240268707275
125   5.057124614715576
126   5.465411186218262
127   6.739287853240967
128   6.123502254486084
129   5.0938944816589355
130   6.102222442626953
131   5.038284778594971
132   4.4351091384887695
133   4.827695846557617
134   5.368328094482422
135   6.274056911468506
136   5.859029293060303
137   6.310984134674072
138   6.1911516189575195
139   5.592110633850098
140   5.629971504211426
141   5.051859378814697
142   5.911070346832275
143   5.9624924659729
144   5.0496296882629395
145   4.815740585327148
146   4.908444881439209
147   6.017638206481934
148   5.807734966278076
149   5.421675205230713
150   4.6859917640686035
151   6.167243957519531
152   5.767642021179199
153   5.887389183044434
154   5.33701753616333
155   6.22907829284668
156   6.121201992034912
157   6.065637588500977
158   5.842921733856201
159   6.099207878112793
160   5.501064777374268
161   6.01089334487915
162   6.27188777923584
163   6.312636375427246
164   5.392786979675293
165   5.8346848487854
166   6.458904266357422
167   5.3230366706848145
168   5.6689133644104
169   6.593170642852783
170   6.459353923797607
171   5.303280353546143
172   6.5014753341674805
173   6.307984828948975
174   6.296415328979492
175   5.352536201477051
176   6.210262775421143
177   5.804866313934326
178   5.485090732574463
179   6.614894866943359
180   6.356340408325195
181   5.771742820739746
182   6.811814785003662
183   6.446331977844238
184   5.36535120010376
185   6.347243785858154
186   5.396153450012207
187   6.113258361816406
188   5.578375339508057
189   5.745970249176025
190   6.173806190490723
191   6.194636344909668
192   4.585284233093262
193   5.705877304077148
194   5.738726615905762
195   5.031221389770508
196   5.046827793121338
197   5.341915130615234
198   5.364897727966309
199   6.415248394012451
200   5.295238494873047
201   5.441542148590088
202   5.04198694229126
203   4.767934799194336
204   6.095414161682129
205   5.6681623458862305
206   5.935540676116943
207   5.98249626159668
208   6.416562080383301
209   5.116010665893555
210   4.3267669677734375
211   5.7558674812316895
212   6.759336948394775
213   6.4203200340271
214   6.450656890869141
1   6.153207778930664
2   6.007298946380615
3   4.972898483276367
4   6.159243106842041
5   5.643488883972168
6   5.816895008087158
7   5.288244724273682
8   5.137401580810547
9   5.324562072753906
10   6.508295059204102
11   7.068460941314697
12   7.04906702041626
13   6.716060638427734
14   5.625004291534424
15   4.68145227432251
16   4.522178649902344
17   5.262087345123291
18   5.94351053237915
19   5.023349761962891
20   5.2452545166015625
1   5.04374885559082
2   4.969649314880371
3   5.220200061798096
4   4.773972988128662
5   5.116974353790283
6   5.846954345703125
7   4.563912391662598
8   5.214153289794922
9   6.206508159637451
10   4.934459209442139
11   6.378560543060303
12   5.669130325317383
13   5.32219123840332
14   5.487050533294678
15   5.49202823638916
16   5.965860843658447
17   4.841073989868164
18   5.712221622467041
19   4.747905254364014
20   5.495266437530518
21   5.848299503326416
22   6.239297866821289
23   5.004958152770996
24   5.016839981079102
25   4.567415237426758
26   6.113429069519043
27   7.083483695983887
28   5.869907379150391
29   5.890902042388916
30   6.7513508796691895
31   6.9513936042785645
32   6.98878812789917
33   6.690581798553467
34   5.582306861877441
35   6.051135063171387
36   5.950718879699707
37   6.40910005569458
38   6.406644821166992
39   6.4820756912231445
40   5.715953826904297
41   6.20284366607666
42   4.620872974395752
43   6.082589626312256
44   6.386866569519043
45   6.526896953582764
46   5.955256938934326
47   5.289892196655273
48   4.8735785484313965
49   6.475796699523926
50   5.855535507202148
51   6.415130138397217
52   5.2072930335998535
53   5.014339923858643
54   6.394578456878662
55   6.6370415687561035
56   6.551458358764648
57   5.327643394470215
58   6.553219318389893
59   6.17135763168335
60   5.907411098480225
61   6.640851974487305
62   5.226617813110352
63   5.860855579376221
64   6.3204450607299805
65   5.569814682006836
66   6.53302526473999
67   6.373373508453369
68   4.920093059539795
69   5.298205852508545
70   5.1243977546691895
71   5.2015252113342285
72   5.490858554840088
73   5.061554908752441
74   4.819802761077881
75   6.614251613616943
76   6.548993110656738
77   6.486388206481934
78   5.927296161651611
79   6.476573467254639
80   5.866776943206787
81   6.5158305168151855
82   6.57026481628418
83   4.598775386810303
84   5.1914873123168945
85   6.124444961547852
86   6.496397495269775
87   4.723818778991699
88   4.691874980926514
89   4.742834568023682
90   4.860720157623291
91   6.013583183288574
92   4.872068881988525
93   6.5137176513671875
94   6.2981953620910645
95   5.295585632324219
96   6.5959272384643555
97   5.935144424438477
98   5.46543025970459
99   6.336267948150635
100   6.443582057952881
101   6.586150169372559
102   6.377638816833496
103   6.168347358703613
104   5.764474391937256
105   6.128941059112549
106   6.365234375
107   6.3640007972717285
108   6.884455680847168
109   5.587412357330322
110   4.557470798492432
111   6.547268390655518
112   6.738764762878418
113   4.692201614379883
114   4.015039443969727
115   5.524033069610596
116   6.869057655334473
117   6.845155239105225
118   6.068329334259033
119   6.745570659637451
120   6.623379707336426
121   6.408754348754883
122   5.918556213378906
123   6.918763160705566
124   5.71530818939209
125   6.107213973999023
126   5.853610515594482
127   5.330815315246582
128   5.3351240158081055
129   5.6203460693359375
130   4.919286251068115
131   5.1238813400268555
132   6.668086528778076
133   6.371638774871826
134   6.649446487426758
135   5.468283653259277
136   4.555412769317627
137   7.087130069732666
138   6.507020473480225
139   5.531366348266602
140   6.110064506530762
141   5.120720863342285
142   7.18580961227417
143   6.658153057098389
144   5.917294025421143
145   6.829586982727051
146   5.213473320007324
147   5.9273457527160645
148   6.395176887512207
149   5.384164333343506
150   5.556174278259277
151   5.9287238121032715
152   5.722543239593506
153   5.680933952331543
154   5.385892868041992
155   5.927916049957275
156   6.667209148406982
157   6.429337024688721
158   6.696049690246582
159   5.331570148468018
160   5.489614486694336
1   5.532870292663574
2   6.064695835113525
3   4.430912971496582
4   4.953039169311523
5   5.2267327308654785
6   6.037440299987793
7   5.142528057098389
8   6.219581604003906
9   5.514414310455322
10   6.375720024108887
11   6.1661763191223145
12   5.949463367462158
13   6.793535232543945
14   6.3435750007629395
15   5.957550048828125
16   6.029548168182373
17   5.598036289215088
18   4.65859317779541
19   5.13750696182251
20   5.415280818939209
21   6.007411956787109
22   4.862268924713135
23   5.507915496826172
24   5.5103654861450195
25   6.543167591094971
26   5.788704872131348
27   5.547873497009277
28   4.864707946777344
29   6.248989582061768
30   6.4329400062561035
31   6.051749229431152
32   6.516693592071533
33   6.273416042327881
34   6.45796012878418
35   6.1362810134887695
36   5.659767150878906
37   5.669921398162842
38   5.68532657623291
39   6.434746742248535
40   6.64638090133667
41   5.680597305297852
42   4.891147136688232
43   4.376517295837402
44   5.129390239715576
45   5.474503993988037
46   4.147313594818115
47   6.147822856903076
48   6.3118133544921875
49   6.135805606842041
50   4.935624122619629
51   6.156822681427002
52   5.931353569030762
53   5.622376918792725
54   5.3832807540893555
55   5.846753120422363
56   5.849982738494873
57   5.55623197555542
58   6.505642414093018
59   6.340660095214844
60   5.55721378326416
61   6.184083461761475
62   4.9825568199157715
63   4.808232307434082
64   5.221673011779785
65   6.11140775680542
66   4.578651428222656
67   5.070558071136475
68   5.39954948425293
69   5.0423431396484375
70   5.027536869049072
71   5.291576385498047
72   6.283971309661865
73   6.6736369132995605
74   5.779290676116943
75   6.7218403816223145
76   5.025156021118164
77   5.586842060089111
78   6.135268211364746
79   5.410960674285889
80   6.116433620452881
81   4.620821952819824
82   5.1549296379089355
83   5.402202129364014
84   6.258785724639893
85   5.712551116943359
86   5.959484100341797
87   6.397319793701172
88   6.468182563781738
89   6.134639263153076
90   5.989801406860352
91   5.694962024688721
92   5.810465335845947
93   6.357003688812256
94   5.408441066741943
95   6.004419803619385
96   6.309435844421387
97   5.780141830444336
98   4.962367534637451
99   5.005913734436035
100   5.802883625030518
101   5.655999660491943
102   7.031423091888428
103   5.511520862579346
104   6.064006328582764
105   6.588143825531006
106   5.786292552947998
107   4.565740585327148
108   6.160388469696045
109   5.3260178565979
110   5.2657246589660645
111   4.575625896453857
112   4.226352691650391
113   4.853706359863281
114   5.072132110595703
115   5.600300312042236
116   3.7423906326293945
117   5.1285505294799805
118   6.297285556793213
119   5.71523380279541
120   5.061695575714111
121   4.823831081390381
122   6.105721473693848
123   5.482065200805664
124   4.630037784576416
125   6.362118244171143
126   4.936975955963135
127   5.528563499450684
128   5.6461005210876465
129   5.249398708343506
130   4.440783500671387
131   5.0444135665893555
132   5.140232563018799
133   4.920670986175537
134   5.9130682945251465
135   4.774695873260498
136   6.412126541137695
137   6.006954193115234
138   6.017204761505127
139   5.3000407218933105
140   5.5122246742248535
141   6.1426005363464355
142   5.411474227905273
143   5.673726558685303
144   4.572427749633789
145   5.4150190353393555
146   4.606440544128418
147   5.615705966949463
148   3.940207004547119
149   5.80988883972168
150   6.68425989151001
151   5.098160743713379
152   5.599756240844727
153   5.478794574737549
154   5.567032337188721
155   6.410674571990967
156   5.971185684204102
157   6.007637023925781
158   5.681343078613281
159   5.9026055335998535
160   6.237692356109619
161   6.488738536834717
162   6.775893688201904
163   5.263914108276367
164   4.944543838500977
