0   0.0
1   1.2571029663085938
2   1.0468610525131226
3   1.245185375213623
4   1.1905977725982666
5   1.2049479484558105
6   1.3575513362884521
7   1.3314963579177856
8   1.327944278717041
9   1.2193357944488525
10   1.051346778869629
11   1.4197372198104858
12   1.1945807933807373
13   2.2062020301818848
14   4.271332740783691
15   3.0824477672576904
16   3.11313533782959
17   2.667414903640747
18   3.868755578994751
19   3.4491968154907227
20   3.7414021492004395
21   4.107203483581543
22   3.824808359146118
23   3.108332395553589
24   3.169002056121826
25   3.557833671569824
26   3.469985246658325
27   4.0314412117004395
28   3.978879690170288
29   3.5132253170013428
30   3.206204414367676
31   4.07452392578125
32   4.149637699127197
33   3.658703088760376
34   4.475439548492432
35   2.704241991043091
36   2.966068983078003
37   2.752652645111084
38   3.452396869659424
39   4.162479877471924
40   4.1268463134765625
41   4.308563709259033
42   2.5352401733398438
43   2.714721918106079
44   4.107607841491699
45   2.79231333732605
46   2.7476181983947754
47   3.8342390060424805
48   3.6253864765167236
49   2.142443895339966
50   2.932492733001709
51   3.358112096786499
52   3.017138957977295
53   3.474135637283325
54   2.7809340953826904
55   4.6708903312683105
56   3.157679319381714
57   5.159703731536865
58   3.92309832572937
59   3.205256223678589
60   3.9529683589935303
61   3.2856342792510986
62   2.180474281311035
63   4.31598424911499
64   3.283155679702759
65   4.28952169418335
66   3.8936705589294434
67   4.92421817779541
68   3.3962905406951904
69   4.330343246459961
70   2.307098388671875
71   1.9414780139923096
72   2.32511830329895
73   2.7662272453308105
74   3.4812049865722656
75   0.8307543992996216
76   3.7554893493652344
77   3.614989757537842
78   3.571899652481079
79   3.484621524810791
80   4.068235874176025
81   3.5378170013427734
82   4.315283298492432
83   2.298129081726074
84   1.4992132186889648
85   3.9977266788482666
86   3.464683771133423
87   4.597052574157715
88   3.881018877029419
89   3.566072463989258
90   3.806565999984741
91   3.345827579498291
92   4.029140472412109
93   3.162155866622925
94   3.598353385925293
95   2.9675331115722656
96   4.437431335449219
97   3.875319480895996
98   3.015655279159546
99   3.5461575984954834
100   2.9829514026641846
101   2.2804276943206787
102   2.3661739826202393
103   4.698246955871582
104   3.437641143798828
105   3.56261944770813
106   3.372655153274536
107   4.256069183349609
108   3.0722432136535645
109   3.910139322280884
110   3.467495918273926
111   3.7112843990325928
112   4.513781547546387
113   2.6948676109313965
114   3.8923864364624023
115   3.5406153202056885
116   3.4566917419433594
117   4.87977933883667
118   3.466881275177002
119   3.8301808834075928
120   3.5102741718292236
121   3.5233383178710938
122   3.9155118465423584
123   3.0157527923583984
124   4.3811726570129395
125   2.3270609378814697
126   4.371284008026123
127   3.56862735748291
128   2.63735032081604
129   4.321664333343506
130   2.9858558177948
131   3.699023962020874
132   4.871966361999512
133   3.8525216579437256
134   3.8526430130004883
135   3.514536142349243
136   4.362903118133545
137   3.579573631286621
138   3.880934000015259
139   2.9614038467407227
140   4.363438606262207
141   3.6725149154663086
142   3.1294262409210205
143   4.52179479598999
144   4.405928611755371
145   3.6130824089050293
146   3.1220085620880127
147   3.6645514965057373
148   2.0315628051757813
149   2.675053596496582
150   4.265678882598877
151   3.645423412322998
152   3.332364559173584
153   4.302892684936523
154   4.094675064086914
155   2.365549087524414
156   2.4674534797668457
157   1.4486770629882813
158   1.8020910024642944
159   3.793516159057617
160   4.4105401039123535
161   4.42708158493042
162   5.155340671539307
163   3.8925633430480957
164   4.342039108276367
165   3.7661616802215576
166   1.9669325351715088
167   1.9736720323562622
168   1.3786492347717285
169   3.069603681564331
170   2.493278741836548
171   1.8547288179397583
172   1.0993419885635376
173   2.424105167388916
174   3.224120616912842
175   4.088910102844238
176   4.138747215270996
177   4.156994342803955
178   3.9088871479034424
179   4.652122974395752
180   3.574355363845825
181   4.063884735107422
182   4.325004577636719
183   3.2540535926818848
184   2.6931023597717285
185   3.04056453704834
186   3.5263311862945557
187   2.4183666706085205
188   3.8232219219207764
189   3.657250165939331
190   3.8954386711120605
191   3.5350325107574463
192   3.5544393062591553
193   3.3647968769073486
194   3.7437002658843994
195   2.767102003097534
196   3.98637318611145
197   3.7213785648345947
198   4.917945384979248
199   3.338271141052246
200   3.1133434772491455
201   3.365633964538574
202   3.6641664505004883
203   4.2136054039001465
204   3.220046043395996
205   3.590594530105591
206   4.198513507843018
207   3.831037998199463
208   3.308657646179199
209   3.3701138496398926
210   2.708848714828491
211   3.8589303493499756
212   2.8128764629364014
213   3.3790194988250732
214   3.743720531463623
1   2.9061625003814697
2   3.754181146621704
3   3.6173675060272217
4   3.7110254764556885
5   4.06559944152832
6   2.2515389919281006
7   3.1289284229278564
8   3.2776544094085693
9   3.728334426879883
10   2.4844415187835693
11   4.381341457366943
12   3.711050033569336
13   3.685725450515747
14   3.5300333499908447
15   4.1749653816223145
16   3.6639020442962646
17   1.5301494598388672
18   3.4558141231536865
19   2.4299235343933105
20   5.219352722167969
1   3.12442946434021
2   3.311612367630005
3   3.4565393924713135
4   2.9680514335632324
5   3.569847583770752
6   3.4825780391693115
7   3.9529905319213867
8   3.618502616882324
9   3.5707573890686035
10   2.979372024536133
11   3.2088890075683594
12   3.066002368927002
13   3.5896730422973633
14   3.234711170196533
15   4.061267375946045
16   3.6228911876678467
17   3.3343453407287598
18   3.4351046085357666
19   3.52482008934021
20   3.313356399536133
21   3.6835134029388428
22   4.423105239868164
23   1.6319538354873657
24   3.1573894023895264
25   2.5874950885772705
26   3.316941261291504
27   3.5596697330474854
28   3.918748617172241
29   3.8276689052581787
30   3.1472384929656982
31   3.4161951541900635
32   3.575242042541504
33   3.1531050205230713
34   4.065866947174072
35   3.1710033416748047
36   3.5366299152374268
37   1.7199956178665161
38   1.8699358701705933
39   2.6985034942626953
40   3.6256918907165527
41   4.502655982971191
42   3.9395761489868164
43   2.942718982696533
44   2.8809540271759033
45   3.626309394836426
46   3.3232014179229736
47   3.7735326290130615
48   3.672788381576538
49   1.775608777999878
50   1.8166296482086182
51   3.6077980995178223
52   3.534876823425293
53   2.6657779216766357
54   3.6793205738067627
55   4.163882732391357
56   4.268867015838623
57   2.8307583332061768
58   3.946392774581909
59   3.605849266052246
60   3.9056456089019775
61   4.586816310882568
62   4.31305456161499
63   3.50563383102417
64   3.4223694801330566
65   4.095680236816406
66   4.248096942901611
67   4.8804192543029785
68   3.421755790710449
69   4.237868309020996
70   4.568419933319092
71   5.666192054748535
72   4.683435916900635
73   2.5031256675720215
74   1.5486122369766235
75   3.381833553314209
76   2.872898578643799
77   2.705726146697998
78   1.7958320379257202
79   1.7922226190567017
80   1.8852883577346802
81   3.847203254699707
82   4.401280403137207
83   3.9781436920166016
84   4.0444416999816895
85   4.446423530578613
86   3.7375547885894775
87   3.8653059005737305
88   4.11271858215332
89   3.591357469558716
90   4.938431262969971
91   4.04782247543335
92   3.5717084407806396
93   4.049770355224609
94   3.5835976600646973
95   3.861198902130127
96   3.326575756072998
97   5.42218017578125
98   4.474572658538818
99   4.175889015197754
100   4.413628578186035
101   3.651123523712158
102   4.350138187408447
103   4.212066650390625
104   3.209503173828125
105   3.52548885345459
106   4.004388332366943
107   3.027794122695923
108   4.469883441925049
109   4.430889129638672
110   3.3001842498779297
111   3.7031118869781494
112   3.7286815643310547
113   3.2343695163726807
114   3.382671594619751
115   3.506444215774536
116   3.472458839416504
117   4.158178329467773
118   4.57961893081665
119   3.442551851272583
120   4.2963738441467285
121   2.0543227195739746
122   3.531496286392212
123   2.504086494445801
124   2.2356834411621094
125   2.0259172916412354
126   1.4527937173843384
127   1.5759429931640625
128   2.2596192359924316
129   2.2689526081085205
130   3.2791075706481934
131   3.407904624938965
132   2.8947432041168213
133   3.198746919631958
134   3.5795347690582275
135   3.4410293102264404
136   3.4326837062835693
137   3.5572850704193115
138   3.45719313621521
139   4.133320331573486
140   2.678699493408203
141   3.418213129043579
142   3.9482624530792236
143   3.6183183193206787
144   2.4569451808929443
145   3.6529030799865723
146   3.8171632289886475
147   3.883578062057495
148   3.259467601776123
149   3.1962127685546875
150   4.0098748207092285
151   2.986599922180176
152   3.164095878601074
153   3.4010181427001953
154   4.424220085144043
155   2.7477686405181885
156   3.41230845451355
157   3.0149428844451904
158   2.5695748329162598
159   3.831923246383667
160   4.125483512878418
1   4.124016284942627
2   3.244155168533325
3   2.8597519397735596
4   1.9822602272033691
5   2.572162389755249
6   1.4692106246948242
7   2.6171114444732666
8   2.1387457847595215
9   2.401262044906616
10   3.5090866088867188
11   3.906705856323242
12   3.5019891262054443
13   3.480276346206665
14   3.7252984046936035
15   3.47470760345459
16   2.854661464691162
17   3.083162546157837
18   3.697780132293701
19   3.1070027351379395
20   3.717303514480591
21   3.317538022994995
22   2.7248525619506836
23   4.232996463775635
24   3.042433261871338
25   4.217945575714111
26   4.247917652130127
27   5.170176982879639
28   3.6845932006835938
29   3.5289134979248047
30   3.4837212562561035
31   4.472079753875732
32   3.4422974586486816
33   4.2495880126953125
34   3.151134729385376
35   4.058499813079834
36   3.1920697689056396
37   3.610614776611328
38   3.649404525756836
39   3.205385684967041
40   3.5165700912475586
41   3.6382923126220703
42   4.085143089294434
43   3.9343600273132324
44   2.8399507999420166
45   4.491306304931641
46   4.334873199462891
47   1.2456862926483154
48   1.9240143299102783
49   3.4886105060577393
50   3.037660837173462
51   3.4802603721618652
52   2.7260184288024902
53   4.140204429626465
54   4.50218391418457
55   3.162240743637085
56   3.952815294265747
57   4.638421535491943
58   4.996248245239258
59   4.736644744873047
60   2.9561166763305664
61   3.335604667663574
62   2.6006712913513184
63   3.975201368331909
64   2.769481897354126
65   3.1370952129364014
66   2.91654372215271
67   3.0368025302886963
68   4.046638488769531
69   3.7882306575775146
70   3.2602596282958984
71   3.451907157897949
72   3.670365333557129
73   3.033226490020752
74   4.701657772064209
75   4.61121129989624
76   3.289357900619507
77   4.903745174407959
78   3.960420846939087
79   3.092792510986328
80   3.461181879043579
81   3.057896852493286
82   3.7654778957366943
83   3.829676628112793
84   2.9507715702056885
85   3.297340154647827
86   3.329589605331421
87   3.296288251876831
88   3.021956443786621
89   4.249217987060547
90   3.140300989151001
91   4.172395706176758
92   3.8173155784606934
93   3.8371009826660156
94   4.0143280029296875
95   3.841186046600342
96   2.936013698577881
97   2.49687123298645
98   2.0016982555389404
99   2.085602045059204
100   3.672111749649048
101   3.499589443206787
102   3.8302669525146484
103   3.8603909015655518
104   3.988760471343994
105   3.469639539718628
106   2.8638668060302734
107   2.715017557144165
108   4.429975509643555
109   4.7425737380981445
110   3.5480077266693115
111   2.5683481693267822
112   5.23042106628418
113   3.3602163791656494
114   3.5510268211364746
115   2.0430095195770264
116   1.9496251344680786
117   2.399819850921631
118   3.75539231300354
119   3.36906361579895
120   4.6832275390625
121   4.646480083465576
122   4.818497657775879
123   4.508784294128418
124   3.709573984146118
125   3.48225474357605
126   4.562051296234131
127   4.1536688804626465
128   3.730027914047241
129   2.8137834072113037
130   2.5005910396575928
131   4.672981262207031
132   4.326159954071045
133   3.6220932006835938
134   3.6151418685913086
135   3.5074098110198975
136   3.5171926021575928
137   3.1840431690216064
138   3.724026918411255
139   4.271971225738525
140   3.3486642837524414
141   3.0888893604278564
142   4.902215957641602
143   3.219541311264038
144   3.9043452739715576
145   3.759509325027466
146   4.314792156219482
147   4.148238182067871
148   3.0149412155151367
149   3.812695026397705
150   3.5470402240753174
151   3.6294357776641846
152   1.5999077558517456
153   1.9573041200637817
154   3.7148501873016357
155   3.673520565032959
156   3.843169927597046
157   3.7774031162261963
158   4.1650710105896
159   4.211209774017334
160   3.2522971630096436
161   4.307373523712158
162   4.8040642738342285
163   3.6079776287078857
164   2.154670238494873
