0   0.0
1   0.2797433137893677
2   0.18359148502349854
3   0.14544962346553802
4   0.1822931170463562
5   0.19115155935287476
6   0.1890903264284134
7   0.2355494350194931
8   0.1406310796737671
9   0.24587365984916687
10   0.318632036447525
11   0.6654012799263
12   0.6014360189437866
13   1.0106384754180908
14   1.8832716941833496
15   2.500239133834839
16   1.6951483488082886
17   2.01751971244812
18   1.907797932624817
19   1.6758787631988525
20   1.176071047782898
21   1.4236857891082764
22   1.2479612827301025
23   1.6248717308044434
24   1.0909924507141113
25   0.9817940592765808
26   0.5953238010406494
27   0.9564471244812012
28   1.8072127103805542
29   1.7704464197158813
30   1.7710988521575928
31   1.513916015625
32   0.867652416229248
33   1.0685726404190063
34   0.878151535987854
35   0.9476282000541687
36   1.0630327463150024
37   0.8747612237930298
38   1.0740411281585693
39   1.482638955116272
40   1.6177306175231934
41   0.9047713875770569
42   0.9769037961959839
43   0.9586697220802307
44   0.8254147171974182
45   1.2592662572860718
46   0.8393728733062744
47   1.2767133712768555
48   1.1514004468917847
49   1.172394037246704
50   0.9907455444335938
51   0.8870306611061096
52   1.4389396905899048
53   1.4520207643508911
54   1.7277389764785767
55   1.287529706954956
56   1.328576683998108
57   0.896080493927002
58   0.934738039970398
59   1.3597098588943481
60   1.497568964958191
61   1.564225196838379
62   1.4213776588439941
63   1.5412626266479492
64   1.019730806350708
65   2.0985794067382813
66   1.5471595525741577
67   1.0183441638946533
68   1.1608326435089111
69   1.3859679698944092
70   1.0855239629745483
71   1.115277647972107
72   1.2850724458694458
73   0.9229009747505188
74   1.3526006937026978
75   1.3244367837905884
76   1.379535436630249
77   1.1222256422042847
78   1.3935807943344116
79   1.215469241142273
80   1.2310713529586792
81   1.5906950235366821
82   1.1888537406921387
83   0.93690025806427
84   0.9006813764572144
85   1.5393955707550049
86   1.6832101345062256
87   1.2139111757278442
88   0.8470163941383362
89   1.7726030349731445
90   1.440101146697998
91   1.3392995595932007
92   1.1799169778823853
93   1.5459342002868652
94   0.7870755791664124
95   1.0627251863479614
96   0.7920132279396057
97   1.1888285875320435
98   1.129098892211914
99   1.229897141456604
100   0.7981052398681641
101   1.1546907424926758
102   1.1207531690597534
103   1.2515103816986084
104   1.261132836341858
105   1.451546311378479
106   0.9679051637649536
107   0.6856622695922852
108   0.5901928544044495
109   1.3816994428634644
110   0.9088510870933533
111   1.2444159984588623
112   0.7582029700279236
113   1.0271223783493042
114   0.9439476132392883
115   1.0997987985610962
116   1.0261971950531006
117   0.9976648688316345
118   1.0364344120025635
119   1.0982238054275513
120   1.6722853183746338
121   1.8627746105194092
122   1.2515493631362915
123   1.1594786643981934
124   1.885101318359375
125   1.5214954614639282
126   1.3615432977676392
127   1.820547103881836
128   1.522757887840271
129   1.347168207168579
130   1.6351439952850342
131   1.4846290349960327
132   1.6263644695281982
133   1.6119296550750732
134   1.8275843858718872
135   1.3608382940292358
136   1.2166461944580078
137   1.5124622583389282
138   0.9139875173568726
139   1.1346036195755005
140   1.0456806421279907
141   1.6071031093597412
142   1.6357282400131226
143   1.0068886280059814
144   1.053710699081421
145   1.292742133140564
146   1.3945120573043823
147   1.7473058700561523
148   1.5291900634765625
149   1.8856579065322876
150   1.2158422470092773
151   1.106837511062622
152   1.1428031921386719
153   1.137830376625061
154   1.1698760986328125
155   2.1469886302948
156   1.3977160453796387
157   1.6013826131820679
158   2.1387252807617188
159   1.8887680768966675
160   1.3146650791168213
161   0.8961268067359924
162   1.1427475214004517
163   1.735798954963684
164   1.305048942565918
165   1.1649426221847534
166   1.0940147638320923
167   0.994702160358429
168   1.2405809164047241
169   1.4417948722839355
170   1.1243574619293213
171   1.1351693868637085
172   0.8673098087310791
173   1.4160356521606445
174   1.106764554977417
175   0.9872316122055054
176   1.5305219888687134
177   1.3598098754882813
178   1.4755953550338745
179   1.2698417901992798
180   1.6657159328460693
181   0.9499022960662842
182   0.922242283821106
183   2.083319664001465
184   1.7153587341308594
185   1.324026346206665
186   1.0855071544647217
187   1.2057666778564453
188   1.7105010747909546
189   1.0628514289855957
190   0.7137985825538635
191   1.3985106945037842
192   1.143692970275879
193   1.1977649927139282
194   1.2567027807235718
195   1.4645088911056519
196   0.9587425589561462
197   1.1142075061798096
198   1.3798255920410156
199   1.6915746927261353
200   1.2081812620162964
201   1.3297678232192993
202   1.242675542831421
203   1.3543834686279297
204   1.0154247283935547
205   0.9015318751335144
206   1.3561666011810303
207   1.2798455953598022
208   1.2550806999206543
209   1.54169499874115
210   1.6521235704421997
211   1.4131309986114502
212   1.5926518440246582
213   1.217957615852356
1   1.819942831993103
2   1.238524079322815
3   1.4103695154190063
4   0.8551039695739746
5   1.072138786315918
6   1.5222771167755127
7   1.4481185674667358
8   1.750114917755127
9   1.2801438570022583
10   1.6798361539840698
11   1.5989054441452026
12   1.7299336194992065
13   1.1506531238555908
14   1.1496833562850952
15   1.556033730506897
16   1.4298683404922485
17   1.1552107334136963
18   1.2206193208694458
19   1.28714919090271
20   1.386138677597046
1   1.1642611026763916
2   1.0614134073257446
3   1.0889745950698853
4   1.127160668373108
5   1.074651837348938
6   1.1318986415863037
7   1.3214739561080933
8   1.1837433576583862
9   1.2983478307724
10   1.3135650157928467
11   1.294089436531067
12   1.1273802518844604
13   1.3235024213790894
14   0.8793969750404358
15   1.1679421663284302
16   1.1975663900375366
17   1.2323336601257324
18   1.4834868907928467
19   1.1928093433380127
20   1.2621580362319946
21   1.014589786529541
22   1.2941803932189941
23   1.3235563039779663
24   1.1436277627944946
25   1.221368670463562
26   1.1531020402908325
27   1.1237868070602417
28   1.398869276046753
29   1.0486388206481934
30   1.019277572631836
31   1.406835913658142
32   1.1037415266036987
33   1.1161776781082153
34   0.9438058137893677
35   0.9944019317626953
36   1.0754183530807495
37   1.179925799369812
38   1.1549538373947144
39   1.2344720363616943
40   1.187130331993103
41   1.1064811944961548
42   1.1232829093933105
43   0.9881252646446228
44   1.511582612991333
45   1.335572361946106
46   1.105873465538025
47   1.0623726844787598
48   1.201339840888977
49   1.4099031686782837
50   1.0733269453048706
51   1.1952369213104248
52   1.024601697921753
53   1.0500234365463257
54   1.229110836982727
55   1.1992756128311157
56   1.1981918811798096
57   1.1320313215255737
58   1.3234502077102661
59   1.1458661556243896
60   1.0449483394622803
61   1.1580121517181396
62   1.0620242357254028
63   1.1214910745620728
64   0.9647275805473328
65   1.1808208227157593
66   1.2117124795913696
67   1.1177438497543335
68   1.0875197649002075
69   1.038194179534912
70   1.142275094985962
71   1.189561367034912
72   1.2350090742111206
73   1.153329849243164
74   1.1501717567443848
75   1.1410764455795288
76   1.0080012083053589
77   1.0236576795578003
78   1.1680843830108643
79   1.0102866888046265
80   1.3189724683761597
81   1.049869179725647
82   1.1617375612258911
83   1.2265620231628418
84   1.2622945308685303
85   1.3356837034225464
86   1.3056029081344604
87   1.2711769342422485
88   1.090836763381958
89   1.5108827352523804
90   1.148937463760376
91   1.0945323705673218
92   1.0503661632537842
93   1.0921289920806885
94   1.320492148399353
95   1.1111390590667725
96   1.2961251735687256
97   1.2966419458389282
98   1.3651756048202515
99   1.368708610534668
100   1.1643062829971313
101   1.1032782793045044
102   1.0844749212265015
103   1.1309354305267334
104   1.1148749589920044
105   1.128732442855835
106   1.1542036533355713
107   1.23728609085083
108   1.0810246467590332
109   1.429070234298706
110   1.434031367301941
111   1.3110859394073486
112   1.2847307920455933
113   1.1401069164276123
114   1.045952320098877
115   1.137059211730957
116   1.3063621520996094
117   1.2191210985183716
118   1.6079249382019043
119   1.4526337385177612
120   1.1806551218032837
121   1.335673213005066
122   1.3429834842681885
123   1.205586314201355
124   1.2958232164382935
125   1.18379545211792
126   1.467453956604004
127   1.4771140813827515
128   1.262320876121521
129   1.2582036256790161
130   1.368605375289917
131   1.37172269821167
132   1.1785597801208496
133   1.281470775604248
134   1.2843810319900513
135   1.1456444263458252
136   1.231924295425415
137   1.2662830352783203
138   1.2895570993423462
139   1.1979072093963623
140   1.2769016027450562
141   1.179046869277954
142   0.9912511706352234
143   1.100575566291809
144   1.1924834251403809
145   1.2609338760375977
146   1.2208223342895508
147   1.110562801361084
148   1.1402910947799683
149   1.0423029661178589
150   0.8514730334281921
151   1.0582746267318726
152   1.4853233098983765
153   1.2412333488464355
154   1.2464120388031006
155   1.1777695417404175
156   1.1431609392166138
157   1.1130611896514893
158   1.1788538694381714
159   0.9368624687194824
160   1.0628764629364014
1   1.368964672088623
2   1.285409927368164
3   1.3258973360061646
4   1.1573655605316162
5   1.1345384120941162
6   1.2530852556228638
7   1.3790361881256104
8   0.9401707053184509
9   1.1791844367980957
10   1.243131399154663
11   1.0983657836914063
12   1.4379521608352661
13   0.9647617340087891
14   1.063482642173767
15   1.2680848836898804
16   1.4340041875839233
17   1.0616358518600464
18   1.332074522972107
19   1.247550129890442
20   1.2429262399673462
21   1.4054265022277832
22   1.2410742044448853
23   1.4975072145462036
24   0.9821470975875854
25   1.1773477792739868
26   0.9716371893882751
27   1.4568157196044922
28   1.1315739154815674
29   1.508135199546814
30   1.667317509651184
31   1.3680596351623535
32   1.3941456079483032
33   1.188096284866333
34   1.455513596534729
35   1.3866939544677734
36   1.6071853637695313
37   1.542589783668518
38   1.0946584939956665
39   1.145411491394043
40   1.5479670763015747
41   1.0228502750396729
42   1.0003082752227783
43   1.4122707843780518
44   1.0461360216140747
45   1.2133934497833252
46   1.1398067474365234
47   1.4803282022476196
48   1.655639410018921
49   1.3471451997756958
50   0.8142929673194885
51   0.9656473398208618
52   1.3360860347747803
53   0.6891383528709412
54   1.419968605041504
55   1.1042060852050781
56   1.6133966445922852
57   1.1980881690979004
58   1.531693696975708
59   1.3982515335083008
60   1.1280217170715332
61   1.4094151258468628
62   1.2677348852157593
63   1.2294979095458984
64   1.2967115640640259
65   1.6625078916549683
66   0.8744385838508606
67   1.104557752609253
68   1.171731948852539
69   1.5719869136810303
70   1.9604475498199463
71   1.9085009098052979
72   1.885382056236267
73   1.381740689277649
74   1.1589065790176392
75   1.5944846868515015
76   1.3690851926803589
77   1.4292469024658203
78   1.4184430837631226
79   0.8698346614837646
80   0.8905004262924194
81   0.8909416794776917
82   1.7543038129806519
83   2.9755005836486816
84   1.2480792999267578
85   2.8932394981384277
86   1.4509755373001099
87   2.0114681720733643
88   2.281705141067505
89   2.396052837371826
90   1.8032888174057007
91   1.4237512350082397
92   0.7516264915466309
93   1.383467197418213
94   1.1545077562332153
95   0.5352784395217896
96   1.1813246011734009
97   0.9282572865486145
98   0.7519711852073669
99   0.9249094128608704
100   0.9163501262664795
101   0.7709113955497742
102   1.1431936025619507
103   1.2009855508804321
104   1.2374193668365479
105   0.8901360630989075
106   0.6931037306785583
107   0.959912896156311
108   1.3351774215698242
109   1.4284875392913818
110   1.1272212266921997
111   1.1286699771881104
112   0.8237876892089844
113   0.9170998334884644
114   1.4712433815002441
115   1.0141406059265137
116   0.6540334820747375
117   1.1691865921020508
118   1.08193039894104
119   1.4119150638580322
120   1.3658589124679565
121   1.3752726316452026
122   1.2805639505386353
123   1.1881002187728882
124   0.6982265114784241
125   1.4372249841690063
126   0.7131881713867188
127   1.5552030801773071
128   1.0666184425354004
129   1.0534679889678955
130   1.2883718013763428
131   1.2733045816421509
132   1.1669590473175049
133   1.041318655014038
134   1.1159192323684692
135   1.123896837234497
136   1.1271604299545288
137   1.1937850713729858
138   1.041711449623108
139   1.2564905881881714
140   0.9046804904937744
141   1.5294190645217896
142   1.1468830108642578
143   1.167199730873108
144   0.8902540802955627
145   1.2276215553283691
146   1.197878360748291
147   0.9434208273887634
148   0.8764767050743103
149   1.029528021812439
150   0.903953492641449
151   0.9472646117210388
152   1.0029703378677368
153   0.9068822860717773
154   1.1153284311294556
155   0.8976638317108154
156   1.057412028312683
157   1.028719425201416
158   1.0682873725891113
159   0.8975412845611572
160   1.0600537061691284
161   0.8813332319259644
162   1.3262462615966797
163   0.9581446051597595
164   1.103311538696289
