0   0.0
1   2.7237417697906494
2   1.7557481527328491
3   2.261063814163208
4   2.267019748687744
5   1.9656836986541748
6   2.6520395278930664
7   1.8418234586715698
8   1.8473176956176758
9   2.369387626647949
10   2.9466962814331055
11   3.31095814704895
12   3.334195852279663
13   3.5170211791992188
14   3.635608196258545
15   2.8868143558502197
16   3.9584383964538574
17   3.759291648864746
18   5.547321796417236
19   4.196310043334961
20   4.24807596206665
21   4.168334007263184
22   4.133025169372559
23   4.034782886505127
24   3.7569761276245117
25   4.44901704788208
26   4.492702007293701
27   4.490876197814941
28   4.804933547973633
29   4.262247085571289
30   3.9632701873779297
31   4.243527412414551
32   4.418961048126221
33   4.1509857177734375
34   3.6545324325561523
35   4.35182523727417
36   3.7609052658081055
37   2.7460556030273438
38   3.6614277362823486
39   4.380977153778076
40   3.653353691101074
41   4.04060173034668
42   4.213940620422363
43   3.149360179901123
44   3.3906044960021973
45   3.1507039070129395
46   4.162205219268799
47   2.810830593109131
48   3.362800359725952
49   3.938370704650879
50   3.3976123332977295
51   3.3652737140655518
52   3.7634694576263428
53   3.13126540184021
54   4.082054138183594
55   4.115269184112549
56   3.6102371215820313
57   3.0853676795959473
58   3.1750986576080322
59   3.8728151321411133
60   2.8617093563079834
61   4.093648910522461
62   3.970987558364868
63   4.184269428253174
64   3.6314034461975098
65   3.1036183834075928
66   3.2508351802825928
67   3.7312984466552734
68   2.3050553798675537
69   2.915168046951294
70   3.4023096561431885
71   3.5441505908966064
72   2.6118524074554443
73   3.5888681411743164
74   2.9412271976470947
75   3.175050735473633
76   2.5128824710845947
77   3.5440399646759033
78   3.1664562225341797
79   2.9198412895202637
80   2.9099133014678955
81   3.8738479614257813
82   3.431119203567505
83   3.3784308433532715
84   2.829146385192871
85   2.909228563308716
86   2.458042621612549
87   3.009261131286621
88   3.2134783267974854
89   1.9656099081039429
90   2.4826462268829346
91   3.2842016220092773
92   2.7517852783203125
93   3.7157063484191895
94   3.0997889041900635
95   2.874826431274414
96   3.907841444015503
97   3.0416605472564697
98   4.275252342224121
99   4.0606889724731445
100   3.8758020401000977
101   3.5812697410583496
102   3.249959945678711
103   3.4884488582611084
104   3.6308186054229736
105   2.0837388038635254
106   3.3203814029693604
107   3.750580310821533
108   3.477595806121826
109   5.000216484069824
110   2.898653745651245
111   4.026933193206787
112   4.010003566741943
113   4.417454719543457
114   3.6354966163635254
115   3.8246498107910156
116   4.3013505935668945
117   4.117034912109375
118   4.1086626052856445
119   4.9165568351745605
120   5.964051723480225
121   3.2008190155029297
122   4.0706915855407715
123   4.33351469039917
124   5.1845784187316895
125   5.425215244293213
126   4.398735046386719
127   5.308507442474365
128   5.042181015014648
129   5.3463850021362305
130   5.344631671905518
131   4.6280198097229
132   5.045442581176758
133   5.251630783081055
134   5.35200309753418
135   3.7961580753326416
136   4.206087589263916
137   3.152245044708252
138   4.396517276763916
139   3.3655662536621094
140   4.440443992614746
141   4.078866004943848
142   4.46710205078125
143   4.160515308380127
144   4.231001853942871
145   4.079693794250488
146   3.845893621444702
147   4.029290676116943
148   4.136521816253662
149   3.8366105556488037
150   3.996579885482788
151   3.331902265548706
152   4.473695278167725
153   4.019080638885498
154   3.628692388534546
155   4.036764144897461
156   4.482854843139648
157   4.475483417510986
158   3.6547727584838867
159   4.1010355949401855
160   3.7729904651641846
161   4.287946701049805
162   5.054999351501465
163   4.829388618469238
164   3.6823208332061768
165   4.5646796226501465
166   4.083332061767578
167   4.54130744934082
168   4.399464130401611
169   5.182401180267334
170   4.320396423339844
171   2.825468063354492
172   4.087209701538086
173   3.719454050064087
174   3.588045597076416
175   3.247067928314209
176   4.702603816986084
177   3.7307770252227783
178   4.340892314910889
179   2.705299139022827
180   2.699462890625
181   3.1268839836120605
182   2.283975601196289
183   1.9633451700210571
184   1.51410973072052
185   3.3998355865478516
186   2.5709586143493652
187   3.021899461746216
188   2.2751402854919434
189   4.120229244232178
190   3.885802984237671
191   1.7951087951660156
192   3.0162887573242188
193   3.039175271987915
194   3.372377872467041
195   2.4637482166290283
196   3.3640596866607666
197   2.484179735183716
198   3.3336093425750732
199   3.8217685222625732
200   3.4107041358947754
201   3.458873748779297
202   3.7297112941741943
203   2.9710865020751953
204   3.0384058952331543
205   3.1822352409362793
206   2.472102165222168
207   4.0305633544921875
208   3.961541175842285
209   3.57511305809021
210   2.1716158390045166
211   3.709594964981079
212   4.0881853103637695
213   2.8423635959625244
1   3.4573254585266113
2   3.684786796569824
3   3.517421245574951
4   3.638061761856079
5   4.326936721801758
6   4.26936674118042
7   4.189545154571533
8   4.121196269989014
9   3.6133763790130615
10   3.9112796783447266
11   3.7326788902282715
12   3.932288408279419
13   3.563962697982788
14   3.6402833461761475
15   3.8387835025787354
16   3.8525562286376953
17   4.877679347991943
18   4.30096960067749
19   5.479007244110107
20   5.3567214012146
1   4.62930965423584
2   5.1667585372924805
3   5.518611431121826
4   5.266901969909668
5   4.527779579162598
6   4.342747688293457
7   4.140724182128906
8   3.910909652709961
9   3.844607353210449
10   4.818587303161621
11   3.295682668685913
12   3.8449904918670654
13   4.744814872741699
14   3.9191367626190186
15   3.9824602603912354
16   4.261862754821777
17   2.8418209552764893
18   3.1347150802612305
19   5.127997875213623
20   4.246748924255371
21   5.110060691833496
22   4.393106460571289
23   4.08082389831543
24   4.537168025970459
25   3.909142017364502
26   3.4831504821777344
27   4.5777668952941895
28   5.090506076812744
29   4.484644412994385
30   3.8097903728485107
31   3.3428428173065186
32   4.413679122924805
33   3.4485881328582764
34   3.2516801357269287
35   4.209617614746094
36   4.5731096267700195
37   4.305500030517578
38   4.953451156616211
39   3.020400047302246
40   3.7027292251586914
41   3.943830966949463
42   3.7302122116088867
43   4.8021626472473145
44   3.5700652599334717
45   3.9425158500671387
46   2.571866512298584
47   3.587683916091919
48   4.072226047515869
49   3.410024642944336
50   4.350339889526367
51   4.112827777862549
52   3.3640317916870117
53   4.884732723236084
54   4.212544918060303
55   4.233331203460693
56   3.521204710006714
57   4.149567604064941
58   3.3921456336975098
59   4.1953582763671875
60   3.9247684478759766
61   4.992122173309326
62   3.762467384338379
63   3.6332449913024902
64   3.43790864944458
65   4.228619575500488
66   3.11826229095459
67   3.927109479904175
68   4.125734329223633
69   3.560004711151123
70   3.9275591373443604
71   3.673969268798828
72   3.968128204345703
73   4.234052658081055
74   3.140648603439331
75   2.85573410987854
76   4.313374996185303
77   3.0898847579956055
78   4.029089450836182
79   4.4688801765441895
80   3.244905710220337
81   3.7607035636901855
82   4.361400604248047
83   2.9162802696228027
84   4.321671485900879
85   4.432476043701172
86   4.315807819366455
87   4.3610734939575195
88   4.014918804168701
89   4.063883304595947
90   4.21160364151001
91   4.25252628326416
92   4.234896183013916
93   3.357943534851074
94   3.2875187397003174
95   3.086712121963501
96   3.5312609672546387
97   3.7224678993225098
98   3.136441230773926
99   2.65169620513916
100   4.052803993225098
101   4.129342079162598
102   3.761958122253418
103   3.5073797702789307
104   3.876770257949829
105   3.9049696922302246
106   4.6533122062683105
107   3.5596697330474854
108   4.246294975280762
109   4.211947917938232
110   3.7628660202026367
111   4.54701566696167
112   4.7407050132751465
113   4.9794487953186035
114   4.668049335479736
115   4.79348087310791
116   4.794452667236328
117   4.5828142166137695
118   5.246894836425781
119   5.224287033081055
120   4.700367450714111
121   4.69133996963501
122   4.93166446685791
123   4.390078067779541
124   4.765309810638428
125   4.564641952514648
126   3.4256772994995117
127   3.4232943058013916
128   2.741941452026367
129   4.290067672729492
130   4.326581001281738
131   3.5820577144622803
132   4.243511199951172
133   3.481917381286621
134   4.5004754066467285
135   5.084840297698975
136   4.9812846183776855
137   3.60984206199646
138   3.0254065990448
139   3.525607109069824
140   4.760921955108643
141   4.5289435386657715
142   3.374598264694214
143   3.9726991653442383
144   3.8706321716308594
145   2.1284525394439697
146   3.0784950256347656
147   4.228229999542236
148   4.958673477172852
149   4.948540210723877
150   3.3670992851257324
151   4.010911464691162
152   3.1331021785736084
153   4.495859622955322
154   3.9043941497802734
155   3.170524835586548
156   4.289500713348389
157   4.346335411071777
158   3.280982494354248
159   4.533265590667725
160   3.734570026397705
1   4.293848037719727
2   4.785614967346191
3   5.35031795501709
4   5.5293474197387695
5   4.488668441772461
6   4.831054210662842
7   5.45237398147583
8   4.847573280334473
9   4.794924259185791
10   5.019161701202393
11   4.562137603759766
12   4.17442512512207
13   4.58371639251709
14   4.686196327209473
15   4.657590389251709
16   4.952615261077881
17   4.963087558746338
18   5.252981662750244
19   4.559080123901367
20   5.064408302307129
21   4.644185543060303
22   4.588343143463135
23   4.213086128234863
24   4.7637715339660645
25   4.772626876831055
26   4.561779499053955
27   3.9787700176239014
28   4.409555912017822
29   3.3623476028442383
30   4.387172222137451
31   5.419903755187988
32   5.515299320220947
33   4.324367523193359
34   4.72705602645874
35   6.22598123550415
36   4.323105812072754
37   4.1608405113220215
38   4.882050037384033
39   5.228357791900635
40   3.5141146183013916
41   3.1964452266693115
42   4.860538482666016
43   4.704824447631836
44   3.457252025604248
45   4.470963954925537
46   4.063141822814941
47   4.842534065246582
48   4.32220458984375
49   3.7894928455352783
50   5.132248878479004
51   4.667758941650391
52   4.9685587882995605
53   5.666018962860107
54   5.124755859375
55   4.847867012023926
56   4.44807243347168
57   4.451959133148193
58   4.4668779373168945
59   4.813787937164307
60   4.7800140380859375
61   4.834017276763916
62   4.205336093902588
63   4.286739826202393
64   4.476019859313965
65   4.817248344421387
66   4.43516206741333
67   5.051275730133057
68   3.5470752716064453
69   3.787930965423584
70   3.6708250045776367
71   4.660855293273926
72   4.34323263168335
73   4.210809230804443
74   3.0759873390197754
75   4.017321586608887
76   4.467000484466553
77   3.9332644939422607
78   4.03389835357666
79   4.59127950668335
80   4.169806957244873
81   3.363187789916992
82   4.18145227432251
83   4.203004837036133
84   4.447205066680908
85   4.682908535003662
86   4.240200996398926
87   4.267496585845947
88   3.7079410552978516
89   4.332787036895752
90   4.020953178405762
91   3.8148763179779053
92   3.6331398487091064
93   3.9317145347595215
94   3.479233741760254
95   3.7445414066314697
96   4.60565185546875
97   3.342111587524414
98   3.3866679668426514
99   4.045979976654053
100   3.8557779788970947
101   3.2738754749298096
102   2.8921825885772705
103   4.2048444747924805
104   3.761230230331421
105   3.1892096996307373
106   3.732804775238037
107   3.3333098888397217
108   2.766615629196167
109   2.050156831741333
110   3.517127513885498
111   3.7157318592071533
112   3.52681303024292
113   4.1614155769348145
114   3.9796411991119385
115   3.7458596229553223
116   4.9708967208862305
117   3.2423393726348877
118   4.2787017822265625
119   2.9407262802124023
120   3.8605329990386963
121   4.410578727722168
122   2.6571614742279053
123   4.875357627868652
124   4.661099910736084
125   2.9062607288360596
126   4.383408546447754
127   2.908346652984619
128   3.506864070892334
129   3.703906774520874
130   2.842568874359131
131   4.333769798278809
132   3.20354962348938
133   2.969449520111084
134   2.4705770015716553
135   2.211559772491455
136   3.3297901153564453
137   3.972728967666626
138   3.2089016437530518
139   2.7874457836151123
140   4.247626304626465
141   3.7515084743499756
142   3.5809786319732666
143   4.660029888153076
144   4.674079895019531
145   4.026597023010254
146   2.8762381076812744
147   3.3311283588409424
148   3.5836358070373535
149   4.080572128295898
150   4.444236755371094
151   4.6018781661987305
152   4.298591613769531
153   4.122565269470215
154   4.129561901092529
155   2.971832036972046
156   4.438315391540527
157   4.36014986038208
158   3.9636070728302
159   4.328902721405029
160   4.337746620178223
161   4.16520357131958
162   3.552799701690674
163   3.959174871444702
164   3.528581380844116
