0   0.0
1   1.3389588594436646
2   1.2777224779129028
3   1.3200585842132568
4   1.1756906509399414
5   1.1443893909454346
6   1.312778353691101
7   1.2093592882156372
8   1.1426998376846313
9   1.2980660200119019
10   1.353408694267273
11   1.6460883617401123
12   1.4696706533432007
13   1.8402307033538818
14   1.7464426755905151
15   1.7466356754302979
16   1.869688630104065
17   1.7090516090393066
18   2.1318302154541016
19   1.759582757949829
20   2.0501577854156494
21   2.389453887939453
22   2.4067795276641846
23   2.7178866863250732
24   1.7597187757492065
25   3.499800682067871
26   3.137094259262085
27   3.0988388061523438
28   2.681072473526001
29   3.704904079437256
30   3.965461254119873
31   4.888788223266602
32   2.341115713119507
33   2.8507161140441895
34   3.5740818977355957
35   4.05686092376709
36   3.1009485721588135
37   3.914839506149292
38   3.373967409133911
39   3.4610061645507813
40   2.716992139816284
41   3.164032459259033
42   2.540339231491089
43   2.935401201248169
44   1.393142580986023
45   2.6769626140594482
46   1.132455587387085
47   3.404125690460205
48   3.7938084602355957
49   2.73881196975708
50   2.7715697288513184
51   3.26163387298584
52   1.3908607959747314
53   0.8900381326675415
54   1.9514144659042358
55   2.366400957107544
56   1.8993772268295288
57   0.8355146646499634
58   2.981947898864746
59   3.6900594234466553
60   1.6108099222183228
61   2.257941484451294
62   2.2108845710754395
63   2.017200469970703
64   1.4693217277526855
65   3.087791681289673
66   1.9775432348251343
67   1.7220991849899292
68   0.9390413165092468
69   2.12528395652771
70   1.144883394241333
71   2.836487293243408
72   2.7840213775634766
73   2.4591550827026367
74   2.132547378540039
75   2.3976540565490723
76   1.7955961227416992
77   2.283944606781006
78   0.5564413666725159
79   1.7321531772613525
80   1.2700802087783813
81   2.432954788208008
82   3.4261982440948486
83   2.6715731620788574
84   1.1355277299880981
85   3.266916513442993
86   1.4338678121566772
87   1.301629900932312
88   2.403169631958008
89   0.28620946407318115
90   1.4562621116638184
91   3.9612913131713867
92   3.854185104370117
93   1.7892202138900757
94   2.8765194416046143
95   1.3648228645324707
96   2.958828926086426
97   1.1052788496017456
98   0.40146738290786743
99   2.6454074382781982
100   3.43530535697937
101   3.5871732234954834
102   0.8254261612892151
103   2.6216611862182617
104   0.8195975422859192
105   0.9902334809303284
106   2.5530648231506348
107   1.788251519203186
108   2.1067168712615967
109   2.6583991050720215
110   1.3671878576278687
111   1.6071728467941284
112   2.4373481273651123
113   3.9153010845184326
114   3.6707706451416016
115   2.794991970062256
116   2.5488028526306152
117   2.6674463748931885
118   3.6715173721313477
119   2.8194706439971924
120   3.5472753047943115
121   4.512450218200684
122   3.8553860187530518
123   2.853940725326538
124   4.415688991546631
125   3.307126760482788
126   2.9663634300231934
127   3.7652010917663574
128   4.256925582885742
129   3.4185612201690674
130   3.239412784576416
131   3.647299289703369
132   3.4600088596343994
133   4.049749374389648
134   3.8173723220825195
135   2.649622678756714
136   2.9619832038879395
137   3.8288028240203857
138   1.3466944694519043
139   2.9411725997924805
140   3.068249464035034
141   3.4471302032470703
142   2.13741397857666
143   1.5310263633728027
144   1.562577247619629
145   0.6987914443016052
146   4.013299465179443
147   3.7062273025512695
148   3.9595768451690674
149   3.699688196182251
150   3.5293314456939697
151   4.385486125946045
152   3.705570697784424
153   4.311368942260742
154   2.912440299987793
155   3.459658622741699
156   3.5086565017700195
157   4.037295818328857
158   4.293562889099121
159   4.5286946296691895
160   5.281435012817383
161   2.6116385459899902
162   3.1582658290863037
163   2.7501285076141357
164   2.8782622814178467
165   2.6594455242156982
166   1.4043587446212769
167   1.2552027702331543
168   2.8114235401153564
169   3.1580686569213867
170   1.9482084512710571
171   1.4705488681793213
172   0.9739475250244141
173   1.5297971963882446
174   3.796600103378296
175   2.710163116455078
176   4.102921962738037
177   3.821951150894165
178   3.438178777694702
179   3.325692892074585
180   3.306011915206909
181   3.32230281829834
182   3.8493130207061768
183   3.010983943939209
184   4.258416652679443
185   2.704657793045044
186   2.671396017074585
187   3.3843932151794434
188   3.7031054496765137
189   3.9538354873657227
190   3.1531732082366943
191   2.718640089035034
192   3.4954192638397217
193   3.2349953651428223
194   3.0601091384887695
195   3.9286179542541504
196   3.19268798828125
197   3.8757431507110596
198   3.6515305042266846
199   4.24937629699707
200   3.418229579925537
201   3.409135580062866
202   3.84411358833313
203   3.4706826210021973
204   2.4584996700286865
205   3.32511305809021
206   4.330929756164551
207   3.6329431533813477
208   3.9132938385009766
209   3.9776740074157715
210   3.4940433502197266
211   3.8538217544555664
212   4.342367649078369
213   3.720238447189331
1   3.307753324508667
2   3.1508519649505615
3   3.0002267360687256
4   3.2560462951660156
5   3.310596227645874
6   3.2244772911071777
7   2.507570505142212
8   3.4357287883758545
9   2.790766716003418
10   4.24813985824585
11   4.215012550354004
12   3.6931874752044678
13   3.658501148223877
14   3.3009800910949707
15   3.997201681137085
16   3.039147138595581
17   2.5023884773254395
18   2.6109719276428223
19   3.6966145038604736
20   2.978135108947754
1   3.097196340560913
2   3.2504777908325195
3   2.3080906867980957
4   2.967501640319824
5   3.248891592025757
6   4.704738140106201
7   2.994084358215332
8   4.15131139755249
9   3.498777389526367
10   3.5734503269195557
11   3.940795660018921
12   3.4231607913970947
13   3.11989426612854
14   4.068528175354004
15   2.6651694774627686
16   3.3765869140625
17   4.647761821746826
18   3.9312963485717773
19   2.8588168621063232
20   3.6249351501464844
21   2.754366874694824
22   4.093255043029785
23   3.727236032485962
24   2.596374273300171
25   3.2221150398254395
26   3.586785316467285
27   3.929135322570801
28   4.002799987792969
29   3.433797597885132
30   3.0383903980255127
31   3.45234751701355
32   3.830026626586914
33   2.288259744644165
34   2.957517147064209
35   3.3284740447998047
36   3.3637969493865967
37   3.005692958831787
38   3.197111129760742
39   4.053631782531738
40   3.473203182220459
41   1.1436963081359863
42   1.9359731674194336
43   1.7485942840576172
44   2.2528762817382813
45   1.5905617475509644
46   1.1252785921096802
47   1.8860820531845093
48   2.359018087387085
49   1.882991075515747
50   2.1457035541534424
51   2.601551055908203
52   2.165814161300659
53   2.0809178352355957
54   2.8170838356018066
55   2.143718957901001
56   3.4237427711486816
57   3.3294084072113037
58   3.2575926780700684
59   4.488539218902588
60   1.921899437904358
61   4.00717830657959
62   3.6061160564422607
63   3.0224530696868896
64   3.124675989151001
65   3.122100353240967
66   4.150432586669922
67   1.4925599098205566
68   3.0585732460021973
69   5.0797882080078125
70   3.5025761127471924
71   4.948437213897705
72   1.782385230064392
73   2.981285572052002
74   2.8608412742614746
75   2.6408677101135254
76   2.8376173973083496
77   4.379585266113281
78   3.966585874557495
79   3.4055323600769043
80   4.488855361938477
81   2.8121542930603027
82   4.044405460357666
83   3.227491855621338
84   2.736623525619507
85   3.138807773590088
86   3.5756168365478516
87   2.8726775646209717
88   3.185579776763916
89   2.1109113693237305
90   3.1629817485809326
91   2.3783328533172607
92   4.011057376861572
93   2.863886594772339
94   1.560296654701233
95   3.1740922927856445
96   2.6154303550720215
97   2.7631068229675293
98   2.710482120513916
99   2.4289345741271973
100   2.7114672660827637
101   1.8447505235671997
102   1.7392715215682983
103   3.234224557876587
104   4.888484477996826
105   3.5344765186309814
106   4.077133655548096
107   4.455405235290527
108   3.6773667335510254
109   5.049693584442139
110   5.190573215484619
111   4.004711151123047
112   4.344308376312256
113   3.934755325317383
114   4.479493141174316
115   4.164884090423584
116   4.1226420402526855
117   4.299060821533203
118   4.086941719055176
119   4.252553462982178
120   3.9138290882110596
121   4.38941764831543
122   3.418362855911255
123   3.0915777683258057
124   3.845991373062134
125   2.546743869781494
126   1.0137807130813599
127   2.0152416229248047
128   1.2805095911026
129   3.1875391006469727
130   3.3150315284729004
131   3.3084940910339355
132   2.1523492336273193
133   3.452265739440918
134   5.08536434173584
135   4.335550785064697
136   3.8853256702423096
137   3.959505081176758
138   4.712218761444092
139   3.743171453475952
140   3.5484580993652344
141   4.117656230926514
142   3.9533462524414063
143   3.876492500305176
144   3.634828567504883
145   3.847501277923584
146   2.4331154823303223
147   2.039790391921997
148   1.009579062461853
149   1.974045753479004
150   1.8573415279388428
151   2.733386993408203
152   4.5366411209106445
153   2.9324612617492676
154   5.6579179763793945
155   3.0996015071868896
156   4.4795966148376465
157   4.195377826690674
158   3.769503355026245
159   3.4424967765808105
160   3.519057273864746
1   3.004690408706665
2   3.7212936878204346
3   4.372761249542236
4   2.7330141067504883
5   2.9619059562683105
6   3.1716089248657227
7   3.8363239765167236
8   2.944981098175049
9   3.4193036556243896
10   3.2778077125549316
11   2.7684690952301025
12   4.1206865310668945
13   3.915635108947754
14   2.563382387161255
15   3.5653793811798096
16   4.184039115905762
17   2.908057451248169
18   3.4978251457214355
19   3.261723279953003
20   3.2885279655456543
21   2.4608612060546875
22   3.101696252822876
23   3.982860803604126
24   3.14149808883667
25   3.2991225719451904
26   2.6486685276031494
27   3.406395196914673
28   2.119600534439087
29   4.876973628997803
30   4.531540393829346
31   3.6204676628112793
32   4.04585599899292
33   3.621673345565796
34   4.082077503204346
35   4.602452278137207
36   4.5879807472229
37   3.868942975997925
38   3.0176637172698975
39   3.0395355224609375
40   3.790067195892334
41   3.3164029121398926
42   3.679149627685547
43   3.293978691101074
44   2.874946355819702
45   3.8102951049804688
46   3.322582721710205
47   3.955225706100464
48   3.139888286590576
49   3.4231529235839844
50   3.426093578338623
51   2.7893288135528564
52   3.4190080165863037
53   3.2278733253479004
54   3.1648476123809814
55   2.4706759452819824
56   3.887136459350586
57   3.026731014251709
58   3.9207000732421875
59   3.044956922531128
60   3.4106152057647705
61   2.619946241378784
62   3.97788405418396
63   3.9774653911590576
64   3.4171736240386963
65   4.082625865936279
66   2.6177148818969727
67   3.707791328430176
68   4.10395622253418
69   3.9882664680480957
70   4.433104038238525
71   4.435390472412109
72   3.373575448989868
73   3.566957712173462
74   4.183363437652588
75   3.525322675704956
76   3.6116302013397217
77   3.3320250511169434
78   3.1225600242614746
79   3.0685231685638428
80   3.0961802005767822
81   2.811417818069458
82   3.4819982051849365
83   4.056232452392578
84   2.8049583435058594
85   2.662696123123169
86   3.162341833114624
87   2.7142231464385986
88   3.335000514984131
89   3.765976905822754
90   3.252925157546997
91   3.332333564758301
92   3.065913677215576
93   2.901876449584961
94   3.897623062133789
95   3.632659673690796
96   3.688619613647461
97   3.5011041164398193
98   2.548222780227661
99   3.5352888107299805
100   3.6228771209716797
101   2.4085254669189453
102   3.4954605102539063
103   3.1106626987457275
104   3.609622001647949
105   1.4629555940628052
106   1.9867424964904785
107   1.4371702671051025
108   1.099863052368164
109   1.5400367975234985
110   2.5295629501342773
111   1.4481972455978394
112   3.5844616889953613
113   2.639050006866455
114   3.828439474105835
115   4.081845283508301
116   3.2561707496643066
117   3.558284282684326
118   2.6709885597229004
119   2.3075029850006104
120   2.437117576599121
121   2.406965970993042
122   1.5361894369125366
123   2.7160909175872803
124   2.501481056213379
125   3.1070616245269775
126   2.495255947113037
127   1.7453161478042603
128   2.270247220993042
129   1.6287362575531006
130   2.3254916667938232
131   2.1875765323638916
132   2.293459177017212
133   1.7394908666610718
134   2.2537167072296143
135   1.8434089422225952
136   2.5218169689178467
137   3.650675058364868
138   4.473273754119873
139   3.628392457962036
140   3.7760376930236816
141   4.537890434265137
142   3.4971423149108887
143   3.5670454502105713
144   3.404616117477417
145   3.144657611846924
146   2.6333422660827637
147   2.670606851577759
148   2.757755756378174
149   3.369187116622925
150   3.4968819618225098
151   4.358495235443115
152   3.3689687252044678
153   3.3795015811920166
154   4.276470184326172
155   3.1836531162261963
156   3.7228844165802
157   3.0066733360290527
158   3.680446147918701
159   3.3161165714263916
160   2.896338701248169
161   3.4595770835876465
162   4.215351104736328
163   3.2606801986694336
164   3.1642582416534424
