0   0.0
1   0.2179735004901886
2   0.19557154178619385
3   0.19791093468666077
4   0.1940368413925171
5   0.19719965755939484
6   0.1822885125875473
7   0.18994088470935822
8   0.1824580878019333
9   0.23356620967388153
10   0.2809261977672577
11   0.4000973403453827
12   0.4773246645927429
13   0.9054527282714844
14   1.467618465423584
15   2.0026285648345947
16   1.2665694952011108
17   1.3697788715362549
18   1.8445911407470703
19   1.5991209745407104
20   1.6355804204940796
21   1.3790793418884277
22   1.6713905334472656
23   1.9038678407669067
24   1.8328875303268433
25   2.2491166591644287
26   1.3681150674819946
27   1.5618629455566406
28   1.4396791458129883
29   1.5826491117477417
30   1.932513952255249
31   2.485867977142334
32   1.874149203300476
33   1.890339732170105
34   2.412456750869751
35   1.8040651082992554
36   1.6112096309661865
37   1.9003748893737793
38   1.8639835119247437
39   1.7727904319763184
40   1.6355514526367188
41   1.910299301147461
42   1.5077165365219116
43   1.667587161064148
44   1.7237440347671509
45   1.9130933284759521
46   1.7347382307052612
47   1.7922635078430176
48   1.887632131576538
49   1.704126238822937
50   2.120800256729126
51   1.7291669845581055
52   1.4572386741638184
53   1.771422028541565
54   2.006828546524048
55   1.524111270904541
56   1.6173253059387207
57   2.070915699005127
58   2.1219236850738525
59   2.4865810871124268
60   1.7223104238510132
61   1.6008964776992798
62   2.239135503768921
63   1.7867082357406616
64   1.7594763040542603
65   2.1251461505889893
66   2.1519107818603516
67   1.8187236785888672
68   2.2494640350341797
69   2.0072104930877686
70   2.003917694091797
71   1.9510433673858643
72   1.7695608139038086
73   1.8323538303375244
74   2.1694462299346924
75   1.698554515838623
76   1.846691608428955
77   1.9072455167770386
78   2.8087618350982666
79   2.484736680984497
80   2.271573066711426
81   2.5154869556427
82   2.8718037605285645
83   2.9400036334991455
84   2.6105618476867676
85   2.9744348526000977
86   2.241478204727173
87   2.1954715251922607
88   2.191816806793213
89   2.400719404220581
90   2.083089828491211
91   2.866910219192505
92   1.6497750282287598
93   1.7587122917175293
94   1.9011638164520264
95   1.6010853052139282
96   2.2601585388183594
97   2.679755926132202
98   1.9074769020080566
99   2.2195677757263184
100   2.352555513381958
101   1.9459786415100098
102   1.6404297351837158
103   1.7831754684448242
104   1.587929129600525
105   1.8091036081314087
106   2.387554407119751
107   2.4062392711639404
108   1.9085264205932617
109   2.160823106765747
110   2.0538828372955322
111   2.448436975479126
112   2.4693100452423096
113   2.4218368530273438
114   1.9217020273208618
115   1.9649269580841064
116   1.7825160026550293
117   1.7386554479599
118   1.2698971033096313
119   1.6323431730270386
120   1.7001234292984009
121   2.158190965652466
122   1.7822805643081665
123   1.8128459453582764
124   2.298489809036255
125   2.039123773574829
126   1.6896201372146606
127   1.9601227045059204
128   1.7306816577911377
129   1.771459937095642
130   1.5254000425338745
131   1.8976731300354004
132   1.9305299520492554
133   1.9822049140930176
134   1.9157906770706177
135   1.468319058418274
136   1.6643484830856323
137   1.9364054203033447
138   1.7083766460418701
139   1.8529536724090576
140   2.0051474571228027
141   1.6976350545883179
142   1.930128812789917
143   1.5814259052276611
144   1.4167805910110474
145   1.7434039115905762
146   1.9418582916259766
147   1.7409019470214844
148   2.1316847801208496
149   1.6330783367156982
150   1.7296241521835327
151   2.2377521991729736
152   1.7498364448547363
153   1.7380744218826294
154   1.384844183921814
155   2.096303701400757
156   2.046135663986206
157   2.1308655738830566
158   2.4007086753845215
159   2.6062448024749756
160   1.9990339279174805
161   2.105890989303589
162   2.2195498943328857
163   2.103485107421875
164   1.9300129413604736
165   1.6915619373321533
166   1.6062108278274536
167   1.5307966470718384
168   1.8885853290557861
169   2.163172483444214
170   1.4464917182922363
171   1.4298243522644043
172   1.7066389322280884
173   1.82441246509552
174   1.5368177890777588
175   1.6450990438461304
176   1.6218786239624023
177   1.7316874265670776
178   1.4419476985931396
179   1.7244293689727783
180   2.846463203430176
181   1.8253657817840576
182   2.118858814239502
183   2.4008028507232666
184   1.8794077634811401
185   2.037900686264038
186   2.0201287269592285
187   2.110990285873413
188   2.182255506515503
189   1.7887781858444214
190   1.4054509401321411
191   1.9511291980743408
192   1.917323112487793
193   1.738369107246399
194   1.5122653245925903
195   1.9706718921661377
196   1.7733560800552368
197   2.856360912322998
198   2.6963090896606445
199   2.144339084625244
200   1.4766401052474976
201   1.154542326927185
202   1.2630029916763306
203   1.4184198379516602
204   1.793641448020935
205   1.5060062408447266
206   1.2834144830703735
207   1.3303720951080322
208   1.6686664819717407
209   1.5455254316329956
210   1.8351877927780151
211   1.6242955923080444
212   1.872959017753601
213   1.6094616651535034
1   1.462497591972351
2   2.1816022396087646
3   1.5759919881820679
4   1.4736571311950684
5   1.6054571866989136
6   1.671236276626587
7   1.5950742959976196
8   1.8744637966156006
9   1.6799288988113403
10   1.8814665079116821
11   2.1798899173736572
12   2.3029329776763916
13   1.8141216039657593
14   1.6473404169082642
15   2.023244619369507
16   1.8023439645767212
17   1.786316156387329
18   1.8104363679885864
19   2.0405397415161133
20   1.9175406694412231
1   1.8052096366882324
2   1.8419471979141235
3   1.6791658401489258
4   1.5807267427444458
5   1.6651864051818848
6   1.6715320348739624
7   1.364397644996643
8   1.8366801738739014
9   1.8287330865859985
10   1.815605640411377
11   2.015721559524536
12   1.932437777519226
13   1.752046823501587
14   1.69664466381073
15   1.6948435306549072
16   1.7452863454818726
17   1.9250106811523438
18   1.7606384754180908
19   2.046593427658081
20   1.508176326751709
21   2.103909969329834
22   1.7665951251983643
23   1.9005235433578491
24   1.8789640665054321
25   1.5811991691589355
26   1.8897693157196045
27   1.6734509468078613
28   1.7183963060379028
29   1.9523990154266357
30   1.426358938217163
31   2.041166305541992
32   2.104325532913208
33   2.099606990814209
34   1.762699007987976
35   1.7234115600585938
36   1.7490278482437134
37   1.5971399545669556
38   1.7360090017318726
39   2.2418925762176514
40   2.267670154571533
41   2.1273770332336426
42   2.0461535453796387
43   2.080352783203125
44   2.322125196456909
45   2.3659465312957764
46   1.6228411197662354
47   1.985721468925476
48   1.994978666305542
49   2.04491925239563
50   1.716058611869812
51   1.9602771997451782
52   1.781032919883728
53   1.696571707725525
54   2.0406808853149414
55   1.7039237022399902
56   2.0853404998779297
57   2.101647138595581
58   2.1477181911468506
59   2.245590925216675
60   1.9569110870361328
61   2.0867204666137695
62   2.050741195678711
63   1.9984036684036255
64   2.023557186126709
65   1.9106351137161255
66   2.200766086578369
67   1.870443344116211
68   1.8564789295196533
69   2.115741014480591
70   2.0352087020874023
71   2.3039755821228027
72   2.350754737854004
73   2.2490434646606445
74   2.277863025665283
75   2.56290864944458
76   2.407454013824463
77   2.16174578666687
78   1.8975942134857178
79   1.6904075145721436
80   2.2828047275543213
81   1.5939706563949585
82   1.7310078144073486
83   1.6505995988845825
84   1.5421977043151855
85   1.8156239986419678
86   1.3990988731384277
87   1.8559054136276245
88   1.6880711317062378
89   1.8287761211395264
90   1.520857572555542
91   1.6352252960205078
92   1.798946738243103
93   2.0177483558654785
94   2.1907448768615723
95   2.0693652629852295
96   1.9469075202941895
97   1.9447033405303955
98   2.0728650093078613
99   2.0403976440429688
100   1.9752041101455688
101   1.852794885635376
102   2.6911284923553467
103   1.9670292139053345
104   2.232630729675293
105   1.9977861642837524
106   2.8153929710388184
107   2.187674045562744
108   2.097618818283081
109   2.5197222232818604
110   2.690836191177368
111   1.9292620420455933
112   2.005138397216797
113   2.0324552059173584
114   2.301363468170166
115   2.1627418994903564
116   2.21040415763855
117   2.306114912033081
118   2.2390246391296387
119   2.0948638916015625
120   2.0652077198028564
121   2.5230422019958496
122   1.967929720878601
123   1.9001712799072266
124   1.902560830116272
125   1.9669395685195923
126   2.120387315750122
127   1.7973817586898804
128   1.988613486289978
129   1.9770622253417969
130   1.995507836341858
131   1.8681285381317139
132   1.703757882118225
133   1.7932548522949219
134   2.2966251373291016
135   2.1847193241119385
136   1.9729955196380615
137   2.2020504474639893
138   2.1911633014678955
139   1.9738447666168213
140   2.0358898639678955
141   2.0586752891540527
142   1.928052306175232
143   2.0457937717437744
144   2.1677920818328857
145   2.285731554031372
146   1.8978831768035889
147   1.669192910194397
148   1.565482497215271
149   1.9401934146881104
150   1.6882468461990356
151   1.5827393531799316
152   1.7182427644729614
153   1.9821443557739258
154   2.717949390411377
155   1.9523820877075195
156   2.0821380615234375
157   2.3481032848358154
158   1.9273273944854736
159   1.6593842506408691
160   1.424993634223938
1   1.9320069551467896
2   1.856077790260315
3   2.3526930809020996
4   2.0483474731445313
5   1.9431040287017822
6   1.894453525543213
7   2.0016286373138428
8   1.9616456031799316
9   1.8450217247009277
10   1.6530860662460327
11   1.9514204263687134
12   1.865599274635315
13   1.6846656799316406
14   1.6450870037078857
15   1.8250410556793213
16   1.9574527740478516
17   1.6575433015823364
18   1.687506079673767
19   1.649692416191101
20   1.5681571960449219
21   1.97870934009552
22   1.906492829322815
23   1.993301510810852
24   1.6017286777496338
25   1.7518573999404907
26   1.6739370822906494
27   2.113193988800049
28   1.8093299865722656
29   1.850234031677246
30   1.9529297351837158
31   1.8134238719940186
32   1.795615553855896
33   1.7527238130569458
34   2.1548264026641846
35   1.9013508558273315
36   2.0309524536132813
37   1.7981326580047607
38   1.7334856986999512
39   1.777637004852295
40   1.8666695356369019
41   1.74592924118042
42   1.6929465532302856
43   1.8360750675201416
44   1.962923288345337
45   1.5299168825149536
46   1.930444598197937
47   2.0402767658233643
48   1.5786142349243164
49   1.848038911819458
50   1.7022647857666016
51   1.729659080505371
52   2.313936710357666
53   1.5443965196609497
54   1.752170205116272
55   1.6252683401107788
56   1.6000093221664429
57   1.8874421119689941
58   1.7053338289260864
59   1.829390287399292
60   1.7491326332092285
61   1.8011622428894043
62   1.9457374811172485
63   1.6666935682296753
64   1.590442419052124
65   1.9781343936920166
66   1.7533708810806274
67   1.432374358177185
68   1.7514156103134155
69   1.710363507270813
70   2.313807487487793
71   2.0052924156188965
72   2.0282201766967773
73   1.555357813835144
74   1.8157895803451538
75   1.9464894533157349
76   1.420469045639038
77   1.354364275932312
78   2.450509786605835
79   1.7700369358062744
80   1.979144811630249
81   1.7560158967971802
82   2.466254711151123
83   2.5907444953918457
84   2.076622486114502
85   2.7382290363311768
86   2.1301350593566895
87   1.964882731437683
88   1.8120063543319702
89   2.119619846343994
90   2.134413719177246
91   1.9769476652145386
92   1.6023141145706177
93   2.39180326461792
94   2.336003065109253
95   2.3532934188842773
96   2.445265054702759
97   1.9838982820510864
98   1.6791316270828247
99   1.783507227897644
100   2.005951404571533
101   1.6747020483016968
102   2.0237295627593994
103   1.9869641065597534
104   1.8832757472991943
105   2.116546869277954
106   2.4897921085357666
107   2.5151145458221436
108   2.210562229156494
109   2.486013889312744
110   2.3035471439361572
111   2.0885262489318848
112   2.188553810119629
113   2.204941511154175
114   1.9008169174194336
115   2.299210786819458
116   2.0803635120391846
117   1.9606103897094727
118   1.9761314392089844
119   1.9388614892959595
120   2.397510051727295
121   1.8979483842849731
122   1.7748335599899292
123   2.10967755317688
124   1.784922480583191
125   2.138336181640625
126   1.9294952154159546
127   2.240870714187622
128   1.6907731294631958
129   1.7939988374710083
130   2.2424700260162354
131   1.9710546731948853
132   1.846634030342102
133   2.1249191761016846
134   2.0029754638671875
135   1.7994402647018433
136   2.0007941722869873
137   1.9650063514709473
138   2.08846378326416
139   1.7207608222961426
140   1.9390853643417358
141   2.0828633308410645
142   1.4884010553359985
143   1.8170621395111084
144   1.8433215618133545
145   1.7181143760681152
146   1.556936264038086
147   1.8530542850494385
148   1.7198259830474854
149   1.5089521408081055
150   1.5400943756103516
151   1.7892045974731445
152   1.8025189638137817
153   1.7796443700790405
154   1.795083999633789
155   1.7946667671203613
156   2.047466278076172
157   1.7672863006591797
158   1.7118901014328003
159   1.6888741254806519
160   1.351106882095337
161   1.5587553977966309
162   1.6732587814331055
163   1.697752594947815
164   1.3159312009811401
