0   0.0
1   0.21525202691555023
2   0.21201582252979279
3   0.19876939058303833
4   0.1999933421611786
5   0.21467265486717224
6   0.2017839103937149
7   0.20785008370876312
8   0.2038196325302124
9   0.255706250667572
10   0.30516719818115234
11   0.4203895926475525
12   0.5240078568458557
13   0.8902583122253418
14   1.5153180360794067
15   2.029893636703491
16   1.2685209512710571
17   1.4137449264526367
18   1.6677440404891968
19   1.5277278423309326
20   1.5015742778778076
21   1.270422339439392
22   1.5481164455413818
23   1.7386401891708374
24   1.6922073364257813
25   1.9449434280395508
26   1.3025132417678833
27   1.4613534212112427
28   1.335353970527649
29   1.467726707458496
30   1.8290120363235474
31   2.2366647720336914
32   1.7818214893341064
33   1.723763346672058
34   2.2946054935455322
35   1.8200838565826416
36   1.7710931301116943
37   1.924382209777832
38   1.7726352214813232
39   1.6603347063064575
40   1.5137251615524292
41   1.9210892915725708
42   1.5140467882156372
43   1.5390236377716064
44   1.6841888427734375
45   1.8874506950378418
46   1.7705607414245605
47   1.7851322889328003
48   1.8022875785827637
49   1.759404182434082
50   2.0280394554138184
51   1.6394273042678833
52   1.3571525812149048
53   1.7244876623153687
54   1.9375156164169312
55   1.561876654624939
56   1.6600011587142944
57   2.154651165008545
58   1.9997107982635498
59   2.4040017127990723
60   1.730646014213562
61   1.5607380867004395
62   2.271059036254883
63   1.7000449895858765
64   1.8610289096832275
65   2.0515153408050537
66   2.224560499191284
67   1.8731459379196167
68   2.1764442920684814
69   1.9368761777877808
70   1.9815844297409058
71   1.8591349124908447
72   1.8237992525100708
73   1.754434585571289
74   2.1152379512786865
75   1.715230107307434
76   1.7974648475646973
77   1.8200587034225464
78   2.792541265487671
79   2.456695079803467
80   2.289274215698242
81   2.2866523265838623
82   2.5713984966278076
83   2.6716630458831787
84   2.42503023147583
85   2.7780308723449707
86   2.226630210876465
87   2.1848390102386475
88   2.0584185123443604
89   2.3166451454162598
90   2.085940361022949
91   2.7156267166137695
92   1.5679740905761719
93   1.68746018409729
94   1.79341721534729
95   1.4783499240875244
96   2.004958391189575
97   2.3435425758361816
98   1.798254132270813
99   2.0670688152313232
100   2.1099414825439453
101   1.891211986541748
102   1.6284849643707275
103   1.793084979057312
104   1.5774791240692139
105   1.7252830266952515
106   2.1407554149627686
107   2.1972508430480957
108   1.733007550239563
109   2.018054246902466
110   1.9845064878463745
111   2.163442373275757
112   2.2522685527801514
113   2.265984058380127
114   1.8465145826339722
115   1.7880291938781738
116   1.6556192636489868
117   1.601881504058838
118   1.1865352392196655
119   1.6012952327728271
120   1.6438190937042236
121   2.0671019554138184
122   1.6546437740325928
123   1.6916297674179077
124   2.111051321029663
125   1.9918920993804932
126   1.624713659286499
127   1.8838341236114502
128   1.640918254852295
129   1.5988417863845825
130   1.4243041276931763
131   1.7866570949554443
132   1.8083891868591309
133   1.8592110872268677
134   1.8976482152938843
135   1.4694057703018188
136   1.5031648874282837
137   1.788678765296936
138   1.670061469078064
139   1.8210885524749756
140   1.880377173423767
141   1.6234421730041504
142   1.8419541120529175
143   1.4648019075393677
144   1.3813931941986084
145   1.659507155418396
146   1.8039171695709229
147   1.598515510559082
148   2.0236282348632813
149   1.6146174669265747
150   1.6951618194580078
151   2.1083984375
152   1.6057361364364624
153   1.6099739074707031
154   1.3899697065353394
155   2.041125535964966
156   2.034151315689087
157   2.053968906402588
158   2.264425039291382
159   2.533527374267578
160   1.8964587450027466
161   1.9217427968978882
162   2.122260570526123
163   1.9919841289520264
164   1.7652690410614014
165   1.6235837936401367
166   1.691800832748413
167   1.5739266872406006
168   1.7683913707733154
169   2.056800365447998
170   1.3837403059005737
171   1.4137582778930664
172   1.6994006633758545
173   1.7937616109848022
174   1.5466111898422241
175   1.5510936975479126
176   1.646546483039856
177   1.6476637125015259
178   1.4777898788452148
179   1.7512637376785278
180   2.710139036178589
181   1.675371527671814
182   2.0330913066864014
183   2.1662983894348145
184   1.773586392402649
185   1.936663031578064
186   1.9756872653961182
187   1.9498430490493774
188   2.0999460220336914
189   1.792396903038025
190   1.346062421798706
191   1.7940757274627686
192   1.8775887489318848
193   1.6207340955734253
194   1.4409894943237305
195   1.964619517326355
196   1.77810537815094
197   2.6108598709106445
198   2.4726815223693848
199   2.153918981552124
200   1.418979287147522
201   1.065489649772644
202   1.1917716264724731
203   1.2893179655075073
204   1.7351760864257813
205   1.4825409650802612
206   1.3080650568008423
207   1.2470307350158691
208   1.593266487121582
209   1.5474250316619873
210   1.8103148937225342
211   1.5779556035995483
212   1.7872613668441772
213   1.5584638118743896
1   1.4086346626281738
2   2.0461816787719727
3   1.7126438617706299
4   1.5482497215270996
5   1.5033767223358154
6   1.5617682933807373
7   1.4850443601608276
8   1.815726637840271
9   1.505438208580017
10   1.7003285884857178
11   2.0376381874084473
12   2.258955955505371
13   1.6589746475219727
14   1.5755430459976196
15   2.0158464908599854
16   1.8126410245895386
17   1.5639708042144775
18   1.6543446779251099
19   1.8196170330047607
20   1.7976808547973633
1   1.6558705568313599
2   1.6578861474990845
3   1.5240144729614258
4   1.4591675996780396
5   1.5605605840682983
6   1.5159024000167847
7   1.4081754684448242
8   1.7784572839736938
9   1.6734544038772583
10   1.707741618156433
11   1.8311434984207153
12   1.8128126859664917
13   1.6054925918579102
14   1.576545000076294
15   1.51509428024292
16   1.6557010412216187
17   1.7468218803405762
18   1.6977254152297974
19   1.945436954498291
20   1.352691650390625
21   1.8189616203308105
22   1.6098911762237549
23   1.744367241859436
24   1.72862708568573
25   1.4538984298706055
26   1.6898374557495117
27   1.5267316102981567
28   1.6097908020019531
29   1.8938331604003906
30   1.4117305278778076
31   1.9808096885681152
32   1.993997573852539
33   2.056675434112549
34   1.6321223974227905
35   1.6763628721237183
36   1.6331735849380493
37   1.500387191772461
38   1.7010588645935059
39   2.0401999950408936
40   2.1744308471679688
41   2.059227228164673
42   1.9376662969589233
43   2.0252673625946045
44   2.2660107612609863
45   2.2092015743255615
46   1.6085478067398071
47   1.9224156141281128
48   1.9344468116760254
49   1.9955737590789795
50   1.6940289735794067
51   1.9022648334503174
52   1.6305865049362183
53   1.6992937326431274
54   1.959032654762268
55   1.6983603239059448
56   1.9172548055648804
57   2.0699679851531982
58   2.0914039611816406
59   2.1879866123199463
60   1.951969027519226
61   2.0134737491607666
62   1.9898760318756104
63   1.8720155954360962
64   1.9017046689987183
65   1.8244441747665405
66   2.1420609951019287
67   1.8393663167953491
68   1.7553149461746216
69   1.9992411136627197
70   1.9563441276550293
71   2.177832841873169
72   2.3004953861236572
73   2.0910210609436035
74   2.1104984283447266
75   2.3879072666168213
76   2.2320175170898438
77   2.1063451766967773
78   1.8837995529174805
79   1.668559193611145
80   2.231525421142578
81   1.5946681499481201
82   1.7240101099014282
83   1.6304851770401
84   1.5708930492401123
85   1.7568544149398804
86   1.3969777822494507
87   1.8669403791427612
88   1.6937541961669922
89   1.8263953924179077
90   1.5858055353164673
91   1.5458303689956665
92   1.8320088386535645
93   1.9100817441940308
94   2.223766803741455
95   2.0076744556427
96   1.972092628479004
97   1.928175687789917
98   2.100600481033325
99   1.988120436668396
100   1.8924646377563477
101   1.8570891618728638
102   2.6303789615631104
103   1.991368055343628
104   2.1848154067993164
105   2.008805513381958
106   2.7249693870544434
107   2.11727237701416
108   2.116746664047241
109   2.4107401371002197
110   2.66713809967041
111   1.726578712463379
112   1.982234001159668
113   1.851993441581726
114   2.1573069095611572
115   1.9357632398605347
116   2.0251827239990234
117   2.292593479156494
118   2.3138599395751953
119   2.1274960041046143
120   1.934217929840088
121   2.386800765991211
122   1.9351896047592163
123   1.7821033000946045
124   1.8964966535568237
125   1.9138511419296265
126   2.023599863052368
127   1.88404381275177
128   2.0815556049346924
129   2.0352373123168945
130   1.9920005798339844
131   1.8239550590515137
132   1.7213594913482666
133   1.7832703590393066
134   2.281491994857788
135   2.1413753032684326
136   1.9133168458938599
137   2.24954891204834
138   2.208972930908203
139   1.9847146272659302
140   2.0425682067871094
141   2.0612823963165283
142   1.915358543395996
143   1.9231276512145996
144   2.060938835144043
145   2.2446439266204834
146   1.9463900327682495
147   1.6828447580337524
148   1.5786241292953491
149   1.878488540649414
150   1.6266083717346191
151   1.5709431171417236
152   1.6320245265960693
153   2.0308518409729004
154   2.564810276031494
155   1.9638508558273315
156   2.021832227706909
157   2.262568950653076
158   1.8233767747879028
159   1.624949336051941
160   1.5635919570922852
1   1.8484296798706055
2   1.7088093757629395
3   2.063201904296875
4   1.9067058563232422
5   1.7375764846801758
6   1.7308932542800903
7   1.9503545761108398
8   1.7854602336883545
9   1.6648943424224854
10   1.5155667066574097
11   1.7690742015838623
12   1.9085991382598877
13   1.6277210712432861
14   1.46427321434021
15   1.6972136497497559
16   1.8477177619934082
17   1.6625523567199707
18   1.6495219469070435
19   1.5455032587051392
20   1.4995650053024292
21   1.7964216470718384
22   1.7334563732147217
23   1.9690766334533691
24   1.574501395225525
25   1.7087483406066895
26   1.5411708354949951
27   2.045327663421631
28   1.7384777069091797
29   1.7590943574905396
30   1.8910759687423706
31   1.773196816444397
32   1.6869596242904663
33   1.7244625091552734
34   2.032076358795166
35   1.8578237295150757
36   1.9954999685287476
37   1.6867557764053345
38   1.5613900423049927
39   1.6296042203903198
40   1.8388663530349731
41   1.6035187244415283
42   1.5648924112319946
43   1.6879942417144775
44   1.8214958906173706
45   1.397514820098877
46   1.7563507556915283
47   1.8712966442108154
48   1.5129055976867676
49   1.7253535985946655
50   1.573033094406128
51   1.623028039932251
52   2.0033793449401855
53   1.4076838493347168
54   1.671844244003296
55   1.468261480331421
56   1.5161242485046387
57   1.7305381298065186
58   1.582689642906189
59   1.655646800994873
60   1.6561552286148071
61   1.6233994960784912
62   1.8728312253952026
63   1.6294916868209839
64   1.4543960094451904
65   1.9327306747436523
66   1.5788089036941528
67   1.3322232961654663
68   1.630488634109497
69   1.592453956604004
70   2.142613172531128
71   1.8988986015319824
72   1.8925695419311523
73   1.4945857524871826
74   1.6643646955490112
75   1.7858930826187134
76   1.4937362670898438
77   1.3268376588821411
78   2.1595988273620605
79   1.626784324645996
80   1.8151962757110596
81   1.620658040046692
82   2.2223012447357178
83   2.3858766555786133
84   1.896154522895813
85   2.502721071243286
86   1.8694193363189697
87   1.8765878677368164
88   1.677162528038025
89   1.9257265329360962
90   2.1061718463897705
91   1.802828311920166
92   1.4868807792663574
93   2.2361717224121094
94   2.09899640083313
95   2.0562071800231934
96   2.202824354171753
97   1.8287076950073242
98   1.5391409397125244
99   1.612768530845642
100   1.7840955257415771
101   1.5976848602294922
102   1.955162525177002
103   1.7540115118026733
104   1.7506123781204224
105   1.8971697092056274
106   2.2351038455963135
107   2.2830069065093994
108   2.12955904006958
109   2.359968662261963
110   2.0505409240722656
111   1.9385157823562622
112   1.9493154287338257
113   1.928613543510437
114   1.9039167165756226
115   2.2735869884490967
116   1.9894239902496338
117   1.924703598022461
118   1.911243200302124
119   1.9235031604766846
120   2.2903757095336914
121   1.8615822792053223
122   1.8128308057785034
123   1.9037777185440063
124   1.576677680015564
125   2.1462738513946533
126   1.7753612995147705
127   2.111935615539551
128   1.6109741926193237
129   1.7052228450775146
130   2.1139156818389893
131   1.9233722686767578
132   1.7726467847824097
133   2.0257186889648438
134   1.8893704414367676
135   1.713906168937683
136   1.8736398220062256
137   1.9470595121383667
138   1.9088788032531738
139   1.708407998085022
140   1.8091448545455933
141   1.9927009344100952
142   1.4653350114822388
143   1.7505910396575928
144   1.7750599384307861
145   1.668438196182251
146   1.4836103916168213
147   1.705114722251892
148   1.525256872177124
149   1.4337102174758911
150   1.4409728050231934
151   1.6883424520492554
152   1.7443636655807495
153   1.7137115001678467
154   1.7295280694961548
155   1.6469587087631226
156   1.8338645696640015
157   1.716971755027771
158   1.621148943901062
159   1.5080554485321045
160   1.2808178663253784
161   1.4737703800201416
162   1.5805710554122925
163   1.6231820583343506
164   1.2960352897644043
