0   0.0
1   0.20936277508735657
2   0.22151373326778412
3   0.1809241622686386
4   0.12728451192378998
5   0.17259319126605988
6   0.15814587473869324
7   0.1832728087902069
8   0.1876419335603714
9   0.3343522846698761
10   0.28072088956832886
11   0.5865203142166138
12   0.6059050559997559
13   0.9435293674468994
14   1.9243519306182861
15   1.7731434106826782
16   1.4129513502120972
17   1.2044289112091064
18   1.573825716972351
19   1.283705711364746
20   1.548167109489441
21   1.3308875560760498
22   1.4119224548339844
23   1.0219260454177856
24   1.456010341644287
25   1.8597617149353027
26   1.0307117700576782
27   1.0921533107757568
28   1.9311071634292603
29   1.836618185043335
30   1.1025018692016602
31   2.055856704711914
32   1.815988302230835
33   1.4463101625442505
34   1.5926733016967773
35   1.5702121257781982
36   1.0615782737731934
37   1.759907603263855
38   2.0141098499298096
39   1.2251025438308716
40   1.1970120668411255
41   1.5563198328018188
42   1.5738424062728882
43   0.815455436706543
44   1.375563144683838
45   2.183267593383789
46   0.9297978281974792
47   1.392520785331726
48   1.3485835790634155
49   1.386592984199524
50   0.812005341053009
51   1.3436400890350342
52   1.7679179906845093
53   1.3535348176956177
54   1.5837026834487915
55   1.2852680683135986
56   1.1350692510604858
57   1.4213227033615112
58   1.1666967868804932
59   1.4310423135757446
60   1.194125771522522
61   0.7301862239837646
62   1.454694151878357
63   1.8898513317108154
64   1.2554386854171753
65   1.197050929069519
66   2.0517001152038574
67   0.8957726955413818
68   0.9666033387184143
69   1.5588043928146362
70   1.2921417951583862
71   1.2491134405136108
72   1.1251139640808105
73   1.735737681388855
74   1.244001030921936
75   1.8163739442825317
76   1.499454379081726
77   1.5092695951461792
78   1.7522286176681519
79   1.2292906045913696
80   1.6812371015548706
81   1.6038240194320679
82   1.3892585039138794
83   1.3907579183578491
84   1.6523669958114624
85   1.4426697492599487
86   1.670290231704712
87   1.3500276803970337
88   1.922224760055542
89   1.5594321489334106
90   1.1839392185211182
91   1.4099482297897339
92   1.1454447507858276
93   1.7583682537078857
94   1.5172399282455444
95   1.5715399980545044
96   1.5190917253494263
97   1.770464539527893
98   1.5983997583389282
99   1.0933897495269775
100   1.8518180847167969
101   0.979849100112915
102   1.1871187686920166
103   1.0558936595916748
104   1.385577917098999
105   0.9456045627593994
106   1.8205088376998901
107   1.6024394035339355
108   1.5678900480270386
109   1.572597622871399
110   1.1575218439102173
111   1.5159833431243896
112   1.2270379066467285
113   1.645279049873352
114   1.383726954460144
115   1.6578518152236938
116   1.4512673616409302
117   1.6270557641983032
118   1.7605596780776978
119   1.0796576738357544
120   1.3746548891067505
121   1.3454669713974
122   1.7852814197540283
123   2.1087679862976074
124   1.5199873447418213
125   0.881929874420166
126   1.3471273183822632
127   0.9647284150123596
128   1.8013194799423218
129   1.6404590606689453
130   0.9559202194213867
131   1.7297042608261108
132   1.273195505142212
133   1.6846983432769775
134   1.8663768768310547
135   1.0930330753326416
136   1.360690712928772
137   1.420140027999878
138   1.4714370965957642
139   1.6887857913970947
140   1.9350119829177856
141   1.757574200630188
142   1.7462856769561768
143   1.8181767463684082
144   1.6699647903442383
145   1.5285996198654175
146   1.5164495706558228
147   1.2881211042404175
148   2.057554244995117
149   2.336294651031494
150   1.1247016191482544
151   1.4481017589569092
152   1.1860170364379883
153   1.2131296396255493
154   1.7826001644134521
155   1.4045729637145996
156   1.0035085678100586
157   1.216593861579895
158   1.521140217781067
159   1.09084153175354
160   1.8509116172790527
161   1.4017897844314575
162   1.1106559038162231
163   1.4641238451004028
164   1.6208570003509521
165   1.5131736993789673
166   1.0684117078781128
167   1.0206626653671265
168   1.6317999362945557
169   1.3995333909988403
170   1.3596967458724976
171   0.9611338376998901
172   1.0175801515579224
173   1.0246915817260742
174   1.4455256462097168
175   1.1498671770095825
176   1.3261022567749023
177   1.7614151239395142
178   1.5315501689910889
179   1.5452911853790283
180   1.6405177116394043
181   1.7950844764709473
182   1.310972809791565
183   1.3618786334991455
184   1.256563663482666
185   1.5284786224365234
186   1.4967621564865112
187   1.528737187385559
188   0.9429945349693298
189   1.5709545612335205
190   1.8026683330535889
191   1.3672449588775635
192   1.3804378509521484
193   1.9361367225646973
194   1.6719125509262085
195   1.769599199295044
196   1.3219873905181885
197   2.4069337844848633
198   1.5638251304626465
199   1.1841706037521362
200   1.7155207395553589
201   1.495323657989502
202   1.1458832025527954
203   1.4472436904907227
204   1.4608784914016724
205   1.7303853034973145
206   1.4040766954421997
207   1.6933813095092773
208   1.9193555116653442
209   1.7209097146987915
210   1.2236411571502686
211   1.527795672416687
212   1.6506202220916748
213   1.5145714282989502
