0   0.0
1   1.5294028520584106
2   1.3513952493667603
3   1.4569766521453857
4   1.444037914276123
5   1.3113667964935303
6   1.3164297342300415
7   1.3418941497802734
8   1.202802300453186
9   1.4723578691482544
10   1.4373818635940552
11   1.5479744672775269
12   1.550494909286499
13   1.3491698503494263
14   2.200870990753174
15   2.4847571849823
16   2.5081534385681152
17   2.358616590499878
18   2.2049221992492676
19   2.3945207595825195
20   2.011716604232788
21   2.605506420135498
22   2.3554725646972656
23   2.4756877422332764
24   2.293963670730591
25   1.7298699617385864
26   2.9316582679748535
27   2.6487624645233154
28   2.6391141414642334
29   2.4305520057678223
30   2.192798376083374
31   3.633775234222412
32   3.6867146492004395
33   2.6559815406799316
34   3.0462841987609863
35   2.912968873977661
36   2.0087738037109375
37   1.6501832008361816
38   2.12257981300354
39   3.728102922439575
40   4.006550312042236
41   3.2740490436553955
42   2.907357692718506
43   2.566741943359375
44   2.6636455059051514
45   2.5261640548706055
46   2.69864559173584
47   2.374119281768799
48   2.3123068809509277
49   2.8413302898406982
50   2.8469200134277344
51   2.2293598651885986
52   1.8945624828338623
53   2.6568236351013184
54   2.3982295989990234
55   2.740544080734253
56   2.5905368328094482
57   3.055952787399292
58   2.551271677017212
59   3.208317756652832
60   2.576197862625122
61   3.014392614364624
62   2.5599515438079834
63   3.24686861038208
64   2.977311611175537
65   2.1166436672210693
66   3.321716547012329
67   2.4546549320220947
68   2.813523769378662
69   2.1981420516967773
70   1.4826786518096924
71   2.800342321395874
72   2.1214163303375244
73   3.1364338397979736
74   2.291973829269409
75   2.2626712322235107
76   1.973392128944397
77   2.808971643447876
78   2.792081356048584
79   2.3199262619018555
80   2.5279343128204346
81   3.1595458984375
82   1.8394814729690552
83   2.0435595512390137
84   2.852551221847534
85   2.9904353618621826
86   3.429474115371704
87   3.870979070663452
88   3.329026699066162
89   4.004271507263184
90   3.6620073318481445
91   3.813432455062866
92   4.073245525360107
93   2.7594187259674072
94   2.9007582664489746
95   2.8529388904571533
96   3.183457851409912
97   2.5806844234466553
98   1.6759177446365356
99   2.2962703704833984
100   2.217991352081299
101   2.1111888885498047
102   2.7230920791625977
103   2.0659871101379395
104   2.4680638313293457
105   2.1088199615478516
106   2.700697183609009
107   2.265374183654785
108   3.630197525024414
109   3.5945985317230225
110   2.240682601928711
111   3.467817783355713
112   3.130453586578369
113   2.497218370437622
114   2.878497838973999
115   2.3709826469421387
116   2.8218295574188232
117   1.9235601425170898
118   2.3047592639923096
119   2.1517014503479004
120   2.311661720275879
121   2.430851459503174
122   2.2520651817321777
123   2.850099563598633
124   2.898711681365967
125   3.4831089973449707
126   3.8319759368896484
127   2.7598512172698975
128   2.944361686706543
129   2.7491519451141357
130   2.250485420227051
131   2.8251452445983887
132   2.3232126235961914
133   2.833469867706299
134   2.6261515617370605
135   2.315131187438965
136   2.6187078952789307
137   2.257972478866577
138   2.5173633098602295
139   2.1070504188537598
140   2.2488372325897217
141   2.7518136501312256
142   2.472818613052368
143   2.359138011932373
144   2.253169536590576
145   1.975911259651184
146   2.759242057800293
147   2.30840802192688
148   2.604511022567749
149   2.180046796798706
150   2.191372871398926
151   4.004897117614746
152   3.810652256011963
153   3.207750082015991
154   3.6064887046813965
155   3.40194034576416
156   3.3900296688079834
157   2.5350089073181152
158   2.0779221057891846
159   2.4492850303649902
160   1.9009565114974976
161   2.375584125518799
162   2.590334892272949
163   3.104602575302124
164   1.6851205825805664
165   2.5730483531951904
166   2.6137642860412598
167   3.096294641494751
168   2.3104970455169678
169   2.842292547225952
170   2.9116735458374023
171   1.8160123825073242
172   2.62929105758667
173   3.039743423461914
174   2.5579676628112793
175   3.433781385421753
176   3.426609992980957
177   3.900977611541748
178   3.5323939323425293
179   3.811750650405884
180   4.173374652862549
181   3.2447991371154785
182   1.7660512924194336
183   1.1609903573989868
184   1.999489188194275
185   1.462911605834961
186   2.1034038066864014
187   2.6632847785949707
188   3.1867618560791016
189   1.813442349433899
190   3.235522985458374
191   3.061917543411255
192   2.25758957862854
193   2.5821003913879395
194   2.699537754058838
195   2.0526504516601563
196   1.5550481081008911
197   2.9788756370544434
198   2.8494157791137695
199   2.143601179122925
200   2.4638543128967285
201   3.715205430984497
202   3.6617555618286133
203   3.797999858856201
204   2.960660934448242
205   2.367579460144043
206   2.683122158050537
207   3.329141139984131
208   3.032310724258423
209   3.5079541206359863
210   3.5989646911621094
211   2.858430862426758
212   2.718301296234131
213   3.444855213165283
