0   0.0
1   0.21077774465084076
2   0.20702365040779114
3   0.207821324467659
4   0.2171953022480011
5   0.20729558169841766
6   0.19839271903038025
7   0.21033553779125214
8   0.21286100149154663
9   0.2586880028247833
10   0.3058392405509949
11   0.4321058988571167
12   0.5343205332756042
13   0.9958807229995728
14   1.5400910377502441
15   2.2573983669281006
16   1.8475511074066162
17   1.9875344038009644
18   1.8878728151321411
19   1.8783378601074219
20   1.9951777458190918
21   1.9991648197174072
22   2.030608654022217
23   2.0466394424438477
24   2.0854718685150146
25   2.372714042663574
26   2.140317678451538
27   1.8282115459442139
28   2.1025733947753906
29   2.300584554672241
30   2.1270151138305664
31   2.8768439292907715
32   2.676738739013672
33   2.15087890625
34   2.30768084526062
35   2.2548024654388428
36   2.086390972137451
37   1.753028154373169
38   2.16945743560791
39   2.336606979370117
40   2.470339298248291
41   2.2313919067382813
42   1.9169319868087769
43   2.0005223751068115
44   2.548372983932495
45   2.766242027282715
46   2.338071823120117
47   2.075468063354492
48   2.231747627258301
49   2.4242684841156006
50   2.361875534057617
51   1.956785798072815
52   2.05924916267395
53   2.2375738620758057
54   2.0333776473999023
55   2.0019588470458984
56   1.8824974298477173
57   1.8660849332809448
58   2.062688112258911
59   1.9583415985107422
60   2.1142094135284424
61   1.9289647340774536
62   2.318408727645874
63   2.483102321624756
64   2.308516502380371
65   1.946138858795166
66   2.5188746452331543
67   1.767052412033081
68   1.9352298974990845
69   2.2597272396087646
70   2.1868739128112793
71   1.8302792310714722
72   2.0322086811065674
73   2.669273853302002
74   2.050135612487793
75   2.01979398727417
76   2.221008062362671
77   2.10733962059021
78   2.4071872234344482
79   2.1869726181030273
80   2.0791475772857666
81   1.8781342506408691
82   1.9641305208206177
83   2.428377151489258
84   2.4152002334594727
85   2.3992421627044678
86   2.7552785873413086
87   2.5773673057556152
88   2.835171937942505
89   2.274660587310791
90   2.3351492881774902
91   2.2154879570007324
92   2.178642749786377
93   2.1237781047821045
94   2.2759850025177
95   2.2463107109069824
96   2.300067186355591
97   2.105231285095215
98   2.024120569229126
99   2.2243311405181885
100   1.6707714796066284
101   1.8719589710235596
102   1.9071232080459595
103   1.927756905555725
104   1.818286657333374
105   2.023242473602295
106   2.198134183883667
107   2.0208892822265625
108   2.013343095779419
109   2.2769088745117188
110   1.9198718070983887
111   2.2078945636749268
112   2.121471643447876
113   2.1157803535461426
114   2.14153790473938
115   2.218379259109497
116   2.2795052528381348
117   2.3123586177825928
118   2.282329797744751
119   1.9679245948791504
120   2.1540169715881348
121   2.329211950302124
122   2.4842612743377686
123   2.604113817214966
124   2.382418632507324
125   2.554048776626587
126   2.2456867694854736
127   2.0828564167022705
128   2.198108673095703
129   2.36362624168396
130   2.1795201301574707
131   2.133077383041382
132   2.173541784286499
133   2.322723865509033
134   2.3897898197174072
135   2.134672164916992
136   2.0628886222839355
137   2.044142007827759
138   2.1762750148773193
139   2.156018018722534
140   2.17024564743042
141   2.1584744453430176
142   2.2163748741149902
143   2.0553390979766846
144   1.9636297225952148
145   1.9163343906402588
146   2.1405417919158936
147   1.8177133798599243
148   2.185285806655884
149   2.3060474395751953
150   1.8793365955352783
151   2.3142404556274414
152   2.308835029602051
153   2.0285651683807373
154   2.1623425483703613
155   2.2614052295684814
156   1.7285281419754028
157   2.088973045349121
158   2.1496644020080566
159   2.0252089500427246
160   2.2551329135894775
161   2.0856950283050537
162   1.8841811418533325
163   2.3196818828582764
164   2.194765567779541
165   2.0353589057922363
166   2.1132864952087402
167   2.0031871795654297
168   2.2255733013153076
169   2.1769449710845947
170   2.2769997119903564
171   2.138240337371826
172   1.9859144687652588
173   2.020167589187622
174   2.196868896484375
175   2.0138533115386963
176   2.0058648586273193
177   2.3371152877807617
178   2.313436269760132
179   2.1471242904663086
180   2.4193060398101807
181   2.3087685108184814
182   1.9394410848617554
183   2.1705546379089355
184   1.946398138999939
185   1.9881279468536377
186   1.9327155351638794
187   1.9577542543411255
188   1.9563194513320923
189   1.740813970565796
190   2.3168725967407227
191   2.076124429702759
192   2.147228240966797
193   2.474046468734741
194   2.0397372245788574
195   2.5946731567382813
196   1.8481959104537964
197   2.366184949874878
198   2.1868507862091064
199   1.751031756401062
200   2.037318706512451
201   2.164900779724121
202   1.8191564083099365
203   2.288001537322998
204   1.825883150100708
205   2.349518060684204
206   2.138254404067993
207   2.5133519172668457
208   2.596784830093384
209   2.312864303588867
210   2.228229284286499
211   2.7435615062713623
212   2.140723466873169
213   2.0937535762786865
