0   0.0
1   0.18855910003185272
2   0.20016251504421234
3   0.19987815618515015
4   0.19586212933063507
5   0.2032577097415924
6   0.1895482838153839
7   0.19386591017246246
8   0.1898660510778427
9   0.23426778614521027
10   0.2860082983970642
11   0.40516579151153564
12   0.4467586576938629
13   0.9824234247207642
14   1.6592018604278564
15   2.3633484840393066
16   1.9521926641464233
17   2.1811420917510986
18   2.0191283226013184
19   1.937686562538147
20   2.149559259414673
21   2.186720132827759
22   2.2018234729766846
23   2.216578722000122
24   2.3082640171051025
25   2.4976096153259277
26   2.106916666030884
27   1.9906189441680908
28   2.2504379749298096
29   2.4272546768188477
30   2.2633519172668457
31   3.2735159397125244
32   2.995265483856201
33   2.452066659927368
34   2.362841844558716
35   2.4174301624298096
36   2.0990755558013916
37   1.843053936958313
38   2.302840232849121
39   2.51887583732605
40   2.6895453929901123
41   2.358149528503418
42   2.0014469623565674
43   1.835788369178772
44   2.3361451625823975
45   2.5252795219421387
46   2.0395021438598633
47   1.9386225938796997
48   2.055410385131836
49   2.2584760189056396
50   2.166029453277588
51   1.9097870588302612
52   2.192831516265869
53   2.3956127166748047
54   2.2356061935424805
55   2.006545305252075
56   1.971574068069458
57   1.9068548679351807
58   2.2114181518554688
59   1.9983067512512207
60   2.1247823238372803
61   2.118305206298828
62   2.554028034210205
63   2.644291877746582
64   2.5436062812805176
65   1.9306663274765015
66   2.5441808700561523
67   1.8603943586349487
68   1.9447424411773682
69   2.2838518619537354
70   2.422325849533081
71   1.856838345527649
72   2.125692367553711
73   2.8792412281036377
74   2.213876962661743
75   2.1186623573303223
76   2.401538610458374
77   2.285653829574585
78   2.5891597270965576
79   2.4049837589263916
80   2.288355827331543
81   1.976078748703003
82   2.1457443237304688
83   2.377302646636963
84   2.4212253093719482
85   2.486440420150757
86   2.8008909225463867
87   2.547126293182373
88   2.81284761428833
89   2.4226272106170654
90   2.3089373111724854
91   2.3688087463378906
92   1.9688531160354614
93   1.983670949935913
94   2.186617374420166
95   2.1667110919952393
96   2.0105974674224854
97   2.0761187076568604
98   2.0300252437591553
99   2.217360734939575
100   1.7889622449874878
101   2.006291151046753
102   2.0880367755889893
103   1.9793612957000732
104   2.015251636505127
105   2.249281406402588
106   2.317974328994751
107   2.1832358837127686
108   2.0987942218780518
109   2.468921422958374
110   2.0317037105560303
111   2.351872205734253
112   2.2041707038879395
113   2.138683795928955
114   2.401109218597412
115   2.3083958625793457
116   2.345998764038086
117   2.483238697052002
118   2.5797955989837646
119   2.025620460510254
120   2.427478551864624
121   2.537599802017212
122   2.3552613258361816
123   2.498516798019409
124   2.207488536834717
125   2.082698345184326
126   2.0012590885162354
127   1.8667978048324585
128   2.244175910949707
129   2.3901381492614746
130   2.021848201751709
131   1.9542807340621948
132   2.020329236984253
133   2.1132404804229736
134   2.2560176849365234
135   1.912941813468933
136   2.151475667953491
137   1.9950473308563232
138   2.3867974281311035
139   2.259813070297241
140   2.348576784133911
141   2.211019277572632
142   2.437807321548462
143   2.1992578506469727
144   2.055307388305664
145   2.016279935836792
146   2.329474687576294
147   1.917720079421997
148   2.4877216815948486
149   2.410324811935425
150   1.8849811553955078
151   2.5126845836639404
152   2.5137202739715576
153   2.2403414249420166
154   2.3353729248046875
155   2.4065940380096436
156   1.8240864276885986
157   2.2180042266845703
158   2.2936336994171143
159   2.182399034500122
160   2.51379656791687
161   2.158208131790161
162   1.8330107927322388
163   2.267300605773926
164   2.1324193477630615
165   1.9905060529708862
166   2.0643088817596436
167   1.9966773986816406
168   2.0588746070861816
169   2.024988889694214
170   2.298661947250366
171   1.9257756471633911
172   1.9243977069854736
173   1.8767802715301514
174   1.961625337600708
175   1.8761837482452393
176   1.8825939893722534
177   2.423152208328247
178   2.302727699279785
179   2.2098495960235596
180   2.416970729827881
181   2.471791982650757
182   1.9851725101470947
183   2.2422657012939453
184   2.1019175052642822
185   2.0927631855010986
186   2.015784978866577
187   2.0394210815429688
188   2.037221908569336
189   1.8184887170791626
190   2.4618918895721436
191   2.157660961151123
192   2.4136545658111572
193   2.674006462097168
194   2.2548935413360596
195   2.772736072540283
196   1.8680689334869385
197   2.619720220565796
198   2.439180612564087
199   1.7876267433166504
200   2.185274362564087
201   2.2715866565704346
202   1.8135772943496704
203   2.1845033168792725
204   1.7930546998977661
205   2.1824111938476563
206   2.1194348335266113
207   2.474574327468872
208   2.3313324451446533
209   1.958099126815796
210   2.06890606880188
211   2.6712887287139893
212   1.9120457172393799
213   2.003140687942505
