1   1.0364419221878052
2   0.9444870352745056
3   1.1534260511398315
4   1.1461998224258423
5   1.1737306118011475
6   1.0309813022613525
7   0.9453240036964417
8   0.9454355835914612
9   1.1051139831542969
10   1.084801435470581
11   1.089859962463379
12   1.1334517002105713
13   1.1736626625061035
14   0.9374920129776001
15   1.2937779426574707
16   1.2152528762817383
17   1.1648445129394531
18   1.1738414764404297
19   1.101475477218628
20   1.0488842725753784
21   1.2877224683761597
22   1.2345627546310425
23   1.2270442247390747
24   1.0658314228057861
25   1.0359008312225342
26   1.2332212924957275
27   1.1093623638153076
28   1.1856052875518799
29   1.2386411428451538
30   1.313612937927246
31   1.0252902507781982
32   1.0084211826324463
33   0.9969190359115601
34   1.1462689638137817
35   1.1177964210510254
36   0.9349431395530701
37   0.9920822381973267
38   1.065889596939087
39   1.157499074935913
40   1.2070125341415405
41   1.1482566595077515
42   1.1087532043457031
43   1.067399024963379
44   1.31895911693573
45   1.1260303258895874
46   1.0157196521759033
47   1.3178000450134277
48   1.08816659450531
49   1.1226065158843994
50   1.0803918838500977
51   1.1628361940383911
52   1.2384064197540283
53   1.144025444984436
54   1.152960181236267
55   1.1449999809265137
56   0.972568690776825
57   1.2742338180541992
58   1.0744901895523071
59   1.082253098487854
60   1.1129509210586548
61   1.0788674354553223
62   1.0847737789154053
63   0.9513973593711853
64   1.2002604007720947
65   1.0334818363189697
66   1.008770227432251
67   0.9775591492652893
68   0.9971675276756287
69   1.1433712244033813
70   1.0143883228302002
71   1.0443931818008423
72   1.1268326044082642
73   1.1539747714996338
74   1.3920732736587524
75   1.0784246921539307
76   1.2411603927612305
77   1.2763643264770508
78   1.0917904376983643
79   1.3624619245529175
80   1.0318005084991455
81   1.3800588846206665
82   1.128856897354126
83   1.1221585273742676
84   1.2800984382629395
85   1.25286865234375
86   0.9732797741889954
87   0.9681604504585266
88   1.3163297176361084
89   1.1938120126724243
90   1.0489122867584229
91   1.0004730224609375
92   1.1229488849639893
93   0.8071576356887817
94   1.0717405080795288
95   0.9483893513679504
96   1.0816376209259033
97   1.315858244895935
98   1.1169089078903198
99   1.0558842420578003
100   1.182053804397583
101   1.0975438356399536
102   0.9539228081703186
103   1.2074116468429565
104   1.0917484760284424
105   1.1880756616592407
106   1.1810781955718994
107   1.0006377696990967
108   1.281554102897644
109   1.106734275817871
110   1.167453646659851
111   0.8853676319122314
112   1.0130152702331543
113   1.3572410345077515
114   0.9039204716682434
115   1.388359546661377
116   1.048512578010559
117   1.1602799892425537
118   1.323387861251831
119   1.1556456089019775
120   1.1717743873596191
121   1.1757797002792358
122   1.154934048652649
123   1.3269680738449097
124   1.1906768083572388
125   1.0822585821151733
126   1.3124736547470093
127   1.1530234813690186
128   1.3248432874679565
129   1.0619337558746338
130   1.3364949226379395
131   1.2696892023086548
132   1.215408205986023
133   1.185225486755371
134   1.2635165452957153
135   1.0284234285354614
136   1.1816909313201904
137   1.2362697124481201
138   1.2134082317352295
139   1.1822509765625
140   1.2114046812057495
141   1.2185622453689575
142   1.4721488952636719
143   1.3362210988998413
144   1.0514106750488281
145   1.324346661567688
146   1.3722347021102905
147   1.2678673267364502
148   1.3812837600708008
149   1.261008381843567
150   1.3839025497436523
151   1.054770827293396
152   0.9080518484115601
153   1.0758473873138428
154   1.166116714477539
155   1.1381642818450928
156   1.1921840906143188
157   1.2433897256851196
158   1.3251196146011353
159   0.9840695858001709
160   1.2061797380447388
