1   2.867182970046997
2   3.260122060775757
3   1.9352182149887085
4   3.2800846099853516
5   2.5210816860198975
6   2.5502851009368896
7   2.7960360050201416
8   2.7966580390930176
9   2.1754987239837646
10   1.8401281833648682
11   2.2285051345825195
12   2.4550960063934326
13   2.647657871246338
14   2.760439157485962
15   2.3224024772644043
16   2.4745309352874756
17   2.4483320713043213
18   2.472743511199951
19   2.4526970386505127
20   3.1081292629241943
21   2.483238458633423
22   2.521618366241455
23   2.2718136310577393
24   3.018692970275879
25   2.234318733215332
26   2.3524301052093506
27   2.9707818031311035
28   3.1885592937469482
29   2.5454370975494385
30   3.2140352725982666
31   3.0212557315826416
32   2.446279525756836
33   2.773007392883301
34   2.8559439182281494
35   2.297549247741699
36   2.7428274154663086
37   2.789280414581299
38   2.8276872634887695
39   2.4622035026550293
40   2.5590898990631104
41   2.7816600799560547
42   3.8949639797210693
43   2.532470941543579
44   3.045513868331909
45   2.243427276611328
46   2.77351450920105
47   2.2859771251678467
48   2.249423027038574
49   2.659627914428711
50   2.3361575603485107
51   2.415376663208008
52   1.8410825729370117
53   2.419952869415283
54   1.8842650651931763
55   2.4482533931732178
56   2.38071608543396
57   3.0720865726470947
58   3.4997053146362305
59   4.137725353240967
60   3.4108574390411377
61   2.777682065963745
62   2.9015424251556396
63   3.3229379653930664
64   2.554197072982788
65   3.4974863529205322
66   2.991456985473633
67   2.611112594604492
68   3.3454201221466064
69   3.2311394214630127
70   3.4751851558685303
71   3.6595709323883057
72   2.6924874782562256
73   3.2422502040863037
74   3.0713367462158203
75   2.9558985233306885
76   2.706559658050537
77   3.035902976989746
78   2.617262840270996
79   1.8479365110397339
80   4.146348476409912
81   2.5820705890655518
82   3.654026508331299
83   1.5863772630691528
84   2.2272534370422363
85   2.790288209915161
86   2.220952033996582
87   2.7737162113189697
88   2.6122426986694336
89   2.5432791709899902
90   2.8318777084350586
91   3.4386720657348633
92   3.468029260635376
93   2.2847342491149902
94   2.203200101852417
95   2.3113629817962646
96   2.7685890197753906
97   2.5500802993774414
98   2.434016466140747
99   2.6231741905212402
100   2.423215627670288
101   3.130974054336548
102   2.774062395095825
103   2.528752088546753
104   2.485506534576416
105   2.598881721496582
106   3.426948308944702
107   3.1856558322906494
108   2.4128780364990234
109   2.3904852867126465
110   2.633126735687256
111   2.945418119430542
112   2.2143678665161133
113   2.634232997894287
114   2.79360294342041
115   2.623958110809326
116   3.01934552192688
117   2.8611574172973633
118   2.136446714401245
119   2.0482139587402344
120   3.0710742473602295
121   2.0966403484344482
122   2.9981184005737305
123   1.3363893032073975
124   2.618516445159912
125   2.625401735305786
126   1.9838001728057861
127   1.6582194566726685
128   1.6632860898971558
129   2.382113456726074
130   2.8056206703186035
131   3.135615587234497
132   1.9707167148590088
133   2.775214672088623
134   2.1331968307495117
135   2.270174503326416
136   1.4552406072616577
137   1.9078953266143799
138   2.4371626377105713
139   2.7739675045013428
140   2.3339686393737793
141   2.1156458854675293
142   2.459155321121216
143   3.224226236343384
144   3.7579824924468994
145   3.6939642429351807
146   3.2364399433135986
147   2.618835687637329
148   2.892198324203491
149   1.967815637588501
150   2.026193141937256
151   2.671858310699463
152   2.903712272644043
153   2.7220823764801025
154   2.1056759357452393
155   2.034022092819214
156   2.1497957706451416
157   1.8110508918762207
158   2.191668748855591
159   2.1940853595733643
160   2.1522951126098633
