1   4.933873653411865
2   4.142309665679932
3   5.479053974151611
4   4.676503658294678
5   5.343685626983643
6   4.40893030166626
7   4.594012260437012
8   5.219417095184326
9   4.4464802742004395
10   4.889116287231445
11   4.895565032958984
12   4.461198329925537
13   4.87156867980957
14   5.088962078094482
15   5.071176052093506
16   5.9359283447265625
17   4.469460964202881
18   4.721049785614014
19   5.852982997894287
20   5.8245368003845215
21   5.962640762329102
22   4.774554252624512
23   5.983925819396973
24   5.455431938171387
25   4.569333076477051
26   5.226281642913818
27   5.523507118225098
28   4.158332347869873
29   3.7950077056884766
30   4.14756441116333
31   3.781723737716675
32   5.502621173858643
33   5.210901737213135
34   4.317712306976318
35   4.395648002624512
36   5.525895595550537
37   5.116766929626465
38   5.984234809875488
39   4.85084867477417
40   5.639809608459473
41   4.516704082489014
42   5.834122180938721
43   5.452343463897705
44   4.6448259353637695
45   4.282710552215576
46   4.306471824645996
47   4.4058732986450195
48   4.545525074005127
49   4.064300537109375
50   4.5371856689453125
51   4.350770473480225
52   4.468244552612305
53   4.528939247131348
54   4.772238254547119
55   4.685253143310547
56   4.382777214050293
57   3.820563793182373
58   3.522789716720581
59   4.702488422393799
60   3.7029013633728027
61   4.607258319854736
62   4.390339374542236
63   5.375091075897217
64   5.0055742263793945
65   3.606343984603882
66   3.3935887813568115
67   5.396759986877441
68   4.707119464874268
69   4.110678672790527
70   5.920105934143066
71   4.175860404968262
72   4.918702125549316
73   4.912081241607666
74   4.829469203948975
75   6.032536506652832
76   5.28273868560791
77   5.025404453277588
78   4.465939521789551
79   5.646025657653809
80   5.062152862548828
81   4.757341384887695
82   5.229125022888184
83   3.871000289916992
84   3.9160327911376953
85   5.839580535888672
86   4.8970947265625
87   5.493879318237305
88   5.472894668579102
89   4.682371616363525
90   4.775456428527832
91   6.452929973602295
92   6.269526958465576
93   4.715757846832275
94   5.684568405151367
95   4.560571670532227
96   4.805551052093506
97   5.566792011260986
98   5.900688171386719
99   5.9712114334106445
100   6.459019660949707
101   5.526383876800537
102   5.125627040863037
103   6.193446636199951
104   5.278006553649902
105   6.473985195159912
106   5.7380852699279785
107   5.408760070800781
108   4.839541435241699
109   4.702716827392578
110   4.818881988525391
111   4.431638717651367
112   5.372848033905029
113   5.195151329040527
114   5.46402645111084
115   4.685704708099365
116   6.656124114990234
117   4.2753753662109375
118   6.376567363739014
119   2.93623948097229
120   4.613879680633545
121   4.241705417633057
122   4.63574743270874
123   3.914543390274048
124   5.555145263671875
125   6.128190040588379
126   3.6453206539154053
127   4.850045204162598
128   4.620956897735596
129   4.523189544677734
130   3.989278793334961
131   4.320146560668945
132   4.061635494232178
133   4.972414016723633
134   4.362268924713135
135   5.999817371368408
136   4.447749137878418
137   4.064032077789307
138   4.643439292907715
139   4.1125359535217285
140   4.762734889984131
141   4.531979560852051
142   5.681046962738037
143   5.278682231903076
144   4.7569260597229
145   4.540555477142334
146   4.857644081115723
147   3.7240445613861084
148   4.196988582611084
149   4.567145824432373
150   4.328778266906738
151   3.914872169494629
152   5.182628631591797
153   3.7148640155792236
154   3.768634080886841
155   4.099636077880859
156   4.38057804107666
157   3.5341339111328125
158   3.200017213821411
159   3.1598126888275146
160   4.107980728149414
