1   1.9798729419708252
2   2.133043050765991
3   2.162039279937744
4   1.7683422565460205
5   2.101869583129883
6   2.2892367839813232
7   2.260610818862915
8   1.8737846612930298
9   1.8561022281646729
10   2.1563737392425537
11   2.1359827518463135
12   2.008268356323242
13   2.3046462535858154
14   1.8935295343399048
15   2.0388009548187256
16   2.2618048191070557
17   2.079355239868164
18   1.8426942825317383
19   1.7457172870635986
20   1.6282950639724731
21   2.347386360168457
22   2.1708483695983887
23   1.8623409271240234
24   2.006608247756958
25   2.240689516067505
26   2.2199723720550537
27   2.0539941787719727
28   2.4091618061065674
29   1.995031714439392
30   2.283414363861084
31   1.9195741415023804
32   2.036419153213501
33   2.360377311706543
34   2.247591257095337
35   1.9470127820968628
36   1.998756766319275
37   2.1983089447021484
38   2.172150135040283
39   1.860285997390747
40   2.0667803287506104
41   2.0278005599975586
42   2.563241720199585
43   2.0186729431152344
44   2.0444042682647705
45   1.8210386037826538
46   1.9850069284439087
47   2.1990625858306885
48   1.8025964498519897
49   2.006012201309204
50   2.1790804862976074
51   2.055508852005005
52   1.8445038795471191
53   1.947368860244751
54   2.1727328300476074
55   2.0098073482513428
56   2.248711109161377
57   2.188544273376465
58   2.126262664794922
59   2.58358097076416
60   2.1652562618255615
61   2.0694150924682617
62   2.5570924282073975
63   2.2693030834198
64   2.1838295459747314
65   2.3116893768310547
66   2.0799126625061035
67   2.2330586910247803
68   2.2822000980377197
69   2.179248094558716
70   2.5034029483795166
71   2.5658156871795654
72   2.453151226043701
73   2.298952341079712
74   3.0211212635040283
75   2.278130054473877
76   2.468695878982544
77   2.891399383544922
78   2.2846744060516357
79   2.4377830028533936
80   2.378655195236206
81   2.615114688873291
82   2.700084924697876
83   1.8805140256881714
84   2.1542203426361084
85   2.570737600326538
86   2.522784471511841
87   2.2836780548095703
88   2.5174753665924072
89   2.0042998790740967
90   2.3781018257141113
91   2.1521739959716797
92   2.487941026687622
93   2.043083429336548
94   2.323051691055298
95   2.13420033454895
96   1.9692962169647217
97   2.760251760482788
98   1.9554154872894287
99   2.213385820388794
100   2.115730047225952
101   2.3228507041931152
102   2.3158650398254395
103   1.9099891185760498
104   2.1030821800231934
105   2.272934913635254
106   2.2217600345611572
107   2.0927863121032715
108   2.6655497550964355
109   2.189486265182495
110   2.2128756046295166
111   2.247648000717163
112   2.3219873905181885
113   2.585193395614624
114   2.2662172317504883
115   2.388047456741333
116   2.3083877563476563
117   1.8386790752410889
118   2.209691286087036
119   1.7906116247177124
120   2.039116382598877
121   2.3020386695861816
122   2.118173360824585
123   2.2863550186157227
124   2.192270040512085
125   2.14953351020813
126   2.1612601280212402
127   1.9765297174453735
128   2.0926520824432373
129   2.04449725151062
130   2.3105993270874023
131   1.955856204032898
132   2.0649185180664063
133   2.214919090270996
134   1.9807406663894653
135   1.9054267406463623
136   2.098531723022461
137   2.130985975265503
138   2.04788875579834
139   2.0296478271484375
140   2.1091227531433105
141   1.928739309310913
142   2.0216667652130127
143   2.2200353145599365
144   2.0848944187164307
145   2.1956725120544434
146   2.327613592147827
147   2.0291857719421387
148   2.4735045433044434
149   1.9107378721237183
150   1.920734167098999
151   2.082749843597412
152   1.917667269706726
153   2.012636184692383
154   2.0100111961364746
155   1.9954559803009033
156   1.9725098609924316
157   2.1255078315734863
158   1.8291205167770386
159   1.923936367034912
160   1.9622693061828613
