1   1.163501501083374
2   1.145337700843811
3   1.0362539291381836
4   1.009935736656189
5   1.064321756362915
6   1.025825023651123
7   1.244753122329712
8   1.2245514392852783
9   1.1556247472763062
10   1.2658052444458008
11   1.083423137664795
12   1.2344300746917725
13   1.3013261556625366
14   1.1959952116012573
15   1.553519606590271
16   1.0054428577423096
17   1.073564052581787
18   1.1486188173294067
19   1.218404769897461
20   1.2450958490371704
21   1.2731406688690186
22   1.0588085651397705
23   1.4217876195907593
24   1.3368183374404907
25   1.1261547803878784
26   1.2398971319198608
27   1.2204991579055786
28   1.4145725965499878
29   0.9685458540916443
30   1.3881914615631104
31   1.288193702697754
32   1.3931721448898315
33   1.0844652652740479
34   1.2503952980041504
35   1.3292680978775024
36   1.151732087135315
37   1.141724705696106
38   1.3819365501403809
39   1.2407643795013428
40   1.237000584602356
41   1.1614327430725098
42   1.7335275411605835
43   1.4903768301010132
44   0.9226941466331482
45   1.0584131479263306
46   1.2269102334976196
47   1.422844648361206
48   1.6566003561019897
49   1.6284765005111694
50   0.9050477147102356
51   1.0823919773101807
52   1.5601249933242798
53   1.7687865495681763
54   1.4667454957962036
55   1.1346478462219238
56   1.175246238708496
57   1.1125526428222656
58   1.7792869806289673
59   1.9402666091918945
60   1.2206486463546753
61   1.3027352094650269
62   1.7238943576812744
63   1.3924866914749146
64   1.5868068933486938
65   1.2985913753509521
66   1.0023014545440674
67   1.3184258937835693
68   1.5844225883483887
69   1.0548690557479858
70   1.3778467178344727
71   1.0847944021224976
72   1.2816065549850464
73   1.5675721168518066
74   1.593127727508545
75   1.3219951391220093
76   1.4920506477355957
77   1.3151134252548218
78   2.2097532749176025
79   1.8711830377578735
80   1.2084406614303589
81   2.126861810684204
82   1.9186351299285889
83   1.7498291730880737
84   1.1955187320709229
85   0.9213771224021912
86   1.2069380283355713
87   1.2914390563964844
88   1.8744627237319946
89   1.299443006515503
90   1.410237193107605
91   1.4967074394226074
92   1.523055076599121
93   1.4701532125473022
94   1.6228811740875244
95   1.4530926942825317
96   0.843641459941864
97   1.9349958896636963
98   1.3590718507766724
99   1.2321081161499023
100   1.305148720741272
101   0.8733583688735962
102   1.3140486478805542
103   1.7104713916778564
104   1.7184547185897827
105   1.9758182764053345
106   2.2244062423706055
107   2.227527379989624
108   1.152931809425354
109   1.0149705410003662
110   1.2735987901687622
111   1.1264081001281738
112   0.8698725700378418
113   1.2013214826583862
114   1.2841039896011353
115   1.2938616275787354
116   1.5780550241470337
117   1.4286115169525146
118   2.0187697410583496
119   1.0088715553283691
120   1.1668492555618286
121   1.1931602954864502
122   0.9221592545509338
123   0.9047610759735107
124   1.155055046081543
125   1.1915606260299683
126   1.199773907661438
127   1.4432669878005981
128   0.7928491234779358
129   1.226594090461731
130   1.528336524963379
131   1.0379728078842163
132   1.2882987260818481
133   0.9223104119300842
134   1.7526869773864746
135   0.9978952407836914
136   1.2938249111175537
137   1.5039936304092407
138   1.3379161357879639
139   1.0750082731246948
140   1.4515318870544434
141   1.1109508275985718
142   1.0096607208251953
143   1.0739096403121948
144   1.0756851434707642
145   0.9504053592681885
146   1.1875247955322266
147   0.9569827914237976
148   1.0692729949951172
149   1.152940273284912
150   1.1276803016662598
151   1.0676168203353882
152   0.9997804164886475
153   1.1108266115188599
154   0.9942289590835571
155   1.2612429857254028
156   0.9779961109161377
157   0.969367265701294
158   1.206834316253662
159   1.1543351411819458
160   1.0397233963012695
161   0.9987940192222595
162   0.9675611853599548
163   1.1389204263687134
164   1.1804312467575073
