1   2.455505132675171
2   2.950150966644287
3   2.175957679748535
4   3.523033380508423
5   2.82304310798645
6   2.682544708251953
7   2.7493560314178467
8   2.2450485229492188
9   2.6956889629364014
10   2.517327308654785
11   2.821579933166504
12   2.925945520401001
13   2.0801196098327637
14   3.4427194595336914
15   2.6087522506713867
16   3.7249255180358887
17   3.431483268737793
18   3.2380921840667725
19   3.3837809562683105
20   3.977060317993164
21   4.040908336639404
22   4.057011604309082
23   4.267342567443848
24   3.1814892292022705
25   3.3054134845733643
26   2.9833688735961914
27   2.7157247066497803
28   2.6764025688171387
29   2.685530185699463
30   2.786175489425659
31   2.5033226013183594
32   2.3016836643218994
33   2.4800407886505127
34   2.691396713256836
35   3.099123001098633
36   2.5834314823150635
37   2.5083322525024414
38   1.871919870376587
39   2.376215934753418
40   2.4925999641418457
41   2.2885167598724365
42   3.2869558334350586
43   2.4053003787994385
44   2.260516405105591
45   2.135551929473877
46   2.72532057762146
47   2.6945598125457764
48   2.6158909797668457
49   1.2991690635681152
50   2.192803144454956
51   2.307769775390625
52   2.737154722213745
53   2.8320322036743164
54   3.4432473182678223
55   3.6049373149871826
56   4.221276760101318
57   3.7965762615203857
58   4.043240547180176
59   3.654844284057617
60   4.260247707366943
61   4.920912265777588
62   3.5607008934020996
63   3.240542411804199
64   3.0924534797668457
65   3.372472047805786
66   3.0656464099884033
67   2.8997726440429688
68   3.3162906169891357
69   3.2364704608917236
70   2.928603172302246
71   3.5217113494873047
72   3.636679172515869
73   3.5886175632476807
74   2.649689197540283
75   3.6929116249084473
76   3.194164514541626
77   3.43365478515625
78   3.7186214923858643
79   3.3406479358673096
80   3.1595458984375
81   3.6647422313690186
82   3.0922529697418213
83   3.2517075538635254
84   5.2598042488098145
85   3.5287129878997803
86   3.199650287628174
87   4.538655757904053
88   4.0464701652526855
89   4.544849872589111
90   5.151769161224365
91   4.522503852844238
92   3.882803201675415
93   3.9106693267822266
94   4.579072952270508
95   3.5918474197387695
96   2.4766321182250977
97   5.11552095413208
98   4.020617961883545
99   4.18757438659668
100   3.203608512878418
101   4.098872184753418
102   4.389266490936279
103   4.261312961578369
104   4.4192705154418945
105   5.639616966247559
106   4.551239490509033
107   5.274082660675049
108   3.3145055770874023
109   4.314103603363037
110   3.3289313316345215
111   3.515932083129883
112   5.412219524383545
113   2.8433897495269775
114   3.9489545822143555
115   4.746037483215332
116   5.064520835876465
117   3.6746912002563477
118   5.050487995147705
119   4.432293891906738
120   4.926877498626709
121   5.0126166343688965
122   5.101633548736572
123   3.5749547481536865
124   2.8462722301483154
125   5.261753559112549
126   4.458035945892334
127   2.8551034927368164
128   4.32940673828125
129   4.2173261642456055
130   4.151999473571777
131   4.453442573547363
132   3.549025297164917
133   3.9011447429656982
134   4.453337669372559
135   3.6524317264556885
136   3.1293978691101074
137   3.937706470489502
138   2.7111587524414063
139   3.494358539581299
140   5.241240501403809
141   3.5536699295043945
142   4.889466762542725
143   5.389800071716309
144   4.746358394622803
145   4.127475738525391
146   4.782683372497559
147   5.163512706756592
148   4.785559177398682
149   3.744046449661255
150   3.9210305213928223
151   3.009310007095337
152   3.4621145725250244
153   5.176694869995117
154   5.238275527954102
155   2.8394079208374023
156   5.1591267585754395
157   5.148375034332275
158   2.750215530395508
159   3.6608171463012695
160   5.1037068367004395
161   5.5795488357543945
162   5.726388931274414
163   3.867814064025879
164   3.910534620285034
