1   4.718104362487793
2   3.364619731903076
3   4.769434928894043
4   4.704409599304199
5   4.57415246963501
6   3.9953713417053223
7   3.9778823852539063
8   4.543631553649902
9   5.1989426612854
10   5.039879322052002
11   4.377640247344971
12   3.0834100246429443
13   4.703465461730957
14   4.777912616729736
15   5.037534713745117
16   4.7442708015441895
17   4.6844353675842285
18   5.721322536468506
19   4.622852325439453
20   5.019984722137451
21   4.3129377365112305
22   4.544678688049316
23   4.733667850494385
24   4.550309658050537
25   3.5229203701019287
26   5.734310626983643
27   5.169076442718506
28   4.59258508682251
29   4.491306781768799
30   4.676687717437744
31   4.067080974578857
32   4.595466136932373
33   3.928792715072632
34   4.5997748374938965
35   4.946569919586182
36   3.664091110229492
37   4.393112659454346
38   5.397661209106445
39   4.074034214019775
40   4.872270584106445
41   4.517704486846924
42   5.305880546569824
43   6.04808235168457
44   5.3519511222839355
45   5.66706657409668
46   4.985682010650635
47   4.700218200683594
48   5.123187065124512
49   4.517787456512451
50   4.729702472686768
51   4.829085350036621
52   4.82476806640625
53   6.165317535400391
54   4.247085094451904
55   4.1728386878967285
56   4.478468418121338
57   3.954129219055176
58   3.723996877670288
59   4.952156066894531
60   4.954257965087891
61   4.341259002685547
62   5.192491054534912
63   4.141692638397217
64   6.239345550537109
65   6.338044166564941
66   5.948224067687988
67   5.185431957244873
68   5.58263635635376
69   5.478938102722168
70   5.309475421905518
71   6.114409923553467
72   4.876619815826416
73   5.830377101898193
74   6.469284534454346
75   6.518795490264893
76   6.422158241271973
77   6.340632438659668
78   6.375138282775879
79   6.0160722732543945
80   6.046488285064697
81   6.576607704162598
82   6.923924446105957
83   6.284754753112793
84   6.588467121124268
85   5.4745635986328125
86   6.583262920379639
87   4.977395057678223
88   5.621214389801025
89   4.951817989349365
90   5.996679782867432
91   6.633519172668457
92   5.941774845123291
93   6.341073989868164
94   7.668338298797607
95   6.029579162597656
96   5.479745864868164
97   6.582194805145264
98   6.053572654724121
99   6.0754218101501465
100   5.933971881866455
101   6.053463459014893
102   6.375441551208496
103   6.927708625793457
104   6.454837799072266
105   6.828057289123535
106   6.405247211456299
107   6.72157621383667
108   7.098353862762451
109   6.2505998611450195
110   6.185885906219482
111   6.258401870727539
112   7.1842360496521
113   5.554586887359619
114   5.9028639793396
115   6.318668842315674
116   6.227853775024414
117   5.893099784851074
118   6.7008056640625
119   5.672853946685791
120   5.71818208694458
121   6.601337432861328
122   5.852021217346191
123   6.292576313018799
124   6.552224636077881
125   6.031670093536377
126   6.286444187164307
127   6.023343563079834
128   6.5744242668151855
129   5.9552321434021
130   5.4964799880981445
131   4.684856414794922
132   4.802506923675537
133   5.083864688873291
134   5.109377861022949
135   5.087933540344238
136   6.050219535827637
137   5.60581636428833
138   5.374361038208008
139   5.849254608154297
140   5.180189609527588
141   6.3921990394592285
142   6.953694820404053
143   6.485360622406006
144   6.1246795654296875
145   5.9826436042785645
146   5.520798683166504
147   5.81419563293457
148   5.868896961212158
149   6.363502025604248
150   6.504515171051025
151   6.078564167022705
152   5.593085289001465
153   6.471944808959961
154   5.521260738372803
155   5.865675449371338
156   6.259631633758545
157   5.946291446685791
158   6.799704074859619
159   5.376405239105225
160   5.70007848739624
161   6.148953914642334
162   6.0927510261535645
163   5.550238132476807
164   5.360670566558838
