1   1.9860610961914063
2   2.2559914588928223
3   2.023331880569458
4   1.9966959953308105
5   2.102919340133667
6   2.3111603260040283
7   2.123807668685913
8   2.0841710567474365
9   2.0143954753875732
10   1.899600863456726
11   2.3113443851470947
12   2.203557014465332
13   2.447636127471924
14   2.0724315643310547
15   2.253953218460083
16   2.1449661254882813
17   2.0003416538238525
18   2.0720460414886475
19   1.9569834470748901
20   2.4222218990325928
21   2.362485647201538
22   2.368472099304199
23   2.3562047481536865
24   2.3503613471984863
25   2.2388343811035156
26   2.288182020187378
27   1.9420536756515503
28   2.479919672012329
29   2.1082708835601807
30   2.021916151046753
31   2.2244341373443604
32   1.985310435295105
33   2.1070101261138916
34   2.2202088832855225
35   2.1733803749084473
36   2.041640520095825
37   1.832451581954956
38   1.9337971210479736
39   1.5746800899505615
40   2.1334786415100098
41   2.1502420902252197
42   2.094693899154663
43   1.8595342636108398
44   2.037212371826172
45   1.9308797121047974
46   2.186431407928467
47   1.9212207794189453
48   2.221107244491577
49   1.8535046577453613
50   1.8912509679794312
51   1.6937893629074097
52   1.875001311302185
53   2.0475292205810547
54   2.4118032455444336
55   2.018141746520996
56   2.1750524044036865
57   2.0593154430389404
58   2.575817108154297
59   1.9554224014282227
60   1.9961293935775757
61   2.1235663890838623
62   2.3353545665740967
63   1.9292948246002197
64   1.4590325355529785
65   1.6281546354293823
66   1.4642781019210815
67   1.827842116355896
68   1.6840506792068481
69   1.5742491483688354
70   1.2612814903259277
71   1.761332392692566
72   1.3938870429992676
73   1.4825541973114014
74   1.347934603691101
75   1.6424596309661865
76   1.5227710008621216
77   1.6139758825302124
78   1.5254930257797241
79   1.430409550666809
80   1.5059465169906616
81   1.494391918182373
82   1.4296046495437622
83   1.5782650709152222
84   1.6907857656478882
85   1.372107982635498
86   1.4765005111694336
87   2.0506067276000977
88   1.6457200050354004
89   1.7650541067123413
90   1.7600231170654297
91   2.071209192276001
92   1.4975837469100952
93   1.6919037103652954
94   1.5866628885269165
95   1.3091522455215454
96   1.966502070426941
97   1.677150011062622
98   1.733703374862671
99   1.8112499713897705
100   1.7591118812561035
101   1.8987891674041748
102   2.0405068397521973
103   1.5442309379577637
104   1.6817432641983032
105   2.0574264526367188
106   1.7824739217758179
107   1.5564849376678467
108   1.545385479927063
109   1.5833486318588257
110   1.7766345739364624
111   1.7228431701660156
112   1.7089323997497559
113   1.7284191846847534
114   1.4731074571609497
115   1.6540186405181885
116   1.7022061347961426
117   1.7731342315673828
118   1.6445101499557495
119   1.7953579425811768
120   1.710511565208435
121   1.8078444004058838
122   1.611277461051941
123   1.5592174530029297
124   1.3398805856704712
125   1.7610317468643188
126   1.642398476600647
127   1.4307762384414673
128   1.5662716627120972
129   1.3515615463256836
130   1.50679349899292
131   1.7584946155548096
132   1.8880443572998047
133   1.8496663570404053
134   1.6793688535690308
135   1.6049009561538696
136   1.557360053062439
137   1.5375303030014038
138   1.2066203355789185
139   1.8871010541915894
140   1.6771372556686401
141   1.6178784370422363
142   1.9527323246002197
143   1.800144910812378
144   1.6071648597717285
145   1.5503205060958862
146   1.8111082315444946
147   2.1754729747772217
148   1.9190049171447754
149   1.6847476959228516
150   1.8891561031341553
151   1.398513913154602
152   1.9180970191955566
153   1.971369743347168
154   1.793293833732605
155   2.1615986824035645
156   2.0171310901641846
157   1.9837983846664429
158   1.5083876848220825
159   1.5566351413726807
160   2.32830810546875
161   2.39607310295105
162   2.070734977722168
163   1.8959884643554688
164   1.7371870279312134
