1   1.9380820989608765
2   2.2621026039123535
3   2.066697835922241
4   1.8772274255752563
5   2.086623191833496
6   2.165659189224243
7   1.9651035070419312
8   2.022226095199585
9   1.990729808807373
10   1.9547110795974731
11   2.3750336170196533
12   2.0779974460601807
13   2.4479970932006836
14   2.1202282905578613
15   2.170206069946289
16   2.0091872215270996
17   1.8249874114990234
18   1.9434542655944824
19   1.9117987155914307
20   2.5207560062408447
21   2.4752914905548096
22   2.1893081665039063
23   2.4265682697296143
24   2.325880527496338
25   2.139397144317627
26   2.248807668685913
27   2.0258255004882813
28   2.600633144378662
29   1.9388352632522583
30   2.2709217071533203
31   2.4893622398376465
32   2.2045109272003174
33   2.2635083198547363
34   2.4702744483947754
35   2.4427573680877686
36   2.243863582611084
37   2.027428150177002
38   2.175036668777466
39   1.6835761070251465
40   2.311610698699951
41   2.1738007068634033
42   2.2216880321502686
43   2.0389788150787354
44   2.304807662963867
45   2.075355291366577
46   2.330947160720825
47   2.044361114501953
48   2.4630308151245117
49   1.955275535583496
50   2.015259027481079
51   1.764847755432129
52   2.073397636413574
53   2.033893346786499
54   2.3836140632629395
55   1.978286862373352
56   1.9966150522232056
57   1.857675552368164
58   2.549980640411377
59   2.045114278793335
60   2.072659969329834
61   2.165308713912964
62   2.4475979804992676
63   2.060969591140747
64   1.6329824924468994
65   1.7832019329071045
66   1.535589337348938
67   1.9363608360290527
68   1.758330225944519
69   1.6790908575057983
70   1.3490232229232788
71   1.8191969394683838
72   1.5031293630599976
73   1.6607882976531982
74   1.380752682685852
75   1.733715534210205
76   1.6557557582855225
77   1.7904385328292847
78   1.6373738050460815
79   1.6047600507736206
80   1.722440242767334
81   1.5618236064910889
82   1.6337859630584717
83   1.7796449661254883
84   1.8671648502349854
85   1.5603951215744019
86   1.5949623584747314
87   2.173861026763916
88   1.7823004722595215
89   1.8945467472076416
90   1.8810795545578003
91   2.203833818435669
92   1.6800615787506104
93   1.8219010829925537
94   1.6882436275482178
95   1.504913330078125
96   2.1195924282073975
97   1.8905096054077148
98   2.028498649597168
99   1.882843017578125
100   1.8939374685287476
101   2.0899147987365723
102   2.1911609172821045
103   1.686201810836792
104   1.7988346815109253
105   2.1374025344848633
106   2.053894281387329
107   1.6536979675292969
108   1.7239396572113037
109   1.7409672737121582
110   1.8641369342803955
111   1.8991013765335083
112   1.846492886543274
113   1.8546254634857178
114   1.5288958549499512
115   1.8202712535858154
116   1.878527045249939
117   1.995617389678955
118   1.7616435289382935
119   1.8809223175048828
120   1.9527599811553955
121   2.0087571144104004
122   1.7880244255065918
123   1.7121553421020508
124   1.5188478231430054
125   1.8904353380203247
126   1.8212978839874268
127   1.5978620052337646
128   1.7566076517105103
129   1.4171757698059082
130   1.6283890008926392
131   1.8812623023986816
132   2.0153021812438965
133   2.0224876403808594
134   1.7977359294891357
135   1.766964077949524
136   1.6457221508026123
137   1.6600046157836914
138   1.3705931901931763
139   2.0892493724823
140   1.8390439748764038
141   1.82908034324646
142   1.9818557500839233
143   1.931950569152832
144   1.808109164237976
145   1.743117094039917
146   1.8106882572174072
147   2.2054569721221924
148   1.9329869747161865
149   1.803391695022583
150   2.0164217948913574
151   1.5367627143859863
152   2.083157777786255
153   1.9868474006652832
154   1.8256701231002808
155   2.273958921432495
156   2.067761182785034
157   2.0925142765045166
158   1.715950846672058
159   1.7638870477676392
160   2.404813766479492
161   2.413727283477783
162   2.0687320232391357
163   1.9748979806900024
164   1.8019839525222778
