# 1
#        -90         1       180  0

 -89.5  0
 -88.5  0
 -87.5  0
 -86.5  0
 -85.5  0
 -84.5  0
 -83.5  0
 -82.5  0
 -81.5  0
 -80.5  0
 -79.5  0
 -78.5  0
 -77.5  0
 -76.5  0
 -75.5  0
 -74.5  0
 -73.5  0
 -72.5  0
 -71.5  0
 -70.5  0
 -69.5  0
 -68.5  0
 -67.5  0
 -66.5  0
 -65.5  0
 -64.5  0
 -63.5  0
 -62.5  0
 -61.5  0
 -60.5  0
 -59.5  0
 -58.5  0
 -57.5  0
 -56.5  0
 -55.5  0
 -54.5  0
 -53.5  0
 -52.5  0
 -51.5  0
 -50.5  0
 -49.5  0
 -48.5  0
 -47.5  0
 -46.5  0
 -45.5  0
 -44.5  0
 -43.5  0
 -42.5  0
 -41.5  0
 -40.5  0
 -39.5  0
 -38.5  0
 -37.5  0
 -36.5  0
 -35.5  0
 -34.5  0
 -33.5  0
 -32.5  0
 -31.5  0
 -30.5  0
 -29.5  0
 -28.5  0
 -27.5  23
 -26.5  14
 -25.5  9
 -24.5  8
 -23.5  52
 -22.5  43
 -21.5  130
 -20.5  451
 -19.5  934
 -18.5  2256
 -17.5  4289
 -16.5  8400
 -15.5  13761
 -14.5  24824
 -13.5  43034
 -12.5  68996
 -11.5  102741
 -10.5  145829
 -9.5  196652
 -8.5  253993
 -7.5  308227
 -6.5  355315
 -5.5  396255
 -4.5  415165
 -3.5  415748
 -2.5  407313
 -1.5  373607
 -0.5  333801
 0.5  286184
 1.5  234774
 2.5  180639
 3.5  133684
 4.5  98646
 5.5  70467
 6.5  46975
 7.5  31061
 8.5  20925
 9.5  11936
 10.5  6537
 11.5  3377
 12.5  1840
 13.5  970
 14.5  395
 15.5  201
 16.5  21
 17.5  0
 18.5  0
 19.5  0
 20.5  0
 21.5  0
 22.5  0
 23.5  0
 24.5  0
 25.5  0
 26.5  0
 27.5  0
 28.5  0
 29.5  0
 30.5  0
 31.5  0
 32.5  0
 33.5  0
 34.5  0
 35.5  0
 36.5  0
 37.5  0
 38.5  0
 39.5  0
 40.5  0
 41.5  0
 42.5  0
 43.5  0
 44.5  0
 45.5  0
 46.5  0
 47.5  0
 48.5  0
 49.5  0
 50.5  0
 51.5  0
 52.5  0
 53.5  0
 54.5  0
 55.5  0
 56.5  0
 57.5  0
 58.5  0
 59.5  0
 60.5  0
 61.5  0
 62.5  0
 63.5  0
 64.5  0
 65.5  0
 66.5  0
 67.5  0
 68.5  0
 69.5  0
 70.5  0
 71.5  0
 72.5  0
 73.5  0
 74.5  0
 75.5  0
 76.5  0
 77.5  0
 78.5  0
 79.5  0
 80.5  0
 81.5  0
 82.5  0
 83.5  0
 84.5  0
 85.5  0
 86.5  0
 87.5  0
 88.5  0
 89.5  0
