0   0.0
1   0.21895389258861542
2   0.20826725661754608
3   0.28565743565559387
4   0.2620324492454529
5   0.31928855180740356
6   0.3103685975074768
7   0.23677657544612885
8   0.2956879734992981
9   0.1868356317281723
10   0.3737219572067261
11   0.6259617209434509
12   0.4399380385875702
13   0.8556674718856812
14   3.447970151901245
15   4.992367744445801
16   2.801809310913086
17   2.3391616344451904
18   2.979330062866211
19   2.9842662811279297
20   1.6334670782089233
21   3.818929672241211
22   2.445078134536743
23   2.7787458896636963
24   3.2246878147125244
25   5.169743061065674
26   4.491837978363037
27   2.2454044818878174
28   2.9566826820373535
29   3.897385358810425
30   3.1254098415374756
31   2.1264405250549316
32   1.3327150344848633
33   2.00930118560791
34   2.0492773056030273
35   2.602104663848877
36   3.76374888420105
37   2.6725215911865234
38   2.4205234050750732
39   3.380769729614258
40   2.514944076538086
41   1.3895496129989624
42   2.521463394165039
43   1.7947815656661987
44   1.6886566877365112
45   2.4706027507781982
46   2.4124486446380615
47   1.7625494003295898
48   2.5467755794525146
49   2.186671495437622
50   1.961748480796814
51   2.371114492416382
52   1.6944245100021362
53   1.9356844425201416
54   1.5547399520874023
55   1.4721403121948242
56   1.3778283596038818
57   1.2403818368911743
58   1.5350251197814941
59   1.703845500946045
60   1.523072361946106
61   1.7341820001602173
62   2.0780367851257324
63   1.3628125190734863
64   1.52387535572052
65   1.3943729400634766
66   1.7307374477386475
67   1.433880090713501
68   2.226480722427368
69   1.684243083000183
70   1.625914216041565
71   2.3080074787139893
72   1.959472417831421
73   2.0859251022338867
74   1.6154860258102417
75   1.8613866567611694
76   1.1613630056381226
77   1.6693050861358643
78   1.4854077100753784
79   1.4016649723052979
80   1.7323968410491943
81   2.0378315448760986
82   2.285337209701538
83   1.5259252786636353
84   1.72871732711792
85   1.4594628810882568
86   2.278564929962158
87   2.014589309692383
88   1.614107608795166
89   1.966295838356018
90   1.8178856372833252
91   2.0400519371032715
92   1.5986651182174683
93   1.7861465215682983
94   2.324176073074341
95   2.1752724647521973
96   2.4550018310546875
97   2.6609115600585938
98   2.337794303894043
99   1.4732304811477661
100   1.59569251537323
101   1.7039341926574707
102   1.8148689270019531
103   1.925498366355896
104   1.9628078937530518
105   1.8988884687423706
106   1.8872581720352173
107   1.7875885963439941
108   1.4933198690414429
109   2.0734503269195557
110   1.753100872039795
111   1.6067805290222168
112   2.842078924179077
113   3.46307110786438
114   3.049952745437622
115   2.098203659057617
116   2.1142773628234863
117   1.4215728044509888
118   2.2349605560302734
119   1.6062649488449097
120   1.5338369607925415
121   2.1116902828216553
122   1.6670480966567993
123   0.960685670375824
124   1.7974430322647095
125   2.1440188884735107
126   1.6396321058273315
127   1.9128612279891968
128   1.5132578611373901
129   1.7628066539764404
130   1.8623594045639038
131   1.4190826416015625
132   1.6730982065200806
133   1.4545012712478638
134   1.071096658706665
135   1.8700017929077148
136   2.160301446914673
137   3.178157091140747
138   3.0036628246307373
139   2.5649313926696777
140   2.9888405799865723
141   1.5103143453598022
142   2.3234786987304688
143   1.589127779006958
144   1.4283714294433594
145   1.562664270401001
146   2.6467196941375732
147   2.3015873432159424
148   2.0854756832122803
149   1.8237327337265015
150   1.4413968324661255
151   1.4482625722885132
152   1.6562185287475586
153   1.5102460384368896
154   1.4711023569107056
155   1.7397427558898926
156   1.4860339164733887
157   1.3793734312057495
158   1.326514482498169
159   2.0904877185821533
160   3.0753793716430664
161   1.8024100065231323
162   1.684981107711792
163   1.8336703777313232
164   1.2652506828308105
165   2.6559436321258545
166   1.5719622373580933
167   1.370281457901001
168   1.7826929092407227
169   1.6035175323486328
170   1.619295358657837
171   2.6417760848999023
172   1.2608122825622559
173   1.784766435623169
174   1.145688533782959
175   1.5765410661697388
176   1.5291043519973755
177   1.947283148765564
178   2.5786895751953125
179   1.6269776821136475
180   1.9338070154190063
181   1.4615265130996704
182   1.7190184593200684
183   2.154360771179199
184   1.7476415634155273
185   1.6409127712249756
186   1.4277392625808716
187   1.1871330738067627
188   1.213119387626648
189   1.3615267276763916
190   1.2606571912765503
191   1.4570175409317017
192   1.707974910736084
193   1.8031034469604492
194   1.2936447858810425
195   1.535562515258789
196   1.244420051574707
197   1.3721346855163574
198   1.5521551370620728
199   2.2576050758361816
200   2.1604998111724854
201   2.1219654083251953
202   1.6045206785202026
203   1.2523694038391113
204   2.1240808963775635
205   2.0670905113220215
206   1.8940951824188232
207   2.1659839153289795
208   1.3710265159606934
209   1.6663869619369507
210   1.5754411220550537
211   1.6093319654464722
212   1.5957764387130737
213   1.919798731803894
