0   0.0
1   2.032975196838379
2   2.077427387237549
3   2.264117479324341
4   2.319842576980591
5   2.16802716255188
6   2.073206663131714
7   2.33066725730896
8   2.304126739501953
9   2.51800274848938
10   2.934004306793213
11   2.3795135021209717
12   2.9465487003326416
13   3.875277042388916
14   3.8697876930236816
15   4.057065486907959
16   5.10663366317749
17   3.945683002471924
18   3.37760066986084
19   4.033141613006592
20   4.902548313140869
21   5.248163223266602
22   3.4562017917633057
23   3.6391396522521973
24   3.774454355239868
25   3.826482057571411
26   4.97526216506958
27   5.170512676239014
28   4.0870256423950195
29   3.9418790340423584
30   4.051602840423584
31   5.122130870819092
32   4.611954689025879
33   4.478117942810059
34   3.9718594551086426
35   4.380537033081055
36   4.9024176597595215
37   3.6810691356658936
38   4.156770706176758
39   3.0048904418945313
40   4.772185802459717
41   4.640346527099609
42   5.338407039642334
43   4.840876579284668
44   4.679046154022217
45   4.29262113571167
46   5.23937463760376
47   4.195919990539551
48   5.128249645233154
49   3.8503713607788086
50   3.336989641189575
51   4.648179531097412
52   4.152343273162842
53   3.9629271030426025
54   6.106125831604004
55   5.003688812255859
56   5.215667724609375
57   5.467733860015869
58   3.8028461933135986
59   4.022313117980957
60   5.203910827636719
61   5.187406539916992
62   4.568362712860107
63   5.579972267150879
64   4.290016174316406
65   4.671860218048096
66   4.744934558868408
67   4.324222087860107
68   5.210938453674316
69   5.081890106201172
70   5.236740589141846
71   4.581007957458496
72   4.910741806030273
73   4.819957733154297
74   4.889895439147949
75   4.883273601531982
76   4.612452507019043
77   5.43618106842041
78   4.642080783843994
79   5.480679035186768
80   5.648393154144287
81   4.908996105194092
82   5.005917072296143
83   5.000091552734375
84   6.231008529663086
85   4.933165073394775
86   5.161643981933594
87   4.991757869720459
88   5.8531646728515625
89   6.881869316101074
90   6.518702507019043
91   6.337955474853516
92   5.904228210449219
93   6.798808574676514
94   5.175936222076416
95   5.779587268829346
96   5.659404277801514
97   4.592219829559326
98   5.164513111114502
99   4.929975509643555
100   5.019782066345215
101   5.497042179107666
102   4.3988752365112305
103   4.5722575187683105
104   6.392543315887451
105   5.964537143707275
106   6.518346786499023
107   5.896568298339844
108   5.486115455627441
109   5.418978214263916
110   5.456269264221191
111   6.343571186065674
112   5.810235500335693
113   6.500007152557373
114   5.925920486450195
115   5.933591365814209
116   5.214269638061523
117   5.641726493835449
118   6.0544209480285645
119   6.128845691680908
120   5.097491264343262
121   4.37746524810791
122   5.073327541351318
123   4.202422142028809
124   4.8729166984558105
125   5.259700298309326
126   4.870862007141113
127   4.812329292297363
128   5.271690368652344
129   5.322214603424072
130   4.884214878082275
131   5.082930088043213
132   5.652889728546143
133   6.104183197021484
134   5.656442165374756
135   5.07777214050293
136   4.145583629608154
137   4.049192428588867
138   4.993422031402588
139   4.83893346786499
140   4.452794075012207
141   5.18040657043457
142   4.202155590057373
143   6.031390190124512
144   4.653095245361328
145   5.688359260559082
146   6.5734124183654785
147   6.347073554992676
148   5.956625938415527
149   6.508945941925049
150   5.510724067687988
151   6.083765983581543
152   6.497522354125977
153   6.755832672119141
154   6.377015113830566
155   6.365880489349365
156   6.029350757598877
157   6.53821325302124
158   6.5325446128845215
159   6.438426494598389
160   6.331984043121338
161   4.5241804122924805
162   5.576728343963623
163   5.06728982925415
164   4.822135925292969
165   4.690637588500977
166   5.513335227966309
167   5.0638017654418945
168   5.150521278381348
169   4.731788635253906
170   5.142423629760742
171   4.787002086639404
172   5.810983180999756
173   5.793147087097168
174   5.122441291809082
175   4.716083526611328
176   5.36345911026001
177   4.8629045486450195
178   4.727363586425781
179   4.525154113769531
180   5.222656726837158
181   5.170687198638916
182   4.301596164703369
183   5.7256927490234375
184   5.988532066345215
185   5.666097640991211
186   5.928603172302246
187   5.428917407989502
188   5.79690408706665
189   5.464089393615723
190   5.110537528991699
191   5.566887378692627
192   4.705499172210693
193   5.889791965484619
194   5.268864631652832
195   5.54112434387207
196   6.075374603271484
197   5.7251505851745605
198   5.569493770599365
199   4.7046356201171875
200   4.996248722076416
201   4.812662124633789
202   4.90919828414917
203   4.584057807922363
204   4.311404228210449
205   4.495235443115234
206   4.691573619842529
207   5.017049312591553
208   5.015598773956299
209   5.333061695098877
210   5.743425369262695
211   5.475408554077148
212   4.966708660125732
213   4.805861473083496
