0   0.0
1   1.2504535913467407
2   1.1743098497390747
3   1.1560702323913574
4   1.2134326696395874
5   1.386073112487793
6   1.2297900915145874
7   1.2376536130905151
8   1.2923948764801025
9   1.478254795074463
10   1.5723520517349243
11   1.448651909828186
12   1.6592813730239868
13   1.2271217107772827
14   2.3518502712249756
15   1.1783320903778076
16   3.380376100540161
17   3.0765435695648193
18   3.087491273880005
19   3.533337116241455
20   3.8865139484405518
21   3.199986219406128
22   3.7725396156311035
23   2.8162221908569336
24   4.3108110427856445
25   3.383150815963745
26   3.717557191848755
27   4.641245365142822
28   3.390862226486206
29   3.6695315837860107
30   4.474874496459961
31   3.413518190383911
32   3.5881102085113525
33   2.3692238330841064
34   2.2224619388580322
35   3.379551649093628
36   2.345548391342163
37   1.9046531915664673
38   2.387000322341919
39   1.3991661071777344
40   1.609696626663208
41   2.1663084030151367
42   2.611759662628174
43   3.1915135383605957
44   3.7473981380462646
45   2.620516061782837
46   3.5953516960144043
47   2.8577523231506348
48   2.833345413208008
49   1.801445484161377
50   3.1247851848602295
51   3.8861920833587646
52   3.8476059436798096
53   3.035076856613159
54   4.217637538909912
55   3.4677574634552
56   3.4063942432403564
57   3.3587353229522705
58   2.8569130897521973
59   4.232835292816162
60   3.484844923019409
61   3.772735357284546
62   3.4360923767089844
63   3.424004554748535
64   2.666745901107788
65   3.5929741859436035
66   3.861313819885254
67   3.5304863452911377
68   3.985905170440674
69   3.984320640563965
70   3.809173107147217
71   3.230088710784912
72   3.099092483520508
73   4.372632026672363
74   3.9450931549072266
75   3.6832683086395264
76   2.938784122467041
77   3.412431240081787
78   3.688225269317627
79   3.934976816177368
80   3.2913875579833984
81   3.623349905014038
82   3.7143008708953857
83   3.710787773132324
84   2.037930488586426
85   1.5896245241165161
86   3.937516927719116
87   2.031384229660034
88   2.822233200073242
89   5.098254203796387
90   3.5102574825286865
91   3.750241994857788
92   4.3192057609558105
93   3.5783309936523438
94   2.150876998901367
95   3.2401344776153564
96   3.243438720703125
97   3.4251558780670166
98   3.265742063522339
99   4.237460613250732
100   4.234931945800781
101   4.099058628082275
102   4.011996746063232
103   2.6446287631988525
104   3.0408542156219482
105   3.3905141353607178
106   3.6837446689605713
107   3.395247220993042
108   3.75632643699646
109   3.745574712753296
110   2.7522454261779785
111   3.716538190841675
112   2.723193645477295
113   5.404439449310303
114   3.0456457138061523
115   4.025964260101318
116   3.691910982131958
117   3.64949107170105
118   4.281875133514404
119   2.4871976375579834
120   3.5676255226135254
121   2.1995019912719727
122   2.3406412601470947
123   2.974979877471924
124   3.909212350845337
125   3.945403575897217
126   3.4698128700256348
127   4.233890533447266
128   3.3631751537323
129   2.63084077835083
130   3.4242026805877686
131   2.645730495452881
132   2.9159977436065674
133   2.5512969493865967
134   2.3878109455108643
135   2.9760453701019287
136   3.2690622806549072
137   3.950646162033081
138   5.282321453094482
139   3.1039953231811523
140   3.4947502613067627
141   4.266709327697754
142   3.928816318511963
143   3.107377052307129
144   4.3206939697265625
145   3.1072747707366943
146   1.9776959419250488
147   2.6109588146209717
148   2.886317014694214
149   2.1874783039093018
150   3.8214526176452637
151   1.744339942932129
152   1.5884877443313599
153   1.9753001928329468
154   2.0855958461761475
155   3.922353506088257
156   3.471160411834717
157   3.4638965129852295
158   3.222588539123535
159   2.6323068141937256
160   4.010504722595215
161   3.450918674468994
162   4.016153812408447
163   4.257919788360596
164   4.463751316070557
165   4.3065690994262695
166   4.128856182098389
167   3.80733060836792
168   3.333627700805664
169   3.107832908630371
170   3.1858787536621094
171   3.0872392654418945
172   4.3576202392578125
173   3.7875304222106934
174   3.542799234390259
175   3.400536060333252
176   3.207796335220337
177   2.103529214859009
178   3.894666910171509
179   2.93680477142334
180   3.1306395530700684
181   3.4191665649414063
182   2.766610860824585
183   3.916391372680664
184   3.545814275741577
185   2.9644675254821777
186   3.0754687786102295
187   2.546314001083374
188   2.463228225708008
189   3.1415069103240967
190   3.672833204269409
191   2.6532094478607178
192   3.0802500247955322
193   4.782530307769775
194   2.987210512161255
195   3.423419952392578
196   3.8664603233337402
197   3.374420642852783
198   3.233766555786133
199   3.8597521781921387
200   2.420318603515625
201   2.9450907707214355
202   3.503809928894043
203   3.7757599353790283
204   3.9477035999298096
205   4.171359539031982
206   3.812074899673462
207   3.783308267593384
208   1.9108867645263672
209   2.619856119155884
210   1.9236223697662354
211   2.322715997695923
212   2.899472236633301
213   1.8084229230880737
