0   0.0
1   0.20504848659038544
2   0.18567298352718353
3   0.18800103664398193
4   0.2015877664089203
5   0.20573535561561584
6   0.20194624364376068
7   0.18356837332248688
8   0.17868104577064514
9   0.2424456626176834
10   0.2760586142539978
11   0.3668968081474304
12   0.47953560948371887
13   0.8657865524291992
14   1.3547205924987793
15   1.6679341793060303
16   1.2426246404647827
17   1.2243050336837769
18   1.8947856426239014
19   1.4935686588287354
20   1.9294540882110596
21   1.5925215482711792
22   1.7402175664901733
23   1.7109636068344116
24   1.5351982116699219
25   1.9963197708129883
26   2.1114742755889893
27   2.247072219848633
28   1.4705160856246948
29   1.4398695230484009
30   1.8850789070129395
31   1.313371181488037
32   1.5134549140930176
33   1.7379077672958374
34   1.5743845701217651
35   1.9570807218551636
36   1.977729320526123
37   1.859763264656067
38   1.8711282014846802
39   2.3582568168640137
40   1.5302685499191284
41   1.7555245161056519
42   1.8168281316757202
43   2.2365565299987793
44   1.6452301740646362
45   1.514232873916626
46   1.8671727180480957
47   1.8139032125473022
48   1.6419998407363892
49   1.4855492115020752
50   2.2345025539398193
51   1.673566460609436
52   1.7278887033462524
53   1.5550777912139893
54   2.0330638885498047
55   1.6930338144302368
56   1.312695026397705
57   1.5702831745147705
58   1.1678225994110107
59   1.8629804849624634
60   1.8434656858444214
61   1.667256236076355
62   1.9573161602020264
63   1.8289319276809692
64   1.6476788520812988
65   1.8705681562423706
66   1.747433066368103
67   1.4842727184295654
68   1.5480141639709473
69   1.413366436958313
70   1.7704176902770996
71   1.4165607690811157
72   1.2884260416030884
73   1.6115320920944214
74   1.5056501626968384
75   1.8104914426803589
76   1.5751909017562866
77   1.7866593599319458
78   1.2353546619415283
79   1.668082356452942
80   1.6155692338943481
81   2.220008611679077
82   1.8071832656860352
83   1.6955769062042236
84   1.4389351606369019
85   1.2113277912139893
86   1.8761359453201294
87   1.5253254175186157
88   1.872130036354065
89   2.6926143169403076
90   1.8471750020980835
91   2.407923460006714
92   1.9466187953948975
93   2.0697641372680664
94   1.6059010028839111
95   1.8258941173553467
96   1.604805588722229
97   1.6314916610717773
98   1.687335729598999
99   2.052500009536743
100   1.7308108806610107
101   1.4577163457870483
102   1.6345726251602173
103   1.6960772275924683
104   1.6389936208724976
105   1.7962440252304077
106   1.690667748451233
107   1.62058424949646
108   1.760628581047058
109   1.9207099676132202
110   1.4564101696014404
111   1.8322203159332275
112   1.9982763528823853
113   2.03133225440979
114   1.6535160541534424
115   1.8342067003250122
116   1.8707877397537231
117   1.4736945629119873
118   1.7877213954925537
119   1.5566456317901611
120   1.4554946422576904
121   1.7361119985580444
122   2.0472586154937744
123   1.5307058095932007
124   1.8620868921279907
125   2.231051445007324
126   1.598892092704773
127   2.0370450019836426
128   1.4647730588912964
129   1.5345131158828735
130   1.5491966009140015
131   1.768568992614746
132   1.5720696449279785
133   1.4075754880905151
134   1.5513360500335693
135   1.6563173532485962
136   1.603279709815979
137   1.7600631713867188
138   1.990033507347107
139   1.4650087356567383
140   1.3908779621124268
141   2.1298112869262695
142   2.0569417476654053
143   1.7909857034683228
144   1.5801923274993896
145   1.8271483182907104
146   1.7830411195755005
147   1.9200655221939087
148   1.8299627304077148
149   2.1041653156280518
150   2.1256463527679443
151   1.815460205078125
152   1.7277698516845703
153   1.8731911182403564
154   1.8725711107254028
155   1.8467167615890503
156   1.7847644090652466
157   1.5165057182312012
158   1.6515965461730957
159   2.3436496257781982
160   1.7297773361206055
161   1.7703102827072144
162   1.6101799011230469
163   2.1275198459625244
164   1.7850314378738403
165   2.1224124431610107
166   1.65578031539917
167   1.8520822525024414
168   1.559356451034546
169   1.5287635326385498
170   1.681361198425293
171   1.4707924127578735
172   1.9258449077606201
173   1.7454777956008911
174   1.480946660041809
175   1.652934193611145
176   1.5603721141815186
177   1.7217955589294434
178   1.3468976020812988
179   1.2184443473815918
180   1.5375416278839111
181   1.4252599477767944
182   1.671347975730896
183   1.4200987815856934
184   1.4365640878677368
185   2.0260190963745117
186   1.6140835285186768
187   1.6579517126083374
188   1.938292145729065
189   1.6594005823135376
190   1.5597031116485596
191   1.51954185962677
192   1.6159663200378418
193   2.22814679145813
194   1.6508203744888306
195   1.6621804237365723
196   1.6382285356521606
197   1.4394242763519287
198   1.6713333129882813
199   2.035780191421509
200   1.7363771200180054
201   1.6575196981430054
202   1.486351728439331
203   1.6604973077774048
204   1.6595100164413452
205   1.7124505043029785
206   1.4909820556640625
207   1.63661527633667
208   1.4490745067596436
209   1.636877179145813
210   1.3658602237701416
211   1.5274760723114014
212   1.7701658010482788
213   1.4725812673568726
