1   1.7862699031829834
2   1.8894402980804443
3   2.0558712482452393
4   1.9120142459869385
5   2.055537223815918
6   1.8935155868530273
7   1.6978449821472168
8   1.8222566843032837
9   1.964625358581543
10   1.9885703325271606
11   1.9483577013015747
12   1.642401099205017
13   1.8102784156799316
14   1.7435485124588013
15   1.7257680892944336
16   1.5584182739257813
17   1.8918009996414185
18   1.8098007440567017
19   1.8056209087371826
20   1.762805700302124
21   1.9013173580169678
22   1.8354182243347168
23   1.733733892440796
24   1.7203021049499512
25   1.578795075416565
26   1.643876314163208
27   1.8010667562484741
28   1.711364507675171
29   1.6932423114776611
30   1.7963851690292358
31   1.6612603664398193
32   1.5210407972335815
33   1.7622478008270264
34   1.6601595878601074
35   2.091209650039673
36   1.8942500352859497
37   1.8466464281082153
38   1.577303409576416
39   1.677891731262207
40   1.8875393867492676
41   1.7417553663253784
42   1.7528835535049438
43   1.8324722051620483
44   2.1610233783721924
45   1.8767927885055542
46   1.7037712335586548
47   1.7402955293655396
48   1.6195629835128784
49   1.680997371673584
50   1.678002119064331
51   1.8091901540756226
52   1.7492172718048096
53   1.9976435899734497
54   1.8453845977783203
55   1.9309898614883423
56   1.9350700378417969
57   1.9074738025665283
58   1.7009217739105225
59   1.622829794883728
60   2.0000693798065186
61   1.6706849336624146
62   1.7183265686035156
63   1.9494075775146484
64   1.6693553924560547
65   1.8818302154541016
66   1.7170207500457764
67   1.9096182584762573
68   1.7277677059173584
69   1.8333195447921753
70   1.5680171251296997
71   1.8463479280471802
72   1.5031965970993042
73   1.7686035633087158
74   1.7226735353469849
75   1.7691518068313599
76   1.9997704029083252
77   1.77279531955719
78   1.9760966300964355
79   1.7553458213806152
80   1.922404170036316
81   1.8219685554504395
82   2.162991523742676
83   1.7673848867416382
84   1.833038330078125
85   1.7583469152450562
86   1.7702535390853882
87   1.8246244192123413
88   2.0489301681518555
89   1.91736900806427
90   1.6421617269515991
91   1.8717998266220093
92   2.0009775161743164
93   1.6908173561096191
94   1.7172467708587646
95   1.8020316362380981
96   1.9770277738571167
97   1.4893461465835571
98   1.663916826248169
99   1.6147611141204834
100   1.7237331867218018
101   1.7758375406265259
102   1.8996925354003906
103   1.8987505435943604
104   2.291232109069824
105   2.0127604007720947
106   1.8450922966003418
107   1.9016181230545044
108   1.7447893619537354
109   1.6611227989196777
110   1.7700114250183105
111   1.6543140411376953
112   1.650193452835083
113   1.654802680015564
114   1.7339932918548584
115   1.7604318857192993
116   1.85308039188385
117   1.5083119869232178
118   1.9457296133041382
119   1.9518722295761108
120   1.8975334167480469
121   1.8696519136428833
122   1.9388431310653687
123   1.825727105140686
124   1.4818962812423706
125   2.2311182022094727
126   1.7295563220977783
127   1.8147268295288086
128   1.7120351791381836
129   1.9998302459716797
130   2.04172945022583
131   1.7918553352355957
132   1.8785001039505005
133   1.906718373298645
134   1.7415690422058105
135   2.0843193531036377
136   2.0384976863861084
137   1.8085743188858032
138   1.824979305267334
139   1.9040398597717285
140   1.5498888492584229
141   1.8769762516021729
142   1.7122479677200317
143   1.861227035522461
144   1.9829837083816528
145   1.9014912843704224
146   1.6261743307113647
147   2.1517183780670166
148   1.928618311882019
149   1.9791288375854492
150   1.533063530921936
151   1.6252645254135132
152   1.883813500404358
153   1.9784924983978271
154   1.8890140056610107
155   1.7136262655258179
156   1.7032212018966675
157   1.7523226737976074
158   2.0363783836364746
159   1.7680635452270508
160   1.7071220874786377
