1   3.8810465335845947
2   4.186949253082275
3   3.4972846508026123
4   3.6746487617492676
5   3.9186055660247803
6   1.8706488609313965
7   2.0406172275543213
8   1.15755033493042
9   0.7393395900726318
10   1.905447244644165
11   1.334018588066101
12   2.1275551319122314
13   4.775900363922119
14   3.423980951309204
15   3.005044937133789
16   4.175724983215332
17   2.420475721359253
18   2.9259376525878906
19   1.7509868144989014
20   3.1965832710266113
21   2.4934473037719727
22   1.3803942203521729
23   1.5378824472427368
24   1.554392695426941
25   3.5944323539733887
26   3.401746988296509
27   2.788259744644165
28   3.476051092147827
29   3.803452253341675
30   3.456696033477783
31   3.2028818130493164
32   3.2613208293914795
33   3.5115749835968018
34   2.848607063293457
35   3.2376112937927246
36   3.5069165229797363
37   4.812632083892822
38   4.175500869750977
39   3.1665263175964355
40   3.4115562438964844
41   2.6478757858276367
42   2.851696729660034
43   2.75201678276062
44   3.4894864559173584
45   4.014364719390869
46   1.6079503297805786
47   2.2582204341888428
48   3.0386955738067627
49   1.7796368598937988
50   1.33262038230896
51   1.5412030220031738
52   2.1984453201293945
53   2.4785728454589844
54   2.489316463470459
55   1.4799349308013916
56   2.3470897674560547
57   3.0317301750183105
58   3.2203829288482666
59   2.6553714275360107
60   2.156705617904663
61   1.9981871843338013
62   2.090015411376953
63   2.5615546703338623
64   3.2925901412963867
65   4.7627105712890625
66   2.739712715148926
67   3.585653781890869
68   2.090775728225708
69   2.5255322456359863
70   3.4459128379821777
71   3.4421660900115967
72   4.2169575691223145
73   3.016526460647583
74   3.291437864303589
75   3.6015729904174805
76   3.5567028522491455
77   2.6019742488861084
78   2.5437281131744385
79   3.5955257415771484
80   4.005589485168457
81   2.8729774951934814
82   3.9533112049102783
83   4.105265140533447
84   3.4350802898406982
85   2.9604175090789795
86   3.153151512145996
87   3.384376049041748
88   4.263509273529053
89   3.319209337234497
90   2.74711275100708
91   3.1846914291381836
92   3.418912410736084
93   3.8375582695007324
94   2.707963705062866
95   5.100633144378662
96   3.160858154296875
97   2.6618683338165283
98   3.453356981277466
99   3.2963459491729736
100   3.569338321685791
101   2.984156847000122
102   3.217985153198242
103   4.382005214691162
104   3.2656495571136475
105   4.046659469604492
106   3.686594247817993
107   3.382490396499634
108   3.245640277862549
109   4.242137432098389
110   3.0109732151031494
111   3.644214153289795
112   3.6869101524353027
113   3.09712815284729
114   3.2311344146728516
115   2.9662387371063232
116   3.071857452392578
117   3.9353582859039307
118   3.4053425788879395
119   3.1597328186035156
120   4.065967082977295
121   1.6869797706604004
122   1.5514544248580933
123   3.525592088699341
124   3.4996182918548584
125   3.7852895259857178
126   2.988823890686035
127   1.9717401266098022
128   3.7963595390319824
129   3.5214009284973145
130   3.793977737426758
131   3.4263813495635986
132   2.856086492538452
133   3.6680686473846436
134   3.860698699951172
135   3.0621721744537354
136   3.8658077716827393
137   3.3496482372283936
138   3.1355156898498535
139   3.2329206466674805
140   3.649207592010498
141   2.622891426086426
142   4.281405448913574
143   3.695822238922119
144   2.7112326622009277
145   2.8815371990203857
146   2.5040879249572754
147   3.0392515659332275
148   3.628662347793579
149   3.1159727573394775
150   4.425601005554199
151   3.6155338287353516
152   3.3703653812408447
153   2.984154462814331
154   3.175645112991333
155   2.735102891921997
156   3.5422818660736084
157   3.6613659858703613
158   2.9608588218688965
159   3.607320785522461
160   3.310122489929199
