1   4.577702522277832
2   5.2411041259765625
3   4.902226448059082
4   5.549191474914551
5   5.44851541519165
6   4.899892807006836
7   4.341203212738037
8   4.337209224700928
9   4.398856163024902
10   4.23525333404541
11   4.456745147705078
12   5.225214958190918
13   5.178131580352783
14   6.0517048835754395
15   6.183506011962891
16   5.508941173553467
17   6.580382347106934
18   5.9213457107543945
19   5.831032752990723
20   6.092857360839844
21   5.7126383781433105
22   6.2328081130981445
23   6.0013041496276855
24   6.649385929107666
25   5.9357757568359375
26   5.419897079467773
27   5.49337911605835
28   5.249593734741211
29   4.4834370613098145
30   5.591848850250244
31   6.139239311218262
32   5.510645389556885
33   6.568025588989258
34   6.782176971435547
35   6.010989189147949
36   5.723033428192139
37   5.6141533851623535
38   5.188955307006836
39   6.7454915046691895
40   6.1867523193359375
41   6.306807518005371
42   6.629101753234863
43   7.133029460906982
44   6.373876571655273
45   5.832059860229492
46   6.095058917999268
47   5.086277484893799
48   5.506556987762451
49   5.14076566696167
50   4.844824314117432
51   6.01878547668457
52   6.144923686981201
53   5.36329984664917
54   5.450589179992676
55   6.047220706939697
56   5.406703472137451
57   6.6238203048706055
58   6.961484909057617
59   6.602358341217041
60   6.340559959411621
61   5.33927059173584
62   5.7410149574279785
63   6.333959102630615
64   5.50212287902832
65   5.740638732910156
66   6.382087707519531
67   5.370249271392822
68   5.2253031730651855
69   6.640923023223877
70   6.531206130981445
71   7.383722305297852
72   6.296225547790527
73   6.729511260986328
74   6.924648284912109
75   5.941928386688232
76   6.730318069458008
77   6.937849044799805
78   5.859631061553955
79   5.143690586090088
80   5.707376956939697
81   4.990703105926514
82   5.264656066894531
83   5.899215221405029
84   6.3992109298706055
85   6.0874810218811035
86   4.636536121368408
87   6.256389617919922
88   5.465819358825684
89   6.244770050048828
90   6.264686107635498
91   6.136299133300781
92   6.031525611877441
93   6.176722049713135
94   6.580135345458984
95   6.44351053237915
96   5.634289264678955
97   5.157052040100098
98   6.239744186401367
99   5.218545436859131
100   6.585365295410156
101   5.9692158699035645
102   6.102996349334717
103   5.873395919799805
104   5.364480972290039
105   5.870301723480225
106   6.370214939117432
107   5.241022109985352
108   4.4863996505737305
109   4.408189296722412
110   4.523929119110107
111   4.665806770324707
112   5.655102252960205
113   5.362135887145996
114   5.8065338134765625
115   5.661304473876953
116   5.680254936218262
117   5.675942420959473
118   5.126673698425293
119   5.758155822753906
120   5.352926731109619
121   4.641039848327637
122   5.091034412384033
123   4.917878150939941
124   5.460590362548828
125   5.310568809509277
126   4.312945365905762
127   3.4721977710723877
128   5.626315593719482
129   5.463340759277344
130   5.201540470123291
131   6.139802932739258
132   5.151051044464111
133   6.190684795379639
134   6.120220184326172
135   5.3746185302734375
136   4.449771404266357
137   5.153152942657471
138   4.470989227294922
139   4.966355323791504
140   5.187231063842773
141   4.500475883483887
142   3.863280773162842
143   4.418996810913086
144   3.844639778137207
145   4.51355504989624
146   4.47386360168457
147   4.9505295753479
148   5.070328712463379
149   4.450994968414307
150   5.3754682540893555
151   5.1594390869140625
152   5.89907169342041
153   5.543412685394287
154   4.816596031188965
155   4.209700107574463
156   5.293331623077393
157   5.525007247924805
158   4.848583221435547
159   4.627467632293701
160   5.7763671875
