1   1.5546135902404785
2   1.64449143409729
3   1.5352956056594849
4   1.3452740907669067
5   1.6210906505584717
6   1.588580846786499
7   1.5428438186645508
8   1.3212974071502686
9   1.579899787902832
10   1.806268334388733
11   1.5748605728149414
12   1.5004857778549194
13   1.7188241481781006
14   1.579309344291687
15   1.7685508728027344
16   1.8649895191192627
17   1.8473700284957886
18   1.5063586235046387
19   1.828277349472046
20   1.6912602186203003
21   1.5581846237182617
22   1.5649546384811401
23   1.5170197486877441
24   1.6392922401428223
25   1.6666983366012573
26   1.4969744682312012
27   1.3649053573608398
28   1.3818349838256836
29   1.6774996519088745
30   1.8068184852600098
31   1.7192121744155884
32   1.679854154586792
33   1.8175547122955322
34   1.7776319980621338
35   1.881110429763794
36   1.8390741348266602
37   1.8632572889328003
38   1.5700069665908813
39   1.5882189273834229
40   1.500712513923645
41   1.4927724599838257
42   1.8093558549880981
43   1.689323902130127
44   1.7752840518951416
45   1.924261450767517
46   1.6504980325698853
47   1.6532968282699585
48   1.8678264617919922
49   1.7610979080200195
50   1.754251480102539
51   1.6940593719482422
52   1.667482614517212
53   1.8053863048553467
54   1.96408212184906
55   1.5386275053024292
56   1.7923557758331299
57   1.754894733428955
58   1.7476511001586914
59   1.970543622970581
60   2.190120220184326
61   2.0453062057495117
62   1.8151887655258179
63   1.6452668905258179
64   1.6015039682388306
65   1.8792470693588257
66   1.7489689588546753
67   1.5372328758239746
68   1.7383036613464355
69   1.8234318494796753
70   1.3849231004714966
71   1.6686513423919678
72   1.7614734172821045
73   1.549146294593811
74   1.8934847116470337
75   1.6379647254943848
76   1.80685555934906
77   1.586569905281067
78   1.7297320365905762
79   1.7436740398406982
80   1.9307688474655151
81   1.8627458810806274
82   1.4914524555206299
83   1.4793970584869385
84   1.834867000579834
85   1.7802423238754272
86   1.8155657052993774
87   1.8988306522369385
88   1.6706197261810303
89   1.6335471868515015
90   1.7153825759887695
91   1.6784311532974243
92   1.9134094715118408
93   1.7760764360427856
94   1.7890797853469849
95   2.2063541412353516
96   1.818863868713379
97   1.7522542476654053
98   1.733375906944275
99   1.8800982236862183
100   2.3466033935546875
101   2.2579526901245117
102   1.9774765968322754
103   2.5501115322113037
104   2.1163928508758545
105   2.346198081970215
106   2.0344436168670654
107   1.931264877319336
108   1.9778143167495728
109   2.67814564704895
110   2.3010144233703613
111   2.3763296604156494
112   1.984114646911621
113   2.1682240962982178
114   2.3199851512908936
115   2.503998041152954
116   2.366414785385132
117   2.3607304096221924
118   2.333324909210205
119   2.5102689266204834
120   2.2640187740325928
121   2.0519018173217773
122   2.4203083515167236
123   2.6592280864715576
124   2.2953405380249023
125   2.326911211013794
126   2.221515655517578
127   2.325812816619873
128   2.11738920211792
129   2.076573371887207
130   2.483344078063965
131   2.589592456817627
132   2.251634120941162
133   2.4456217288970947
134   2.628570556640625
135   2.4240610599517822
136   2.068920850753784
137   2.1286706924438477
138   2.1761066913604736
139   2.275747060775757
140   2.2537810802459717
141   2.7235403060913086
142   2.279106855392456
143   2.190638303756714
144   2.330249309539795
145   1.9518392086029053
146   2.1401607990264893
147   2.5684142112731934
148   2.5929641723632813
149   2.4610848426818848
150   2.413637399673462
151   2.1418936252593994
152   2.261641502380371
153   1.9822927713394165
154   2.048306703567505
155   1.9151804447174072
156   2.0687947273254395
157   2.0399532318115234
158   2.214881420135498
159   2.235149383544922
160   2.363576650619507
