1   3.5276737213134766
2   3.569213628768921
3   4.011284828186035
4   3.9095098972320557
5   5.232964038848877
6   3.641965627670288
7   4.235267162322998
8   4.169589519500732
9   4.0416035652160645
10   4.142406940460205
11   2.9529800415039063
12   3.5861105918884277
13   2.984685182571411
14   3.335249662399292
15   3.3345448970794678
16   1.4777307510375977
17   1.6365846395492554
18   1.1279289722442627
19   1.7324175834655762
20   1.2648173570632935
21   2.5440571308135986
22   2.0725386142730713
23   1.5927743911743164
24   1.2661644220352173
25   1.870744228363037
26   2.1440865993499756
27   2.001558303833008
28   1.8063026666641235
29   2.48091459274292
30   3.1577529907226563
31   1.781322717666626
32   0.9349820613861084
33   2.1828999519348145
34   1.1209429502487183
35   2.254530668258667
36   1.8975199460983276
37   2.5132362842559814
38   3.039757251739502
39   3.192131757736206
40   4.610735893249512
41   3.5120630264282227
42   4.236191749572754
43   3.622070074081421
44   2.7660140991210938
45   3.2671215534210205
46   3.2679054737091064
47   1.255519986152649
48   0.16000069677829742
49   4.039034366607666
50   2.2107460498809814
51   3.053490400314331
52   2.376981496810913
53   2.354649782180786
54   2.5901525020599365
55   3.1076090335845947
56   2.792217969894409
57   3.114853858947754
58   3.367241382598877
59   4.055749893188477
60   2.8965234756469727
61   3.6597347259521484
62   3.039813995361328
63   2.6895201206207275
64   3.4008257389068604
65   2.1365041732788086
66   1.1175509691238403
67   1.6563743352890015
68   2.03572416305542
69   0.8243069052696228
70   1.9867159128189087
71   1.6721175909042358
72   1.9837567806243896
73   1.7905688285827637
74   1.3959342241287231
75   4.597106456756592
76   4.348871231079102
77   3.479519844055176
78   2.7842681407928467
79   4.3404154777526855
80   4.164716720581055
81   3.5031673908233643
82   2.771728277206421
83   2.8409221172332764
84   3.388352632522583
85   3.7885122299194336
86   2.835477352142334
87   2.4663608074188232
88   3.1679129600524902
89   3.3517818450927734
90   2.6435706615448
91   3.7142510414123535
92   3.7087604999542236
93   3.3931710720062256
94   3.516127109527588
95   4.201719760894775
96   4.237095355987549
97   4.1701178550720215
98   3.8417534828186035
99   4.025648593902588
100   3.170666456222534
101   2.7387678623199463
102   2.9964802265167236
103   3.0853614807128906
104   3.840498924255371
105   4.172000885009766
106   2.853841781616211
107   3.8578174114227295
108   2.9504921436309814
109   3.4722979068756104
110   3.3292932510375977
111   4.043393135070801
112   3.9493119716644287
113   1.9680054187774658
114   4.447497844696045
115   3.4078924655914307
116   3.496750831604004
117   2.857422351837158
118   2.916811466217041
119   3.605376720428467
120   3.1807496547698975
121   3.153573751449585
122   2.691441297531128
123   2.5518417358398438
124   2.5834031105041504
125   3.370454788208008
126   3.930101156234741
127   3.588585615158081
128   2.64986515045166
129   2.8857529163360596
130   2.61126446723938
131   3.3434526920318604
132   3.0956315994262695
133   4.750835418701172
134   3.8734219074249268
135   3.285947799682617
136   2.2738120555877686
137   5.146933555603027
138   4.6477532386779785
139   4.090415000915527
140   2.9348950386047363
141   2.797349452972412
142   3.3936030864715576
143   3.203040361404419
144   3.4140164852142334
145   3.4413928985595703
146   3.203225612640381
147   2.961305856704712
148   3.888936758041382
149   3.7513182163238525
150   3.2288942337036133
151   3.1858274936676025
152   3.6266226768493652
153   2.8507049083709717
154   3.2031102180480957
155   2.941169023513794
156   3.9941065311431885
157   3.0644216537475586
158   4.008842945098877
159   2.693345069885254
160   3.449089288711548
161   3.3086845874786377
162   2.796527624130249
163   2.9600350856781006
164   3.6363906860351563
