1   1.4144688844680786
2   1.863091230392456
3   1.5240803956985474
4   1.773359775543213
5   2.0753304958343506
6   1.8764760494232178
7   1.976880431175232
8   1.8574684858322144
9   1.8671391010284424
10   1.6427119970321655
11   1.7788488864898682
12   1.6997736692428589
13   1.7263154983520508
14   1.5792663097381592
15   1.9006057977676392
16   1.932314157485962
17   1.642797589302063
18   1.709791660308838
19   1.4806634187698364
20   1.4963035583496094
21   1.9749863147735596
22   1.8566383123397827
23   1.7520966529846191
24   1.6658282279968262
25   1.6720389127731323
26   1.631367564201355
27   1.7715011835098267
28   1.4735738039016724
29   1.528774380683899
30   1.5756239891052246
31   1.4091755151748657
32   1.6121759414672852
33   1.6904830932617188
34   1.5848324298858643
35   1.723482370376587
36   1.6345489025115967
37   1.9492285251617432
38   1.6594067811965942
39   1.676007628440857
40   1.9660556316375732
41   2.031466484069824
42   2.324118137359619
43   1.8414881229400635
44   1.7820746898651123
45   1.5217212438583374
46   1.788826584815979
47   1.8039145469665527
48   2.030744791030884
49   1.9357116222381592
50   1.9860029220581055
51   1.5821592807769775
52   1.682187557220459
53   1.8925093412399292
54   1.7454636096954346
55   1.608068585395813
56   1.7252333164215088
57   1.723495364189148
58   1.6082558631896973
59   1.8043255805969238
60   1.7451728582382202
61   2.123533248901367
62   1.7035255432128906
63   1.7649719715118408
64   1.7416914701461792
65   1.8576905727386475
66   1.7271828651428223
67   1.877041220664978
68   1.8110144138336182
69   1.6647212505340576
70   1.7528091669082642
71   1.8398512601852417
72   1.9350168704986572
73   2.0462050437927246
74   1.9259825944900513
75   2.463243246078491
76   2.3966753482818604
77   2.529752492904663
78   2.246959686279297
79   2.1891565322875977
80   1.9943512678146362
81   2.022138833999634
82   1.9081180095672607
83   1.9814229011535645
84   1.7421472072601318
85   2.1103405952453613
86   1.6828495264053345
87   1.6254479885101318
88   1.5585196018218994
89   1.973402738571167
90   1.7361499071121216
91   2.1829679012298584
92   1.6417540311813354
93   1.8804590702056885
94   1.69600510597229
95   1.9905734062194824
96   1.880287528038025
97   2.0869688987731934
98   1.7720147371292114
99   1.881432056427002
100   1.4698458909988403
101   1.947811245918274
102   1.6488275527954102
103   1.6729165315628052
104   1.166979193687439
105   1.5411748886108398
106   1.713443636894226
107   2.20164155960083
108   1.9432600736618042
109   1.6260545253753662
110   1.822400689125061
111   1.7166688442230225
112   2.054028272628784
113   1.5514971017837524
114   2.283389091491699
115   1.8774055242538452
116   1.8879265785217285
117   1.946122169494629
118   1.6798020601272583
119   1.7744141817092896
120   1.6402512788772583
121   1.6028600931167603
122   1.704579472541809
123   1.3367096185684204
124   1.4252225160598755
125   1.7466155290603638
126   1.5254937410354614
127   1.6717177629470825
128   1.9276996850967407
129   1.6291323900222778
130   1.820400357246399
131   1.5922802686691284
132   1.7284278869628906
133   1.9542956352233887
134   1.6163808107376099
135   1.7935302257537842
136   1.9560203552246094
137   2.131988525390625
138   2.4633657932281494
139   1.8821721076965332
140   1.598081111907959
141   1.6832716464996338
142   1.4950486421585083
143   1.692977786064148
144   1.64329195022583
145   1.6623796224594116
146   1.389384150505066
147   1.6541637182235718
148   1.7949137687683105
149   1.453142762184143
150   1.6908278465270996
151   1.5391275882720947
152   1.7430810928344727
153   1.6627832651138306
154   1.6934168338775635
155   1.6787554025650024
156   1.6584528684616089
157   1.6742770671844482
158   1.7878129482269287
159   1.7023857831954956
160   1.73114812374115
161   1.7330870628356934
162   1.5303773880004883
163   1.7187358140945435
164   1.526544451713562
