1   1.3553694486618042
2   1.7375279664993286
3   1.4323523044586182
4   1.6687726974487305
5   1.953347086906433
6   1.7887847423553467
7   1.8792166709899902
8   1.7858366966247559
9   1.7166342735290527
10   1.503494143486023
11   1.6422795057296753
12   1.5714060068130493
13   1.6208292245864868
14   1.4923473596572876
15   1.8299192190170288
16   1.7549090385437012
17   1.500177025794983
18   1.68079674243927
19   1.3746381998062134
20   1.426349401473999
21   1.9059303998947144
22   1.7246830463409424
23   1.7470217943191528
24   1.644458532333374
25   1.5711840391159058
26   1.522721290588379
27   1.7228344678878784
28   1.3869595527648926
29   1.4649229049682617
30   1.4964323043823242
31   1.294255018234253
32   1.42677640914917
33   1.6689343452453613
34   1.508198857307434
35   1.650038242340088
36   1.5981215238571167
37   1.7738646268844604
38   1.5651524066925049
39   1.5208032131195068
40   1.7400627136230469
41   1.8607447147369385
42   2.1991019248962402
43   1.682772159576416
44   1.6557990312576294
45   1.5371655225753784
46   1.7924953699111938
47   1.7570441961288452
48   1.7920929193496704
49   1.7658520936965942
50   1.7926347255706787
51   1.552323818206787
52   1.5046740770339966
53   1.6741113662719727
54   1.656744360923767
55   1.524727463722229
56   1.600100040435791
57   1.7435214519500732
58   1.5789943933486938
59   1.6969417333602905
60   1.7186739444732666
61   1.9475579261779785
62   1.5448119640350342
63   1.6588029861450195
64   1.690694808959961
65   1.8057175874710083
66   1.6193393468856812
67   1.7414499521255493
68   1.6881924867630005
69   1.5430221557617188
70   1.7142393589019775
71   1.8229901790618896
72   1.8264495134353638
73   1.9366133213043213
74   1.7555445432662964
75   2.2215816974639893
76   2.3530688285827637
77   2.524854898452759
78   2.1912481784820557
79   2.200946569442749
80   1.8236383199691772
81   1.9146565198898315
82   1.7971842288970947
83   1.8036998510360718
84   1.622930645942688
85   1.9436179399490356
86   1.5479015111923218
87   1.4287545680999756
88   1.4225149154663086
89   1.8200746774673462
90   1.6910550594329834
91   1.9236317873001099
92   1.6078214645385742
93   1.7365996837615967
94   1.561640739440918
95   1.9410420656204224
96   1.8433576822280884
97   1.983525276184082
98   1.6843535900115967
99   1.7470958232879639
100   1.4258465766906738
101   1.7930238246917725
102   1.56635320186615
103   1.489614725112915
104   1.1376327276229858
105   1.504653811454773
106   1.5954906940460205
107   1.99359130859375
108   1.8506135940551758
109   1.5433104038238525
110   1.6925075054168701
111   1.5821964740753174
112   1.8979119062423706
113   1.472287654876709
114   2.222663640975952
115   1.7507789134979248
116   1.680172324180603
117   1.8404266834259033
118   1.617321252822876
119   1.639296293258667
120   1.4549990892410278
121   1.4082282781600952
122   1.5168498754501343
123   1.3976688385009766
124   1.4088494777679443
125   1.6576879024505615
126   1.4449855089187622
127   1.5635391473770142
128   1.8863413333892822
129   1.6032413244247437
130   1.6523089408874512
131   1.5188044309616089
132   1.6313329935073853
133   1.8544968366622925
134   1.5717084407806396
135   1.6621941328048706
136   1.8728002309799194
137   2.054847240447998
138   2.3108181953430176
139   1.8022209405899048
140   1.4706181287765503
141   1.5788544416427612
142   1.4507015943527222
143   1.6282082796096802
144   1.552354335784912
145   1.4800083637237549
146   1.4093153476715088
147   1.5244190692901611
148   1.7067948579788208
149   1.3859251737594604
150   1.5426088571548462
151   1.5218757390975952
152   1.5836461782455444
153   1.5230995416641235
154   1.6490672826766968
155   1.6754677295684814
156   1.5664724111557007
157   1.6697454452514648
158   1.7556055784225464
159   1.6863974332809448
160   1.5963746309280396
161   1.6960947513580322
162   1.5040873289108276
163   1.6517022848129272
164   1.4688740968704224
