0   0.0
1   3.0567314624786377
2   2.8150510787963867
3   3.0095174312591553
4   2.9484941959381104
5   3.151005744934082
6   2.9117043018341064
7   2.843324899673462
8   2.792691469192505
9   3.0009801387786865
10   3.066218614578247
11   2.6731297969818115
12   2.9868130683898926
13   2.8218533992767334
14   2.569573402404785
15   2.70706844329834
16   2.9743940830230713
17   2.8732285499572754
18   2.813509941101074
19   2.769364595413208
20   2.6659228801727295
21   2.825289249420166
22   2.6096906661987305
23   2.9005939960479736
24   2.6352498531341553
25   2.8955905437469482
26   2.8225789070129395
27   3.003539800643921
28   2.8047828674316406
29   2.765389919281006
30   2.743910312652588
31   2.7665719985961914
32   2.801466703414917
33   2.7960288524627686
34   2.9037697315216064
35   2.8171963691711426
36   2.807544708251953
37   2.8818318843841553
38   2.7955548763275146
39   2.866206645965576
40   2.871070623397827
41   2.836665630340576
42   2.8719208240509033
43   2.952730655670166
44   3.0303797721862793
45   2.847745895385742
46   2.9226462841033936
47   2.9623844623565674
48   2.7762436866760254
49   2.8092708587646484
50   2.8079566955566406
51   2.886674404144287
52   2.719162702560425
53   2.7968852519989014
54   2.951895236968994
55   2.930804491043091
56   2.8967032432556152
57   3.262547492980957
58   2.919865608215332
59   2.9112298488616943
60   3.2093563079833984
61   2.861255407333374
62   2.916586399078369
63   2.56398868560791
64   2.7332966327667236
65   2.7689332962036133
66   2.742638349533081
67   2.8737974166870117
68   2.927765130996704
69   2.94490909576416
70   2.633479118347168
71   2.536607265472412
72   2.8155603408813477
73   3.011934518814087
74   2.85565185546875
75   2.6403098106384277
76   2.824185371398926
77   2.835388660430908
78   2.822326183319092
79   2.7787938117980957
80   2.8114235401153564
81   2.8441193103790283
82   2.783931255340576
83   2.9511923789978027
84   3.0864744186401367
85   2.8452987670898438
86   2.7479076385498047
87   2.7375295162200928
88   2.8543612957000732
89   2.620408773422241
90   3.048795700073242
91   2.876830577850342
92   2.8603904247283936
93   2.850356340408325
94   2.8607258796691895
95   2.8091914653778076
96   2.870640993118286
97   2.9549615383148193
98   3.147233009338379
99   3.0944836139678955
100   3.078057050704956
101   3.0458617210388184
102   2.8393373489379883
103   2.9185872077941895
104   2.9475820064544678
105   2.743483304977417
106   2.845181703567505
107   2.9459896087646484
108   2.6960437297821045
109   2.9366455078125
110   2.8580141067504883
111   3.0351388454437256
112   3.1051716804504395
113   3.0224249362945557
114   2.7740514278411865
115   2.7537801265716553
116   3.090535879135132
117   2.666268825531006
118   2.6902475357055664
119   2.787583351135254
120   2.8739778995513916
121   2.933011531829834
122   2.7799627780914307
123   2.7505433559417725
124   2.7954294681549072
125   2.801286220550537
126   2.844041585922241
127   2.9651596546173096
128   2.7800235748291016
129   2.8513123989105225
130   2.907118797302246
131   2.8783323764801025
132   2.648688316345215
133   2.993704080581665
134   2.9449517726898193
135   2.802393674850464
136   2.6056771278381348
137   2.7561702728271484
138   2.695615291595459
139   2.6371986865997314
140   2.5760934352874756
141   2.476085662841797
142   2.705052614212036
143   2.6647191047668457
144   3.011784791946411
145   2.781358003616333
146   2.5055506229400635
147   2.826305627822876
148   2.63832950592041
149   2.750699758529663
150   3.0513813495635986
151   2.6918067932128906
152   2.8277242183685303
153   2.779120445251465
154   2.771973133087158
155   2.9095051288604736
156   2.799344778060913
157   2.756016969680786
158   2.9179046154022217
159   3.096160650253296
160   2.7860422134399414
