0   0.0
1   0.19710838794708252
2   0.21528920531272888
3   0.22452762722969055
4   0.19862286746501923
5   0.17481629550457
6   0.2142721265554428
7   0.24901844561100006
8   0.15758061408996582
9   0.40807652473449707
10   0.2965071201324463
11   0.3621164858341217
12   0.5494741797447205
13   1.3298490047454834
14   1.1614750623703003
15   1.298822283744812
16   1.2298823595046997
17   1.0487195253372192
18   1.5620880126953125
19   0.7965837717056274
20   1.4108977317810059
21   1.293976902961731
22   1.252687931060791
23   1.5255497694015503
24   1.0738604068756104
25   1.2870056629180908
26   1.8050638437271118
27   1.422219157218933
28   1.852546215057373
29   1.5847476720809937
30   1.1229755878448486
31   1.6311739683151245
32   0.9744735360145569
33   1.5108965635299683
34   0.7261782884597778
35   1.2550565004348755
36   0.9579055905342102
37   1.3732450008392334
38   1.2267467975616455
39   1.1356135606765747
40   1.2164230346679688
41   0.9478670954704285
42   1.1868289709091187
43   0.8112724423408508
44   1.3998016119003296
45   1.4566071033477783
46   1.5139976739883423
47   1.7074508666992188
48   1.2280696630477905
49   1.6724261045455933
50   1.075092077255249
51   1.1068918704986572
52   0.9544354677200317
53   0.7162526845932007
54   0.8862007856369019
55   0.806010365486145
56   0.7994730472564697
57   1.7445247173309326
58   1.865511417388916
59   1.2511171102523804
60   1.2848514318466187
61   0.8165034055709839
62   1.0690395832061768
63   1.038361668586731
64   1.888668179512024
65   1.0431054830551147
66   1.241215467453003
67   0.7010442018508911
68   1.358486533164978
69   1.2708011865615845
70   0.46147796511650085
71   1.7824674844741821
72   1.903988003730774
73   0.884315550327301
74   0.6135445237159729
75   1.2536669969558716
76   1.1128848791122437
77   1.551507830619812
78   1.0820775032043457
79   0.7930458784103394
80   0.9383264183998108
81   0.5917834043502808
82   1.0160361528396606
83   0.5958240032196045
84   0.7883293032646179
85   0.7110848426818848
86   1.229935884475708
87   0.6449595093727112
88   1.5931634902954102
89   1.0986813306808472
90   0.7208641171455383
91   1.096531629562378
92   0.9686039686203003
93   1.4663366079330444
94   1.001792550086975
95   1.3661619424819946
96   1.57146155834198
97   1.6655118465423584
98   1.452921986579895
99   1.4580414295196533
100   1.7031970024108887
101   2.8029937744140625
102   1.5405842065811157
103   0.9900632500648499
104   1.2763718366622925
105   1.3258155584335327
106   1.5221015214920044
107   1.430444598197937
108   1.2118395566940308
109   0.9663941264152527
110   1.612013339996338
111   2.374473810195923
112   1.6855818033218384
113   1.223663330078125
114   1.175157904624939
115   0.9175800085067749
116   1.4767563343048096
117   1.0905288457870483
118   1.2291983366012573
119   1.4901875257492065
120   1.409623622894287
121   1.740329623222351
122   1.75059974193573
123   1.8614481687545776
124   1.5970826148986816
125   1.5013147592544556
126   1.6154780387878418
127   2.019388437271118
128   1.6050552129745483
129   1.4686657190322876
130   1.3566759824752808
131   1.449053406715393
132   1.2523219585418701
133   1.7086955308914185
134   1.6561230421066284
135   1.193418264389038
136   1.548166275024414
137   1.9664433002471924
138   1.4095463752746582
139   1.6699813604354858
140   1.8475474119186401
141   2.408426284790039
142   1.2835960388183594
143   1.8077788352966309
144   1.3531665802001953
145   1.1821497678756714
146   1.319860816001892
147   1.7286789417266846
148   1.3791037797927856
149   1.660585641860962
150   2.004049777984619
151   1.6322041749954224
152   1.715501070022583
153   1.3415995836257935
154   1.5705270767211914
155   1.2731391191482544
156   1.6307271718978882
157   1.81394362449646
158   1.183764934539795
159   1.9746923446655273
160   1.8366680145263672
161   1.889003872871399
162   0.879680871963501
163   0.8735540509223938
164   1.2084522247314453
165   1.3953862190246582
166   1.2706700563430786
167   1.484722375869751
168   1.7615785598754883
169   1.8800169229507446
170   0.83046954870224
171   1.3256475925445557
172   1.0054361820220947
173   1.190010905265808
174   1.2973215579986572
175   1.9879182577133179
176   2.227893114089966
177   2.622023582458496
178   1.473619818687439
179   1.3559234142303467
180   1.3956314325332642
181   1.701561689376831
182   1.081653118133545
183   1.4012399911880493
184   1.2692375183105469
185   0.9675482511520386
186   1.5246949195861816
187   1.6784497499465942
188   1.8947651386260986
189   0.9768590331077576
190   0.6678181290626526
191   1.4649933576583862
192   0.8087875843048096
193   1.2369829416275024
194   1.5205885171890259
195   1.7709823846817017
196   1.7878425121307373
197   1.6764017343521118
198   0.9899975061416626
199   1.4938665628433228
200   0.9967929720878601
201   1.5669103860855103
202   1.2214268445968628
203   2.1421315670013428
204   1.4594566822052002
205   1.4625186920166016
206   0.9291204810142517
207   0.9704662561416626
208   1.0019176006317139
209   1.3123795986175537
210   1.8205592632293701
211   1.9367667436599731
212   1.9083406925201416
213   2.2874090671539307
1   2.063840627670288
2   1.3467609882354736
3   1.0602060556411743
4   1.898300290107727
5   1.572174310684204
6   1.9633831977844238
7   1.9203909635543823
8   2.159897804260254
9   1.763953447341919
10   1.653297781944275
11   2.1514828205108643
12   2.14396071434021
13   1.1919102668762207
14   1.6132159233093262
15   1.6929655075073242
16   1.6051726341247559
17   1.7534538507461548
18   1.8334643840789795
19   1.8170932531356812
20   1.5735259056091309
1   1.7717446088790894
2   1.7711541652679443
3   1.4255229234695435
4   1.6653152704238892
5   1.6563972234725952
6   1.6422789096832275
7   1.6358453035354614
8   1.4742623567581177
9   1.636332631111145
10   1.5426582098007202
11   1.5693939924240112
12   1.7122414112091064
13   1.7122164964675903
14   1.631809949874878
15   1.6505433320999146
16   1.5303621292114258
17   1.7593320608139038
18   1.6950814723968506
19   1.6737060546875
20   1.5509674549102783
21   1.5290043354034424
22   1.5926321744918823
23   1.5930707454681396
24   1.705269455909729
25   1.645986557006836
26   1.356475591659546
27   1.620392084121704
28   1.602310061454773
29   1.6043927669525146
30   1.6502083539962769
31   1.6605207920074463
32   1.8510364294052124
33   1.7293587923049927
34   1.7333989143371582
35   1.5330324172973633
36   1.7194815874099731
37   1.6635546684265137
38   1.7375564575195313
39   1.7174018621444702
40   1.7180777788162231
41   1.5492879152297974
42   1.795926570892334
43   1.6417479515075684
44   1.6451184749603271
45   1.6464303731918335
46   1.802634596824646
47   1.6821041107177734
48   1.773348331451416
49   1.63056218624115
50   1.7060436010360718
51   1.6313443183898926
52   1.5390715599060059
53   1.7524367570877075
54   1.7129648923873901
55   1.7496566772460938
56   1.606562614440918
57   1.5718423128128052
58   1.6465924978256226
59   1.7489813566207886
60   1.8230668306350708
61   1.770294189453125
62   1.7526218891143799
63   1.7411339282989502
64   1.703051209449768
65   1.6142579317092896
66   1.912772297859192
67   1.7857859134674072
68   1.6857428550720215
69   1.8143553733825684
70   1.6147747039794922
71   1.6648085117340088
72   1.7698873281478882
73   1.6229759454727173
74   1.6440832614898682
75   1.5392873287200928
76   1.5781910419464111
77   1.5018516778945923
78   1.5553089380264282
79   1.6913045644760132
80   1.8525958061218262
81   1.8481478691101074
82   1.8610832691192627
83   1.8200944662094116
84   1.976743221282959
85   1.7409354448318481
86   1.69594407081604
87   1.686824083328247
88   1.742124080657959
89   1.7172807455062866
90   1.655980110168457
91   1.5901386737823486
92   1.730825424194336
93   1.8648276329040527
94   1.8563299179077148
95   1.6361991167068481
96   1.7634447813034058
97   1.8050458431243896
98   1.604248046875
99   1.7251008749008179
100   1.5897969007492065
101   1.5942901372909546
102   1.6499699354171753
103   1.8683357238769531
104   1.5053951740264893
105   1.6546168327331543
106   1.800600528717041
107   1.4845761060714722
108   1.6422845125198364
109   1.6937847137451172
110   1.6695603132247925
111   1.4849417209625244
112   1.758129596710205
113   1.5572030544281006
114   1.7531193494796753
115   1.7520543336868286
116   1.6826668977737427
117   1.7421448230743408
118   1.5044785737991333
119   1.6208529472351074
120   1.6896792650222778
121   1.7014609575271606
122   1.7098065614700317
123   1.6780121326446533
124   1.5913848876953125
125   1.6900570392608643
126   1.6597766876220703
127   1.6044373512268066
128   1.58797025680542
129   1.67880117893219
130   1.7162492275238037
131   1.6277434825897217
132   1.6602834463119507
133   1.7272974252700806
134   1.7955540418624878
135   1.5963941812515259
136   1.701701283454895
137   1.7363125085830688
138   1.6543817520141602
139   1.617278814315796
140   1.537537932395935
141   1.6389652490615845
142   1.6434472799301147
143   1.7693052291870117
144   1.5929807424545288
145   1.700535535812378
146   1.6062887907028198
147   1.4973787069320679
148   1.6306464672088623
149   1.5853315591812134
150   1.5729484558105469
151   1.567345142364502
152   1.5708011388778687
153   1.579119324684143
154   1.6823123693466187
155   1.4881644248962402
156   1.5777240991592407
157   1.6149401664733887
158   1.5328593254089355
159   1.6179566383361816
160   1.5171583890914917
1   1.6157612800598145
2   1.5899749994277954
3   1.5709844827651978
4   1.7155264616012573
5   1.6638165712356567
6   1.6022454500198364
7   1.6727467775344849
8   1.601398229598999
9   1.611258625984192
10   1.503989815711975
11   1.814054012298584
12   1.5456914901733398
13   1.4984263181686401
14   1.5631378889083862
15   1.6176332235336304
16   1.7452079057693481
17   1.7815595865249634
18   1.7407307624816895
19   1.595429539680481
20   1.579318642616272
21   1.4327726364135742
22   1.493543028831482
23   1.4394651651382446
24   1.5975604057312012
25   1.8919671773910522
26   1.962094783782959
27   1.7691073417663574
28   1.6865079402923584
29   1.8926063776016235
30   1.9533839225769043
31   1.826454520225525
32   1.7523117065429688
33   1.4693882465362549
34   1.632159948348999
35   1.5571014881134033
36   2.0459094047546387
37   1.472259283065796
38   1.5422022342681885
39   1.9542661905288696
40   1.4756088256835938
41   1.7954272031784058
42   1.5362149477005005
43   1.9708260297775269
44   2.0013296604156494
45   1.9886324405670166
46   1.4079349040985107
47   1.8703210353851318
48   1.333207368850708
49   1.4903626441955566
50   1.7219637632369995
51   1.441823959350586
52   1.6337354183197021
53   1.4710447788238525
54   1.9456734657287598
55   1.60914945602417
56   1.3070390224456787
57   1.7148022651672363
58   2.4380929470062256
59   2.206052780151367
60   1.564312219619751
61   1.1478980779647827
62   1.3085640668869019
63   1.387424349784851
64   0.9995191097259521
65   1.4878398180007935
66   1.2614465951919556
67   1.3102431297302246
68   1.6085783243179321
69   1.3787761926651
70   1.5613906383514404
71   1.614699363708496
72   1.8595826625823975
73   1.7422797679901123
74   1.674564003944397
75   1.839322805404663
76   1.5262963771820068
77   1.7606803178787231
78   1.306911826133728
79   1.195794939994812
80   1.5205163955688477
81   1.8908618688583374
82   1.5122966766357422
83   1.420445203781128
84   1.5008896589279175
85   1.5783079862594604
86   1.2433720827102661
87   1.7580386400222778
88   2.118176221847534
89   1.858555555343628
90   2.092604160308838
91   1.7433406114578247
92   1.7568498849868774
93   1.2267746925354004
94   2.067232847213745
95   1.1920746564865112
96   2.104696273803711
97   2.31907320022583
98   1.6128051280975342
99   1.1998610496520996
100   1.3504998683929443
101   1.8627474308013916
102   1.10749351978302
103   1.1999021768569946
104   1.5793734788894653
105   1.8030842542648315
106   1.3274601697921753
107   2.146890163421631
108   2.6159756183624268
109   1.4226218461990356
110   0.8954882621765137
111   3.3751115798950195
112   2.1018598079681396
113   1.8320614099502563
114   1.3710533380508423
115   1.9641648530960083
116   1.4916163682937622
117   1.566510796546936
118   1.4917361736297607
119   1.1898826360702515
120   1.6379752159118652
121   1.5072667598724365
122   1.586686372756958
123   1.513831615447998
124   1.6634862422943115
125   1.4655977487564087
126   1.7123680114746094
127   1.5688618421554565
128   1.7214590311050415
129   1.4566611051559448
130   1.5018129348754883
131   1.7398289442062378
132   1.7193504571914673
133   1.434656023979187
134   1.7865774631500244
135   1.88041353225708
136   1.486310362815857
137   1.6292052268981934
138   1.69693922996521
139   1.4633818864822388
140   1.5809123516082764
141   1.5167734622955322
142   1.6402363777160645
143   1.6180334091186523
144   1.789650559425354
145   1.4729241132736206
146   1.3330436944961548
147   1.4399888515472412
148   1.701085090637207
149   1.4787338972091675
150   1.4762437343597412
151   1.5295814275741577
152   1.6705073118209839
153   1.403635859489441
154   1.5701807737350464
155   1.6798100471496582
156   1.5811024904251099
157   1.7122153043746948
158   1.590880274772644
159   1.7147741317749023
160   1.5940021276474
161   1.5529638528823853
162   1.5910985469818115
163   1.6538832187652588
164   1.6070691347122192
