0   0.0
1   2.2381482124328613
2   2.0966854095458984
3   2.240342378616333
4   2.2835941314697266
5   2.058624029159546
6   2.27933931350708
7   1.9699127674102783
8   2.4572746753692627
9   2.161414861679077
10   2.391723871231079
11   3.0305287837982178
12   3.3812966346740723
13   4.088873386383057
14   4.417640686035156
15   4.436944484710693
16   4.286862373352051
17   4.668133735656738
18   5.084749698638916
19   3.836200475692749
20   5.033933639526367
21   4.522788047790527
22   2.9527323246002197
23   4.418111801147461
24   3.899007558822632
25   4.737767696380615
26   4.741923809051514
27   4.470742702484131
28   4.957916736602783
29   4.355314254760742
30   4.654017448425293
31   3.5471200942993164
32   4.211098670959473
33   4.339977741241455
34   3.6587135791778564
35   4.206279277801514
36   3.33719539642334
37   5.232293605804443
38   6.007941722869873
39   5.363300800323486
40   3.98077392578125
41   4.168076515197754
42   4.374746799468994
43   5.221395969390869
44   4.263027191162109
45   5.522433757781982
46   6.4853715896606445
47   4.801061630249023
48   4.646618366241455
49   4.465331554412842
50   5.337967395782471
51   4.44448709487915
52   5.810056209564209
53   4.7867512702941895
54   5.362299919128418
55   6.461449146270752
56   6.271492004394531
57   5.371661186218262
58   5.531156063079834
59   4.836383819580078
60   3.6534557342529297
61   5.229832172393799
62   3.9964098930358887
63   5.027409553527832
64   5.338130474090576
65   5.568901062011719
66   6.7433552742004395
67   5.32680082321167
68   6.328401565551758
69   5.52338171005249
70   5.920561790466309
71   4.527883052825928
72   4.384865760803223
73   4.950042724609375
74   5.359928607940674
75   2.4795145988464355
76   4.250087261199951
77   4.269920349121094
78   4.6601433753967285
79   6.358683109283447
80   4.8545637130737305
81   4.408247470855713
82   6.400958061218262
83   6.400146961212158
84   4.105198860168457
85   4.881253242492676
86   5.293979644775391
87   5.924722194671631
88   5.170516014099121
89   5.188417434692383
90   5.602380752563477
91   5.207916736602783
92   5.373351573944092
93   4.635622978210449
94   5.874855041503906
95   4.9922075271606445
96   5.354874610900879
97   5.390707969665527
98   5.731356620788574
99   4.121152400970459
100   4.914375305175781
101   5.905186176300049
102   6.081178665161133
103   6.904912948608398
104   6.987421035766602
105   6.269941806793213
106   5.728878974914551
107   4.751098155975342
108   4.959720611572266
109   5.410539150238037
110   5.395020961761475
111   4.851252555847168
112   4.146419048309326
113   5.0949482917785645
114   5.346366882324219
115   5.231552600860596
116   4.3834547996521
117   4.666491508483887
118   5.0287251472473145
119   5.4108147621154785
120   6.392608642578125
121   5.601760387420654
122   5.402662754058838
123   5.995758056640625
124   5.610197067260742
125   5.95134162902832
126   5.849876880645752
127   4.773881912231445
128   5.879558563232422
129   5.3167243003845215
130   5.889149188995361
131   5.683114051818848
132   5.612486362457275
133   5.697918891906738
134   5.863611698150635
135   6.1811089515686035
136   6.024385929107666
137   5.5897908210754395
138   6.177543640136719
139   6.15552282333374
140   5.345885276794434
141   5.752035617828369
142   5.932807922363281
143   6.770694255828857
144   6.719844818115234
145   5.390108108520508
146   6.0425286293029785
147   5.6088480949401855
148   6.15260648727417
149   5.336358070373535
150   7.553025245666504
151   6.263228893280029
152   5.964422702789307
153   6.161978721618652
154   7.250047206878662
155   5.524539947509766
156   5.630754470825195
157   5.825936317443848
158   5.983918190002441
159   5.785653591156006
160   5.078612327575684
161   6.818910121917725
162   4.771114349365234
163   5.34260368347168
164   5.4710187911987305
165   5.375667095184326
166   5.0116424560546875
167   5.1600117683410645
168   6.7671284675598145
169   5.692092418670654
170   5.934075355529785
171   4.617201805114746
172   6.170417308807373
173   6.325666427612305
174   5.777101993560791
175   5.75629997253418
176   5.798155784606934
177   4.787553310394287
178   5.668412208557129
179   6.137228012084961
180   5.605239391326904
181   4.503606796264648
182   6.093185901641846
183   5.46775484085083
184   5.787020683288574
185   5.117358207702637
186   5.069174766540527
187   6.038449764251709
188   5.2411298751831055
189   5.325088977813721
190   5.432479381561279
191   5.093682765960693
192   4.568119525909424
193   5.004351615905762
194   5.715887069702148
195   5.980564117431641
196   5.73651647567749
197   4.195894718170166
198   4.959751129150391
199   6.985192775726318
200   5.284243583679199
201   4.775847911834717
202   4.669130325317383
203   5.787182807922363
204   5.432445526123047
205   6.657431602478027
206   5.740786075592041
207   5.895453453063965
208   6.140040874481201
209   5.247002124786377
210   5.771066188812256
211   5.559937953948975
212   6.066384792327881
213   5.576877117156982
1   5.783934116363525
2   7.537922382354736
3   6.2406110763549805
4   6.846552848815918
5   7.402865886688232
6   6.500673770904541
7   6.8465895652771
8   6.170246124267578
9   7.434584140777588
10   6.964632987976074
11   7.069752216339111
12   6.621119499206543
13   6.657665252685547
14   6.362246990203857
15   6.719663143157959
16   4.728271007537842
17   6.691261291503906
18   6.842837333679199
19   6.043883800506592
20   6.55996036529541
1   6.732601642608643
2   6.489069938659668
3   6.08931827545166
4   6.916581630706787
5   6.965737819671631
6   5.405651569366455
7   5.9101033210754395
8   6.20198392868042
9   5.5493998527526855
10   5.358372211456299
11   5.609130382537842
12   6.562361717224121
13   5.4265851974487305
14   6.182961463928223
15   6.541686058044434
16   5.648105621337891
17   5.841581344604492
18   6.471523284912109
19   6.822490215301514
20   6.351194381713867
21   5.868250370025635
22   5.779407978057861
23   5.950253486633301
24   5.665842533111572
25   5.61857795715332
26   5.386672019958496
27   5.975291728973389
28   5.306293487548828
29   6.485722064971924
30   6.234229564666748
31   6.363348484039307
32   5.9799065589904785
33   6.514169216156006
34   6.709200859069824
35   6.5712432861328125
36   6.38378381729126
37   6.173760414123535
38   6.635287284851074
39   6.982591152191162
40   6.859584808349609
41   6.255077362060547
42   5.950255870819092
43   7.145885944366455
44   7.006105422973633
45   6.898029327392578
46   6.629037857055664
47   6.380047798156738
48   7.154958248138428
49   7.941189289093018
50   6.441863059997559
51   5.83505916595459
52   5.9759345054626465
53   6.115808010101318
54   7.0003981590271
55   7.084836006164551
56   5.393702507019043
57   6.404840469360352
58   6.000367641448975
59   6.198950290679932
60   6.081970691680908
61   7.011591911315918
62   6.314240455627441
63   7.663439750671387
64   6.296789646148682
65   7.434898853302002
66   6.867732048034668
67   6.589694499969482
68   6.827057361602783
69   7.139790058135986
70   7.44211483001709
71   7.842360496520996
72   5.659189701080322
73   6.025500774383545
74   5.985264301300049
75   5.550307273864746
76   6.157898426055908
77   7.00714111328125
78   5.933681964874268
79   6.586943626403809
80   6.969301700592041
81   6.159056186676025
82   6.639937400817871
83   6.88700008392334
84   7.174543857574463
85   6.4285054206848145
86   6.865027904510498
87   7.23861837387085
88   7.388318061828613
89   7.212377548217773
90   7.316214561462402
91   6.506867408752441
92   7.401768684387207
93   7.247928142547607
94   6.956667900085449
95   6.475718021392822
96   6.917532444000244
97   7.332092761993408
98   6.311686992645264
99   7.5833210945129395
100   7.365914344787598
101   7.136921405792236
102   6.642637729644775
103   7.6826300621032715
104   8.146132469177246
105   7.469175815582275
106   6.193777561187744
107   5.623576641082764
108   6.102189540863037
109   6.40921688079834
110   6.056310653686523
111   7.344484329223633
112   5.4962334632873535
113   5.772348403930664
114   6.182295799255371
115   5.36968994140625
116   6.214085578918457
117   6.110288143157959
118   6.4100236892700195
119   6.806832313537598
120   6.122833728790283
121   6.45527458190918
122   5.468062400817871
123   5.502923488616943
124   5.246064186096191
125   5.143893718719482
126   6.681307315826416
127   5.907071590423584
128   6.0917582511901855
129   6.159612655639648
130   6.3719305992126465
131   5.8670125007629395
132   6.361055374145508
133   5.330601215362549
134   4.989408016204834
135   5.800628185272217
136   6.706630229949951
137   5.989844799041748
138   6.475717067718506
139   5.681324005126953
140   5.656919479370117
141   5.255074501037598
142   6.492438793182373
143   6.525819301605225
144   5.439228534698486
145   5.797569751739502
146   5.601619720458984
147   5.785207748413086
148   6.320845603942871
149   5.841135025024414
150   6.024982452392578
151   6.309657573699951
152   7.326667785644531
153   7.376636505126953
154   6.893838405609131
155   5.7918009757995605
156   4.992986679077148
157   5.94917631149292
158   5.740553379058838
159   6.455811023712158
160   6.400852680206299
1   6.672143936157227
2   5.336177825927734
3   5.97466516494751
4   6.480013847351074
5   6.504152774810791
6   6.379758834838867
7   6.785263538360596
8   5.946160793304443
9   6.252474308013916
10   6.438304901123047
11   6.254173278808594
12   6.497851848602295
13   6.285423278808594
14   7.029781818389893
15   5.828747272491455
16   7.279716968536377
17   5.82983922958374
18   6.156177520751953
19   6.477548122406006
20   6.104206085205078
21   5.195807933807373
22   5.836390018463135
23   6.811429500579834
24   6.687683582305908
25   7.51062536239624
26   6.39946985244751
27   6.126493453979492
28   7.105930805206299
29   7.138238430023193
30   7.376302719116211
31   6.483239650726318
32   7.531874179840088
33   6.449238300323486
34   5.935624122619629
35   6.4692840576171875
36   6.890240669250488
37   6.102194309234619
38   5.958826541900635
39   6.5060811042785645
40   6.928904056549072
41   6.769342422485352
42   5.8422675132751465
43   6.533301830291748
44   5.857919692993164
45   5.815017223358154
46   6.339743137359619
47   5.820494174957275
48   6.307737827301025
49   5.872453689575195
50   5.9565534591674805
51   5.755681991577148
52   5.689106464385986
53   6.368346214294434
54   6.837043285369873
55   6.5699567794799805
56   6.889713764190674
57   6.360933780670166
58   7.223207950592041
59   6.378985404968262
60   5.141021251678467
61   6.663238048553467
62   6.437763214111328
63   6.579128742218018
64   7.285445213317871
65   5.812150001525879
66   6.3629984855651855
67   6.491493225097656
68   6.892232894897461
69   6.396519660949707
70   6.5173234939575195
71   5.731714248657227
72   6.622790336608887
73   6.514927387237549
74   6.763394832611084
75   5.415218830108643
76   5.893021583557129
77   5.65121603012085
78   5.58119535446167
79   6.526010036468506
80   6.118804454803467
81   5.686540603637695
82   6.036722183227539
83   6.082616806030273
84   5.958957195281982
85   5.963738441467285
86   6.283385753631592
87   5.866384983062744
88   5.504700183868408
89   5.284776210784912
90   7.350657939910889
91   7.043529987335205
92   6.834000110626221
93   6.416141033172607
94   5.983280181884766
95   6.5750908851623535
96   7.053947448730469
97   7.363999366760254
98   7.216551780700684
99   6.3398027420043945
100   6.079434394836426
101   5.63932991027832
102   5.63095760345459
103   4.813387393951416
104   5.4547119140625
105   4.158953666687012
106   5.340812683105469
107   5.269556522369385
108   6.024174690246582
109   4.937902927398682
110   5.604485034942627
111   6.006628036499023
112   6.425564765930176
113   5.816345691680908
114   4.695949554443359
115   4.238611221313477
116   6.35474157333374
117   4.175476551055908
118   6.427007675170898
119   6.584569454193115
120   5.473695278167725
121   6.391472816467285
122   5.827273368835449
123   6.021820545196533
124   6.933098793029785
125   7.18497896194458
126   6.361353397369385
127   6.777831077575684
128   5.718750476837158
129   6.380827903747559
130   6.580221176147461
131   6.377264499664307
132   6.525317668914795
133   6.064204216003418
134   7.085206508636475
135   6.262039661407471
136   6.254286289215088
137   5.85683012008667
138   5.95002555847168
139   6.433591842651367
140   6.039132595062256
141   6.982860088348389
142   6.459519863128662
143   6.081070423126221
144   6.091239929199219
145   7.137795925140381
146   6.443882942199707
147   6.24318790435791
148   6.75738525390625
149   7.192041397094727
150   6.441650390625
151   5.87074089050293
152   6.67752742767334
153   7.074785232543945
154   6.239776134490967
155   6.092367172241211
156   5.968474388122559
157   6.357973098754883
158   6.676349639892578
159   6.366663932800293
160   5.801821708679199
161   5.860650539398193
162   6.844221591949463
163   6.92782735824585
164   7.201582431793213
