0   0.0
1   1.397482991218567
2   1.2409950494766235
3   1.2551674842834473
4   1.347654104232788
5   1.230082631111145
6   1.0806139707565308
7   1.1177424192428589
8   1.347029209136963
9   1.1932951211929321
10   1.6452810764312744
11   1.3916583061218262
12   1.7329447269439697
13   2.3986830711364746
14   3.557101249694824
15   4.157987594604492
16   1.827315330505371
17   3.7834179401397705
18   3.3757007122039795
19   3.2032594680786133
20   2.951026439666748
21   3.5010292530059814
22   3.361605644226074
23   3.2185981273651123
24   3.0856051445007324
25   3.7809505462646484
26   2.9522223472595215
27   2.4986441135406494
28   3.328982353210449
29   3.996819257736206
30   3.1501643657684326
31   4.033555030822754
32   3.1072089672088623
33   2.917820453643799
34   2.8458986282348633
35   3.517606735229492
36   0.9544337391853333
37   4.199509143829346
38   3.6578569412231445
39   4.46870756149292
40   3.831834077835083
41   3.2929530143737793
42   3.3594720363616943
43   3.178632974624634
44   6.421444416046143
45   2.778383731842041
46   3.6132092475891113
47   3.327021360397339
48   4.050337314605713
49   4.053647994995117
50   3.70991849899292
51   4.818999290466309
52   3.7992758750915527
53   3.5662472248077393
54   3.047532081604004
55   2.297283887863159
56   2.679478406906128
57   3.4818031787872314
58   4.399600982666016
59   4.2905473709106445
60   3.510869026184082
61   4.113557815551758
62   3.745450019836426
63   1.4119327068328857
64   2.168818235397339
65   0.9575821161270142
66   4.0622711181640625
67   3.072073459625244
68   3.708576202392578
69   5.133571624755859
70   3.6125404834747314
71   4.090555667877197
72   4.449838161468506
73   4.035550594329834
74   3.8774099349975586
75   3.8717169761657715
76   3.379803419113159
77   4.922666072845459
78   3.3710665702819824
79   3.0050156116485596
80   4.46729040145874
81   3.747577667236328
82   3.8946597576141357
83   3.2879254817962646
84   4.401908874511719
85   3.72795033454895
86   3.832310199737549
87   2.1361255645751953
88   2.763056993484497
89   3.751995086669922
90   3.9608306884765625
91   4.0917463302612305
92   3.1902005672454834
93   4.127325057983398
94   3.520231008529663
95   3.867440700531006
96   3.8592748641967773
97   3.0107877254486084
98   3.8705708980560303
99   3.559438705444336
100   3.4312286376953125
101   3.817537307739258
102   4.454009056091309
103   3.4808013439178467
104   3.2647111415863037
105   3.876055955886841
106   4.026983261108398
107   3.498568534851074
108   3.34285306930542
109   2.8315157890319824
110   3.4683725833892822
111   1.895556092262268
112   3.1139941215515137
113   3.5624022483825684
114   3.788738250732422
115   3.6222000122070313
116   2.514754056930542
117   3.423396348953247
118   2.846039295196533
119   2.8197383880615234
120   4.1631388664245605
121   3.868588447570801
122   3.5524158477783203
123   3.2664496898651123
124   2.9621636867523193
125   3.137404680252075
126   3.592755079269409
127   3.622154951095581
128   3.593665599822998
129   3.2973639965057373
130   3.5564382076263428
131   3.070059299468994
132   2.9317383766174316
133   3.439840793609619
134   3.0558910369873047
135   3.388909339904785
136   3.389301300048828
137   4.041470527648926
138   3.78336238861084
139   3.614138126373291
140   3.2912755012512207
141   2.8754284381866455
142   3.1664159297943115
143   3.47792387008667
144   3.259866714477539
145   3.32316255569458
146   3.4352309703826904
147   2.9403741359710693
148   2.6984736919403076
149   3.068173408508301
150   3.9972116947174072
151   3.5191574096679688
152   2.8588712215423584
153   3.840385913848877
154   4.229867458343506
155   3.806776523590088
156   3.6923954486846924
157   3.175288677215576
158   3.3246681690216064
159   3.4811153411865234
160   3.6567115783691406
161   3.8952295780181885
162   3.405888557434082
163   4.219149589538574
164   3.99275541305542
165   3.614333391189575
166   3.8744733333587646
167   3.950329303741455
168   3.684072732925415
169   2.9067342281341553
170   3.1717400550842285
171   3.608527660369873
172   2.5580101013183594
173   3.0959064960479736
174   3.6487843990325928
175   2.7268896102905273
176   3.399698495864868
177   2.3536362648010254
178   3.5727336406707764
179   3.584674119949341
180   3.193246841430664
181   2.463390350341797
182   2.3186588287353516
183   3.4296114444732666
184   3.5273542404174805
185   3.450971841812134
186   3.68634295463562
187   2.7554166316986084
188   3.586514949798584
189   3.808042287826538
190   3.731659173965454
191   3.704608678817749
192   3.9639008045196533
193   3.7124955654144287
194   3.2900736331939697
195   3.785329580307007
196   3.6631829738616943
197   2.120384931564331
198   3.344270944595337
199   3.1840662956237793
200   3.1255056858062744
201   3.2199976444244385
202   3.084519624710083
203   2.6835756301879883
204   3.555058717727661
205   3.558417797088623
206   2.4148879051208496
207   2.8013529777526855
208   2.6087684631347656
209   2.419215679168701
210   3.5743510723114014
211   3.2017769813537598
212   3.617417335510254
213   2.930172920227051
1   3.805354356765747
2   4.277737617492676
3   3.355687379837036
4   3.6760950088500977
5   2.418750047683716
6   2.9974453449249268
7   4.310819149017334
8   3.0295252799987793
9   4.484527587890625
10   2.3735170364379883
11   4.67794132232666
12   3.2315852642059326
13   3.5254411697387695
14   3.461221933364868
15   2.9780280590057373
16   3.253544569015503
17   4.405755519866943
18   2.993149518966675
19   4.674441814422607
20   2.7007830142974854
1   6.088793754577637
2   3.7815098762512207
3   3.757338285446167
4   2.9776992797851563
5   3.9366772174835205
6   4.0840044021606445
7   3.3874385356903076
8   2.9551305770874023
9   3.026352643966675
10   3.5817246437072754
11   3.194228410720825
12   3.7463486194610596
13   3.133108615875244
14   3.0664587020874023
15   3.287586212158203
16   3.56884503364563
17   3.2900004386901855
18   3.1803107261657715
19   3.9997456073760986
20   3.3191137313842773
21   3.176445484161377
22   2.7009198665618896
23   3.5511817932128906
24   3.6509861946105957
25   3.612278699874878
26   4.156129360198975
27   4.093934059143066
28   3.394456624984741
29   3.380681037902832
30   3.9713549613952637
31   3.6389100551605225
32   2.2027759552001953
33   3.2516157627105713
34   3.4471824169158936
35   3.7611019611358643
36   3.5801820755004883
37   3.0946273803710938
38   3.0568745136260986
39   3.642587184906006
40   2.943124532699585
41   3.503190040588379
42   2.3055946826934814
43   3.3801064491271973
44   3.392284393310547
45   3.763956308364868
46   3.4451098442077637
47   3.6051788330078125
48   3.15824294090271
49   4.05480432510376
50   3.849104166030884
51   3.5717272758483887
52   3.2075884342193604
53   3.840327739715576
54   3.1390109062194824
55   3.758126735687256
56   2.8970532417297363
57   4.136692523956299
58   3.5636093616485596
59   3.7634224891662598
60   3.455498218536377
61   2.8081753253936768
62   3.6710152626037598
63   4.317681312561035
64   3.5017249584198
65   4.127573013305664
66   2.8889036178588867
67   3.016986608505249
68   4.134397029876709
69   2.987255573272705
70   2.7524425983428955
71   3.033787250518799
72   2.652514696121216
73   3.326990842819214
74   2.8395299911499023
75   3.577925682067871
76   2.7302656173706055
77   3.462254762649536
78   3.2555081844329834
79   3.6379477977752686
80   3.707129716873169
81   2.862480401992798
82   2.8287594318389893
83   3.2370035648345947
84   3.9066174030303955
85   2.8730180263519287
86   3.620408058166504
87   2.8848819732666016
88   2.73014760017395
89   3.1572177410125732
90   3.2250490188598633
91   2.2433276176452637
92   3.5653464794158936
93   4.248563289642334
94   3.4120774269104004
95   2.5462632179260254
96   3.8339993953704834
97   3.4203648567199707
98   3.2449913024902344
99   3.540128707885742
100   3.234245538711548
101   4.285058975219727
102   2.70696759223938
103   3.386415481567383
104   4.036299228668213
105   3.5427465438842773
106   2.5177433490753174
107   4.075199604034424
108   3.2154769897460938
109   3.8873836994171143
110   3.4818859100341797
111   2.9623870849609375
112   3.4006354808807373
113   3.600111246109009
114   3.296121597290039
115   2.902683973312378
116   4.1105122566223145
117   3.5072598457336426
118   3.2236428260803223
119   3.222532272338867
120   3.603609561920166
121   2.4299962520599365
122   1.4076390266418457
123   3.0465316772460938
124   3.5515732765197754
125   3.088275194168091
126   3.10456919670105
127   3.3078739643096924
128   3.6831769943237305
129   3.438961982727051
130   3.7658019065856934
131   3.681077241897583
132   2.8610310554504395
133   3.9850988388061523
134   2.7134342193603516
135   3.357590675354004
136   3.3586418628692627
137   3.6345484256744385
138   4.5768961906433105
139   3.5295259952545166
140   3.1868584156036377
141   1.330580472946167
142   3.206939697265625
143   3.486172914505005
144   3.6895315647125244
145   3.7864277362823486
146   3.0490546226501465
147   3.3391852378845215
148   4.463428020477295
149   3.2510881423950195
150   2.7303307056427
151   1.5826740264892578
152   2.589048385620117
153   2.2739152908325195
154   3.565443515777588
155   2.707853317260742
156   3.0754880905151367
157   3.1677780151367188
158   3.4046833515167236
159   3.2110111713409424
160   3.2913689613342285
1   4.890790939331055
2   1.9286569356918335
3   3.6025967597961426
4   3.4382026195526123
5   3.749730348587036
6   3.1623027324676514
7   2.752957582473755
8   4.195249557495117
9   2.9583942890167236
10   3.4860799312591553
11   2.698065757751465
12   3.3147308826446533
13   3.8750627040863037
14   3.9754908084869385
15   3.5073323249816895
16   3.859271764755249
17   3.5222785472869873
18   3.40071964263916
19   3.657384157180786
20   4.296838760375977
21   3.3748512268066406
22   3.467075824737549
23   4.502547264099121
24   3.279836416244507
25   3.635340929031372
26   3.765369415283203
27   3.2983717918395996
28   3.235790252685547
29   3.4727678298950195
30   2.8351428508758545
31   3.1116974353790283
32   3.8527491092681885
33   3.6232759952545166
34   1.8371062278747559
35   1.5911176204681396
36   3.7806429862976074
37   3.701183795928955
38   3.7051749229431152
39   4.834001541137695
40   4.095974445343018
41   3.5193088054656982
42   3.8276426792144775
43   4.108117580413818
44   2.9080915451049805
45   3.893249988555908
46   4.00770902633667
47   4.716557025909424
48   2.5872819423675537
49   3.434425115585327
50   3.6546006202697754
51   2.174085855484009
52   4.512913227081299
53   3.353515386581421
54   2.8155834674835205
55   2.9603631496429443
56   2.8906166553497314
57   2.9536263942718506
58   3.2788124084472656
59   2.3770735263824463
60   1.734467625617981
61   4.329520225524902
62   3.7458834648132324
63   2.8832316398620605
64   3.1688969135284424
65   3.1458261013031006
66   3.143279552459717
67   2.526951551437378
68   1.8424571752548218
69   2.0699241161346436
70   1.8841062784194946
71   1.8219174146652222
72   2.5548133850097656
73   3.592418670654297
74   3.0811257362365723
75   3.3103604316711426
76   2.511442184448242
77   3.0382230281829834
78   2.8775131702423096
79   3.277669906616211
80   3.276677131652832
81   3.310286045074463
82   3.534621238708496
83   3.992133855819702
84   3.4936740398406982
85   3.491828203201294
86   3.466395139694214
87   2.9483983516693115
88   2.9626848697662354
89   2.5583653450012207
90   4.210770130157471
91   3.4208292961120605
92   3.200309991836548
93   3.6827797889709473
94   4.066748142242432
95   3.63895583152771
96   3.6439049243927
97   3.5249550342559814
98   3.6061065196990967
99   3.1086103916168213
100   3.692216396331787
101   3.561934232711792
102   3.2074949741363525
103   4.168473720550537
104   2.803182363510132
105   2.7840659618377686
106   3.0331220626831055
107   3.7910375595092773
108   4.403299331665039
109   3.805762767791748
110   3.6080541610717773
111   4.251338005065918
112   2.457073211669922
113   3.8895437717437744
114   3.887042284011841
115   2.8466057777404785
116   3.492490291595459
117   2.926206588745117
118   2.96950101852417
119   3.3904573917388916
120   3.0791492462158203
121   3.11275315284729
122   2.30794358253479
123   2.8226583003997803
124   2.678694725036621
125   3.1861767768859863
126   4.493034839630127
127   4.041133880615234
128   3.236851930618286
129   3.1783761978149414
130   1.9507601261138916
131   2.7747795581817627
132   2.58408784866333
133   3.5211143493652344
134   3.0338847637176514
135   3.5371580123901367
136   3.6276543140411377
137   3.4566547870635986
138   3.719714403152466
139   3.6979000568389893
140   3.6196234226226807
141   3.4363515377044678
142   3.306339979171753
143   3.254035472869873
144   3.623795986175537
145   3.2519712448120117
146   3.932278871536255
147   3.138915777206421
148   3.5333845615386963
149   3.471764326095581
150   3.578174352645874
151   3.243767738342285
152   3.793142557144165
153   2.691331624984741
154   3.792085886001587
155   3.534801721572876
156   3.3839282989501953
157   3.213390827178955
158   3.431856632232666
159   3.760227918624878
160   4.66664981842041
161   2.3760335445404053
162   3.3815226554870605
163   3.213777542114258
164   3.5371177196502686
