0   0.0
1   0.19403699040412903
2   0.19596871733665466
3   0.18650931119918823
4   0.1938590705394745
5   0.19607853889465332
6   0.18892714381217957
7   0.18162518739700317
8   0.18382440507411957
9   0.24733328819274902
10   0.2642958462238312
11   0.36807385087013245
12   0.46067067980766296
13   1.1113377809524536
14   1.1949759721755981
15   2.054208278656006
16   1.5363653898239136
17   1.3385703563690186
18   1.3555855751037598
19   1.557612419128418
20   1.616024374961853
21   1.5494623184204102
22   1.4141072034835815
23   1.6464006900787354
24   1.8009846210479736
25   1.7890994548797607
26   1.8362640142440796
27   1.4605060815811157
28   1.9494061470031738
29   1.9174691438674927
30   1.458764672279358
31   1.9034168720245361
32   1.7230267524719238
33   1.5585752725601196
34   2.1659364700317383
35   1.89322829246521
36   2.0555717945098877
37   2.257417917251587
38   1.6200013160705566
39   1.8694578409194946
40   1.999257206916809
41   2.2421395778656006
42   1.6347798109054565
43   1.6871331930160522
44   2.905122756958008
45   1.3898415565490723
46   2.4340598583221436
47   1.504351258277893
48   1.901214838027954
49   1.7412189245224
50   1.3815908432006836
51   1.9707144498825073
52   1.6582636833190918
53   1.8023133277893066
54   2.059398889541626
55   1.7972018718719482
56   1.9926952123641968
57   1.9124730825424194
58   1.8807671070098877
59   1.716037392616272
60   1.7336517572402954
61   1.8738949298858643
62   1.5630196332931519
63   1.648824691772461
64   1.9618663787841797
65   1.9493958950042725
66   1.9507492780685425
67   1.7553821802139282
68   1.7148345708847046
69   2.1133065223693848
70   1.9887408018112183
71   1.9424829483032227
72   2.32291316986084
73   1.6928905248641968
74   1.8280181884765625
75   1.4120312929153442
76   1.4080774784088135
77   2.1336448192596436
78   1.7142773866653442
79   1.710113286972046
80   2.1081738471984863
81   1.7777061462402344
82   1.8663873672485352
83   1.5866838693618774
84   1.9380780458450317
85   1.468322992324829
86   1.6309276819229126
87   1.659416913986206
88   2.0453686714172363
89   1.8139622211456299
90   1.4914517402648926
91   1.6361202001571655
92   1.576963186264038
93   2.348240613937378
94   2.1606388092041016
95   1.8914419412612915
96   2.0816500186920166
97   2.1620032787323
98   2.1994376182556152
99   1.8232917785644531
100   2.160705327987671
101   2.0842416286468506
102   2.416478395462036
103   2.0580766201019287
104   2.5410714149475098
105   2.8562405109405518
106   2.3125827312469482
107   2.3648829460144043
108   2.0710225105285645
109   2.573629140853882
110   2.077312707901001
111   2.2513794898986816
112   1.794961929321289
113   2.1364645957946777
114   2.2914535999298096
115   2.334244966506958
116   1.8444745540618896
117   1.6574105024337769
118   1.9955230951309204
119   2.4708292484283447
120   2.32623553276062
121   2.3807363510131836
122   2.3376505374908447
123   2.4123120307922363
124   2.1964268684387207
125   2.4571428298950195
126   2.360969066619873
127   2.7183618545532227
128   2.0954368114471436
129   2.1281330585479736
130   2.143061876296997
131   2.29522705078125
132   2.3721699714660645
133   2.0746521949768066
134   2.669718027114868
135   2.3418071269989014
136   2.470081090927124
137   2.3617119789123535
138   2.585155487060547
139   2.3574378490448
140   2.602410316467285
141   2.1338162422180176
142   2.4490771293640137
143   2.1071178913116455
144   2.1715760231018066
145   2.028697967529297
146   2.477393388748169
147   2.4310336112976074
148   2.5063440799713135
149   2.734928846359253
150   2.6929922103881836
151   2.380845546722412
152   2.3243796825408936
153   2.463547945022583
154   2.484192132949829
155   1.8992986679077148
156   2.339446544647217
157   2.1559090614318848
158   2.3891184329986572
159   2.321573257446289
160   2.256868839263916
161   2.1039164066314697
162   1.9321328401565552
163   2.5318777561187744
164   2.4847917556762695
165   2.3080525398254395
166   2.690321207046509
167   2.376349687576294
168   2.118830919265747
169   2.135218858718872
170   2.0510764122009277
171   2.625077486038208
172   2.0494260787963867
173   2.5591461658477783
174   1.934880256652832
175   2.746441125869751
176   2.7019028663635254
177   2.4621334075927734
178   2.0804338455200195
179   2.0463736057281494
180   2.056013345718384
181   2.676250696182251
182   2.210028886795044
183   1.8043813705444336
184   1.9255443811416626
185   1.819470763206482
186   1.7567336559295654
187   2.0181875228881836
188   2.0642707347869873
189   2.1349854469299316
190   2.2686235904693604
191   2.26631498336792
192   1.9831541776657104
193   2.0209243297576904
194   1.8958323001861572
195   2.277754306793213
196   2.28564453125
197   1.5454292297363281
198   1.7513632774353027
199   1.9832843542099
200   1.9509799480438232
201   1.6833271980285645
202   2.399125576019287
203   1.9015278816223145
204   2.1370081901550293
205   1.7814732789993286
206   2.2340805530548096
207   1.8129384517669678
208   1.7516376972198486
209   2.1311283111572266
210   2.425100564956665
211   2.254878044128418
212   2.7955565452575684
213   2.3896751403808594
1   2.304558753967285
2   2.5577025413513184
3   2.4795947074890137
4   2.6162331104278564
5   2.4882118701934814
6   2.3546698093414307
7   2.44651198387146
8   2.323523998260498
9   2.636028289794922
10   2.4995906352996826
11   2.6455273628234863
12   2.5102100372314453
13   2.4438536167144775
14   2.609494924545288
15   3.0357961654663086
16   2.562192440032959
17   2.577786684036255
18   2.55399751663208
19   2.6561224460601807
20   2.3502392768859863
1   3.350537061691284
2   2.578468084335327
3   2.3315773010253906
4   2.517204523086548
5   2.4736247062683105
6   2.445491075515747
7   2.3650240898132324
8   2.2850208282470703
9   2.281956672668457
10   2.408632516860962
11   2.433814764022827
12   2.379392385482788
13   2.6858839988708496
14   2.4045865535736084
15   2.540081024169922
16   2.4410181045532227
17   2.5242130756378174
18   2.4490373134613037
19   2.652388334274292
20   2.455932378768921
21   2.342120885848999
22   2.482600212097168
23   2.3746187686920166
24   2.3443002700805664
25   2.1452584266662598
26   1.8808609247207642
27   2.1291909217834473
28   2.2090556621551514
29   2.462390422821045
30   2.353930711746216
31   2.275111675262451
32   2.767239809036255
33   2.6519131660461426
34   2.371631145477295
35   2.6613800525665283
36   2.5348167419433594
37   2.5602166652679443
38   2.4239187240600586
39   2.7052836418151855
40   2.515470027923584
41   2.5751612186431885
42   2.8737642765045166
43   2.5069241523742676
44   2.7521989345550537
45   2.620190382003784
46   2.4298698902130127
47   2.457655191421509
48   2.714848279953003
49   2.438481569290161
50   2.5183870792388916
51   2.2830021381378174
52   2.6225526332855225
53   2.2186837196350098
54   2.2254927158355713
55   2.548513174057007
56   2.4009265899658203
57   2.702819585800171
58   2.7326323986053467
59   2.624523878097534
60   2.63213849067688
61   2.724785566329956
62   2.7537286281585693
63   2.7527530193328857
64   2.591402530670166
65   3.165576457977295
66   2.8728134632110596
67   2.9992356300354004
68   3.003831148147583
69   2.8567183017730713
70   2.8569905757904053
71   2.297154426574707
72   2.146595001220703
73   2.237823724746704
74   2.5114755630493164
75   2.256296157836914
76   2.8590049743652344
77   2.9248108863830566
78   2.864203453063965
79   3.523033857345581
80   3.0822927951812744
81   3.0243570804595947
82   2.8072776794433594
83   3.3804564476013184
84   3.455026149749756
85   2.815263032913208
86   2.9642622470855713
87   3.1663644313812256
88   3.7930545806884766
89   3.385545492172241
90   3.373544216156006
91   2.86968994140625
92   2.9976508617401123
93   3.717505931854248
94   3.0769283771514893
95   3.1692237854003906
96   3.693056344985962
97   3.482322931289673
98   2.730363607406616
99   3.361118793487549
100   2.6291658878326416
101   3.426661491394043
102   2.972158908843994
103   2.7809715270996094
104   2.7652430534362793
105   2.7185797691345215
106   2.2375431060791016
107   2.7759406566619873
108   2.5101475715637207
109   2.6175153255462646
110   2.8534696102142334
111   2.4868004322052
112   2.277081251144409
113   2.4488627910614014
114   2.447801351547241
115   2.324756145477295
116   2.4498629570007324
117   2.2497806549072266
118   2.3609559535980225
119   2.330960512161255
120   2.4378483295440674
121   2.429438591003418
122   2.305771589279175
123   2.5469777584075928
124   2.2668349742889404
125   2.5810375213623047
126   2.4227747917175293
127   2.323687791824341
128   2.340886354446411
129   2.5629055500030518
130   2.5090830326080322
131   2.359065055847168
132   2.289867401123047
133   2.2621023654937744
134   2.638241767883301
135   2.365544557571411
136   2.4539711475372314
137   2.4722208976745605
138   2.510894536972046
139   2.2524123191833496
140   2.469905376434326
141   2.3293986320495605
142   2.5117075443267822
143   2.2123770713806152
144   2.259134292602539
145   2.3493189811706543
146   2.391627073287964
147   2.0012621879577637
148   2.4313714504241943
149   2.105004072189331
150   2.082859516143799
151   2.081155300140381
152   2.417479991912842
153   2.40451979637146
154   2.2820093631744385
155   2.2507236003875732
156   2.120790719985962
157   2.152355194091797
158   2.261413335800171
159   2.3939266204833984
160   2.599395275115967
1   3.1058950424194336
2   2.3773248195648193
3   2.5422146320343018
4   2.8050239086151123
5   2.5754990577697754
6   2.5479817390441895
7   2.655977964401245
8   2.3624885082244873
9   2.554887533187866
10   2.4160919189453125
11   2.446193218231201
12   2.4298574924468994
13   2.322715997695923
14   2.732083797454834
15   2.3528852462768555
16   2.7341525554656982
17   2.3963091373443604
18   2.5005435943603516
19   2.3749990463256836
20   2.1283490657806396
21   1.775804042816162
22   2.010957717895508
23   2.5068628787994385
24   2.205838680267334
25   2.4728853702545166
26   1.919425129890442
27   2.1881816387176514
28   2.391639232635498
29   2.0730152130126953
30   2.156350612640381
31   2.479254961013794
32   2.8950493335723877
33   2.503974437713623
34   2.2429146766662598
35   2.2982940673828125
36   3.0419392585754395
37   2.648817300796509
38   2.501737117767334
39   2.7653326988220215
40   2.335211992263794
41   2.243948221206665
42   2.4909093379974365
43   2.703855276107788
44   2.4129931926727295
45   2.415567398071289
46   2.4654998779296875
47   2.4965248107910156
48   2.5369229316711426
49   2.587765693664551
50   2.5022261142730713
51   2.2855331897735596
52   2.4606986045837402
53   2.5456812381744385
54   2.2909724712371826
55   2.3206732273101807
56   2.594852924346924
57   2.423410415649414
58   2.5746588706970215
59   2.5949606895446777
60   1.979288101196289
61   2.7154653072357178
62   2.4872686862945557
63   2.453307628631592
64   2.413473606109619
65   2.5064949989318848
66   2.5587446689605713
67   2.4531233310699463
68   2.221921682357788
69   2.2936675548553467
70   2.122527837753296
71   2.473235607147217
72   2.5897786617279053
73   2.431516408920288
74   2.332446575164795
75   2.352797508239746
76   2.351865530014038
77   2.123264789581299
78   2.3454461097717285
79   2.4217047691345215
80   2.4187331199645996
81   2.3036184310913086
82   2.749950408935547
83   2.416429281234741
84   2.552184581756592
85   2.593869686126709
86   2.2739548683166504
87   2.3368680477142334
88   2.6444473266601563
89   2.4939024448394775
90   2.7456977367401123
91   2.5046467781066895
92   2.4067418575286865
93   2.278373956680298
94   2.5147664546966553
95   2.3385791778564453
96   2.455301284790039
97   2.5847628116607666
98   2.4814229011535645
99   2.2006027698516846
100   1.7977603673934937
101   1.5607640743255615
102   1.4021813869476318
103   1.7906380891799927
104   1.5114834308624268
105   1.3021950721740723
106   1.7240804433822632
107   2.069200038909912
108   1.919830560684204
109   1.491234302520752
110   1.4954044818878174
111   2.178314208984375
112   1.6915887594223022
113   1.8583922386169434
114   1.6554677486419678
115   1.5406500101089478
116   2.034416437149048
117   1.9264590740203857
118   2.350245952606201
119   2.108076810836792
120   2.0717382431030273
121   2.755019187927246
122   2.0591845512390137
123   2.4302608966827393
124   2.598806142807007
125   2.624481439590454
126   2.5540928840637207
127   2.5836377143859863
128   2.339806318283081
129   2.5795483589172363
130   2.3656370639801025
131   2.446812391281128
132   2.6616897583007813
133   2.3231077194213867
134   2.3120665550231934
135   2.4431889057159424
136   2.327719211578369
137   2.4365007877349854
138   2.3822925090789795
139   2.6866300106048584
140   2.4559078216552734
141   2.6489200592041016
142   2.456406354904175
143   2.372488021850586
144   2.4617409706115723
145   2.390629768371582
146   2.4464712142944336
147   2.2947983741760254
148   2.303535223007202
149   2.5377233028411865
150   2.6547188758850098
151   2.6472086906433105
152   2.6239442825317383
153   2.521228790283203
154   2.5786900520324707
155   2.4611709117889404
156   2.352003335952759
157   2.4064126014709473
158   2.490509510040283
159   2.483930826187134
160   2.1487395763397217
161   2.323099136352539
162   2.353741407394409
163   2.2336580753326416
164   2.4378645420074463
