0   0.0
1   0.20371267199516296
2   0.20548652112483978
3   0.20183676481246948
4   0.20149940252304077
5   0.20472414791584015
6   0.20171459019184113
7   0.2017725557088852
8   0.19079600274562836
9   0.25720083713531494
10   0.2905595898628235
11   0.3965633809566498
12   0.500896692276001
13   1.0553910732269287
14   1.187530755996704
15   1.8812223672866821
16   1.5420293807983398
17   1.2523964643478394
18   1.2076692581176758
19   1.371188759803772
20   1.41042160987854
21   1.509073257446289
22   1.4180372953414917
23   1.5143533945083618
24   1.6543866395950317
25   1.7082420587539673
26   1.7042789459228516
27   1.417715311050415
28   1.810639500617981
29   1.8345298767089844
30   1.4554076194763184
31   1.920852541923523
32   1.6544153690338135
33   1.584664225578308
34   2.057814836502075
35   1.6960375308990479
36   1.8961780071258545
37   2.2522125244140625
38   1.565662145614624
39   1.729979395866394
40   1.853525996208191
41   2.04790997505188
42   1.5139728784561157
43   1.5893596410751343
44   2.7154877185821533
45   1.3626567125320435
46   2.2730278968811035
47   1.4951286315917969
48   1.8760080337524414
49   1.5701959133148193
50   1.2906988859176636
51   1.8736673593521118
52   1.548966407775879
53   1.6400572061538696
54   2.004002332687378
55   1.723889708518982
56   2.0393500328063965
57   1.9629353284835815
58   1.9437912702560425
59   1.7427257299423218
60   1.677255392074585
61   1.8354520797729492
62   1.5402758121490479
63   1.6630831956863403
64   1.9738067388534546
65   2.008117198944092
66   2.0680606365203857
67   1.7313672304153442
68   1.676431655883789
69   2.0405499935150146
70   1.9733737707138062
71   2.0258750915527344
72   2.377375364303589
73   1.7494378089904785
74   1.8301552534103394
75   1.4512025117874146
76   1.4470878839492798
77   2.101393938064575
78   1.5869122743606567
79   1.7369104623794556
80   2.125128984451294
81   1.6934763193130493
82   1.6779847145080566
83   1.4789007902145386
84   1.8767738342285156
85   1.462387204170227
86   1.4837801456451416
87   1.477875828742981
88   1.9357720613479614
89   1.7703020572662354
90   1.3957713842391968
91   1.5244402885437012
92   1.6311326026916504
93   2.2413642406463623
94   2.1305954456329346
95   1.9178873300552368
96   2.235299825668335
97   1.9699746370315552
98   2.22253680229187
99   1.7529293298721313
100   2.1255548000335693
101   2.149790048599243
102   2.3596701622009277
103   2.072638511657715
104   2.4710910320281982
105   2.6263997554779053
106   2.3724865913391113
107   2.228741407394409
108   2.2221362590789795
109   2.477086067199707
110   2.2852988243103027
111   2.197434663772583
112   2.017249584197998
113   2.1507134437561035
114   2.266648292541504
115   2.273074150085449
116   1.9739590883255005
117   1.8941055536270142
118   2.011291265487671
119   2.2254199981689453
120   2.3636984825134277
121   2.36698842048645
122   2.3281500339508057
123   2.3743414878845215
124   2.0989460945129395
125   2.410132646560669
126   2.395249128341675
127   2.552809953689575
128   2.118532419204712
129   2.182385206222534
130   2.0262842178344727
131   2.22594952583313
132   2.346967935562134
133   2.036231517791748
134   2.627736806869507
135   2.3556621074676514
136   2.468245506286621
137   2.3109614849090576
138   2.488809108734131
139   2.2617247104644775
140   2.5445868968963623
141   2.0902271270751953
142   2.35853910446167
143   2.1686644554138184
144   2.2502281665802
145   2.1004600524902344
146   2.491459608078003
147   2.3900904655456543
148   2.434650182723999
149   2.613940954208374
150   2.52419114112854
151   2.2840330600738525
152   2.278337001800537
153   2.440953254699707
154   2.513620615005493
155   1.831213355064392
156   2.295463800430298
157   2.1117663383483887
158   2.307788848876953
159   2.231902599334717
160   2.0857341289520264
161   2.02067494392395
162   1.8804218769073486
163   2.4562461376190186
164   2.513723373413086
165   2.4301810264587402
166   2.5616137981414795
167   2.263190746307373
168   2.0916049480438232
169   2.146296262741089
170   2.144705057144165
171   2.4248504638671875
172   1.9912168979644775
173   2.530501365661621
174   1.973675012588501
175   2.625373125076294
176   2.5140416622161865
177   2.3935887813568115
178   2.2118284702301025
179   2.136441469192505
180   1.9772822856903076
181   2.442019462585449
182   2.23525333404541
183   1.8948320150375366
184   1.8407431840896606
185   1.913209080696106
186   1.8306093215942383
187   1.915218472480774
188   1.9744985103607178
189   2.2359459400177
190   2.225130319595337
191   2.307502031326294
192   2.0860180854797363
193   2.17916202545166
194   1.9655576944351196
195   2.1106040477752686
196   2.144076108932495
197   1.545361876487732
198   1.9006924629211426
199   2.016608238220215
200   2.034388542175293
201   1.831773042678833
202   2.3145911693573
203   2.05365252494812
204   2.135939598083496
205   1.8814525604248047
206   2.230240821838379
207   2.016714096069336
208   1.9112313985824585
209   2.077705144882202
210   2.397111654281616
211   2.1760125160217285
212   2.7672314643859863
213   2.393834352493286
1   2.3725826740264893
2   2.5686638355255127
3   2.4653899669647217
4   2.52629017829895
5   2.43969464302063
6   2.430907726287842
7   2.5344221591949463
8   2.238264799118042
9   2.6020519733428955
10   2.363132953643799
11   2.6096322536468506
12   2.50826096534729
13   2.3937060832977295
14   2.562209367752075
15   2.9493038654327393
16   2.4732561111450195
17   2.4749696254730225
18   2.4965100288391113
19   2.657095432281494
20   2.3897957801818848
1   3.156883716583252
2   2.459639072418213
3   2.3864197731018066
4   2.534371852874756
5   2.4257352352142334
6   2.3665974140167236
7   2.347233295440674
8   2.3247900009155273
9   2.3715386390686035
10   2.401582717895508
11   2.379189968109131
12   2.391468048095703
13   2.5990216732025146
14   2.4721872806549072
15   2.541935920715332
16   2.440871000289917
17   2.575212001800537
18   2.475457191467285
19   2.663004159927368
20   2.4427106380462646
21   2.3331422805786133
22   2.449470043182373
23   2.4875826835632324
24   2.322800874710083
25   2.1375133991241455
26   1.962668776512146
27   2.182835102081299
28   2.2689831256866455
29   2.496892213821411
30   2.3576512336730957
31   2.290719509124756
32   2.576070785522461
33   2.5515294075012207
34   2.4613351821899414
35   2.576530933380127
36   2.486704111099243
37   2.5391461849212646
38   2.442775011062622
39   2.6248550415039063
40   2.547274351119995
41   2.6094377040863037
42   2.745918035507202
43   2.4577620029449463
44   2.700261354446411
45   2.5943443775177
46   2.3777987957000732
47   2.289848804473877
48   2.612570285797119
49   2.420942544937134
50   2.453491687774658
51   2.2023816108703613
52   2.5191099643707275
53   2.29093074798584
54   2.259857416152954
55   2.4893248081207275
56   2.3726260662078857
57   2.6510820388793945
58   2.735999822616577
59   2.5730600357055664
60   2.5099809169769287
61   2.6496171951293945
62   2.6065595149993896
63   2.696141242980957
64   2.537574291229248
65   3.095033645629883
66   2.699042558670044
67   2.8038954734802246
68   2.8478777408599854
69   2.7494516372680664
70   2.7438271045684814
71   2.2984628677368164
72   2.0760610103607178
73   2.181514263153076
74   2.4342191219329834
75   2.3608338832855225
76   2.8232831954956055
77   3.0503008365631104
78   2.8237218856811523
79   3.3733322620391846
80   3.0401298999786377
81   2.887946128845215
82   2.6361043453216553
83   3.1514618396759033
84   3.116349220275879
85   2.700249671936035
86   2.8414201736450195
87   2.974900245666504
88   3.4922451972961426
89   3.188636302947998
90   3.2307844161987305
91   2.960223913192749
92   2.96999192237854
93   3.5629429817199707
94   2.9331414699554443
95   2.9222068786621094
96   3.5549299716949463
97   3.3158936500549316
98   2.7550249099731445
99   3.248514175415039
100   2.6259052753448486
101   3.1671226024627686
102   2.7346761226654053
103   2.774350643157959
104   2.670517921447754
105   2.6626083850860596
106   2.2495810985565186
107   2.5806875228881836
108   2.4863288402557373
109   2.6480929851531982
110   2.871368169784546
111   2.587625503540039
112   2.444575309753418
113   2.541794776916504
114   2.436753034591675
115   2.2114758491516113
116   2.4302165508270264
117   2.292938709259033
118   2.348870277404785
119   2.3649823665618896
120   2.4180526733398438
121   2.4279088973999023
122   2.3514978885650635
123   2.4615495204925537
124   2.246896743774414
125   2.564178466796875
126   2.3927433490753174
127   2.2874038219451904
128   2.382321834564209
129   2.4881937503814697
130   2.439362049102783
131   2.3504815101623535
132   2.3622934818267822
133   2.3231520652770996
134   2.5806643962860107
135   2.378020763397217
136   2.3833532333374023
137   2.426635980606079
138   2.4511711597442627
139   2.2770960330963135
140   2.5285024642944336
141   2.3787014484405518
142   2.517911434173584
143   2.1802873611450195
144   2.139486789703369
145   2.2576427459716797
146   2.305649757385254
147   1.9160834550857544
148   2.3345048427581787
149   2.0275018215179443
150   2.0270073413848877
151   2.060026168823242
152   2.4095191955566406
153   2.3595786094665527
154   2.2800283432006836
155   2.268291711807251
156   2.093291759490967
157   2.1442110538482666
158   2.2443299293518066
159   2.353126049041748
160   2.5943658351898193
1   2.9380548000335693
2   2.369908094406128
3   2.4929041862487793
4   2.6507363319396973
5   2.4920408725738525
6   2.4139676094055176
7   2.6122872829437256
8   2.214186429977417
9   2.4590227603912354
10   2.4931724071502686
11   2.3996238708496094
12   2.4296061992645264
13   2.3401708602905273
14   2.6676621437072754
15   2.37274432182312
16   2.631696939468384
17   2.3801350593566895
18   2.382335662841797
19   2.42547607421875
20   2.170387029647827
21   1.8007597923278809
22   1.8828163146972656
23   2.4691078662872314
24   2.29483962059021
25   2.4589920043945313
26   1.9457157850265503
27   2.1527154445648193
28   2.506890058517456
29   2.1092300415039063
30   2.120424509048462
31   2.3913822174072266
32   2.8610854148864746
33   2.3963816165924072
34   2.1821064949035645
35   2.2931580543518066
36   2.890880823135376
37   2.5616583824157715
38   2.4405603408813477
39   2.6791739463806152
40   2.344991445541382
41   2.2157349586486816
42   2.4770476818084717
43   2.589285373687744
44   2.3836886882781982
45   2.401294708251953
46   2.4261302947998047
47   2.4472575187683105
48   2.468606948852539
49   2.4401142597198486
50   2.430983304977417
51   2.2247188091278076
52   2.419973611831665
53   2.386901617050171
54   2.272448778152466
55   2.265763282775879
56   2.488295078277588
57   2.373932361602783
58   2.5915565490722656
59   2.589932441711426
60   2.03255295753479
61   2.6302735805511475
62   2.3805644512176514
63   2.4418342113494873
64   2.3649282455444336
65   2.432701349258423
66   2.453361749649048
67   2.289062023162842
68   2.1770830154418945
69   2.2421746253967285
70   2.1814208030700684
71   2.43796443939209
72   2.52480149269104
73   2.356853723526001
74   2.2398507595062256
75   2.3342292308807373
76   2.374450206756592
77   2.0849502086639404
78   2.338988780975342
79   2.453913688659668
80   2.41068959236145
81   2.248300552368164
82   2.623591423034668
83   2.3166589736938477
84   2.564918041229248
85   2.636370897293091
86   2.2805569171905518
87   2.2543697357177734
88   2.533550977706909
89   2.449502468109131
90   2.7236571311950684
91   2.393552780151367
92   2.3770384788513184
93   2.2706239223480225
94   2.5267701148986816
95   2.337283134460449
96   2.453920602798462
97   2.5724291801452637
98   2.4112377166748047
99   2.005574941635132
100   1.664689064025879
101   1.45319664478302
102   1.4574328660964966
103   1.7879359722137451
104   1.6265616416931152
105   1.4079408645629883
106   1.7075608968734741
107   1.9754823446273804
108   1.8549970388412476
109   1.5268043279647827
110   1.4906020164489746
111   2.282787799835205
112   1.9415489435195923
113   2.00268816947937
114   1.7191221714019775
115   1.6537984609603882
116   1.9401185512542725
117   1.959445834159851
118   2.236849308013916
119   2.135775566101074
120   1.9493123292922974
121   2.656248092651367
122   2.089789867401123
123   2.3287110328674316
124   2.548685073852539
125   2.4408462047576904
126   2.573591947555542
127   2.5101633071899414
128   2.353224039077759
129   2.4847898483276367
130   2.352219581604004
131   2.394685745239258
132   2.5073890686035156
133   2.3370003700256348
134   2.3356385231018066
135   2.383413791656494
136   2.284332275390625
137   2.382035732269287
138   2.3674843311309814
139   2.657529592514038
140   2.393900156021118
141   2.5166120529174805
142   2.4595298767089844
143   2.346433639526367
144   2.4164235591888428
145   2.416083335876465
146   2.4575843811035156
147   2.4448490142822266
148   2.3669700622558594
149   2.543591022491455
150   2.737912178039551
151   2.6506223678588867
152   2.6200649738311768
153   2.560384750366211
154   2.529911518096924
155   2.3454182147979736
156   2.3137426376342773
157   2.3851161003112793
158   2.5257222652435303
159   2.411926507949829
160   2.1653730869293213
161   2.207303285598755
162   2.37687087059021
163   2.1860997676849365
164   2.464358329772949
