1   4.717277526855469
2   4.258884906768799
3   4.945516586303711
4   4.691879749298096
5   4.940337181091309
6   4.911448001861572
7   5.164367198944092
8   5.643679141998291
9   3.935964584350586
10   5.287065505981445
11   4.944767475128174
12   4.3213396072387695
13   4.134927749633789
14   4.583532333374023
15   4.48378849029541
16   5.230245590209961
17   4.656458854675293
18   4.289762496948242
19   4.710327625274658
20   5.380711078643799
1   4.806360244750977
2   4.4742913246154785
3   4.499347686767578
4   4.991969585418701
5   4.135631561279297
6   5.1385416984558105
7   5.23426628112793
8   4.681401252746582
9   4.399940013885498
10   4.579963207244873
11   4.0817179679870605
12   4.545501232147217
13   5.093027591705322
14   5.86527156829834
15   5.181880474090576
16   5.821106910705566
17   5.948144435882568
18   5.315380573272705
19   5.679985523223877
20   6.032418251037598
21   3.470569610595703
22   5.916990756988525
23   5.107154369354248
24   5.203668117523193
25   5.659107685089111
26   5.617588043212891
27   4.348543643951416
28   4.670863628387451
29   4.504448890686035
30   4.678465366363525
31   4.920413017272949
32   5.656744480133057
33   5.300671100616455
34   5.581090927124023
35   5.954690933227539
36   5.028679847717285
37   4.922732353210449
38   6.403039932250977
39   4.837632656097412
40   4.252868175506592
41   5.08108377456665
42   4.7792158126831055
43   4.399518966674805
44   5.365692615509033
45   5.115244388580322
46   5.272396087646484
47   4.058725357055664
48   4.98040246963501
49   5.14944314956665
50   4.612678050994873
51   5.082087516784668
52   4.863774299621582
53   4.729955673217773
54   5.095911026000977
55   4.9520344734191895
56   4.754786968231201
57   4.934420108795166
58   4.633064270019531
59   4.486148357391357
60   4.930141925811768
61   5.381476402282715
62   4.429506778717041
63   4.055012226104736
64   4.890112400054932
65   4.77036714553833
66   4.84359884262085
67   4.510348320007324
68   4.451656818389893
69   5.308447360992432
70   4.48443603515625
71   5.134997367858887
72   5.106978416442871
73   4.510695934295654
74   4.872522830963135
75   5.080275058746338
76   4.567024230957031
77   5.012973785400391
78   4.4072651863098145
79   4.423458576202393
80   3.8201746940612793
81   4.669600963592529
82   3.8100366592407227
83   4.6679582595825195
84   4.268030643463135
85   4.117886066436768
86   4.970190048217773
87   5.1342453956604
88   5.048616409301758
89   5.407425403594971
90   4.247450828552246
91   4.449937343597412
92   4.753573417663574
93   4.427353382110596
94   4.41900110244751
95   3.9902234077453613
96   4.679291725158691
97   4.980630874633789
98   4.307059288024902
99   4.731902122497559
100   4.134271144866943
101   4.80874490737915
102   4.341822147369385
103   4.364823818206787
104   4.360218048095703
105   4.4475417137146
106   4.854607105255127
107   4.538610458374023
108   4.288908004760742
109   4.520349025726318
110   4.358600616455078
111   4.073113441467285
112   4.7225728034973145
113   4.797983169555664
114   4.932836055755615
115   4.3274922370910645
116   6.405242919921875
117   4.834611892700195
118   6.542642116546631
119   6.487834930419922
120   4.406973838806152
121   4.140685558319092
122   4.329381942749023
123   5.118256568908691
124   4.48390007019043
125   6.362613677978516
126   5.764857292175293
127   6.306379318237305
128   6.159458160400391
129   5.3541693687438965
130   5.092871189117432
131   5.033088207244873
132   5.357503890991211
133   5.269568920135498
134   5.6227240562438965
135   6.477797031402588
136   5.888115882873535
137   4.697645664215088
138   5.9888458251953125
139   5.924078464508057
140   5.352534770965576
141   5.993027210235596
142   5.478005409240723
143   4.929471492767334
144   6.287116527557373
145   5.634886264801025
146   5.725048065185547
147   4.925549507141113
148   5.026932716369629
149   4.999536514282227
150   5.325517654418945
151   5.2359089851379395
152   6.192450046539307
153   5.747488498687744
154   6.298759460449219
155   6.087005615234375
156   4.9962310791015625
157   4.270083427429199
158   4.695690155029297
159   4.044795989990234
160   5.2246551513671875
1   5.062963485717773
2   5.61392879486084
3   6.2766594886779785
4   4.898641586303711
5   5.00478458404541
6   5.97314977645874
7   4.5207085609436035
8   5.5452117919921875
9   6.072176456451416
10   6.377379894256592
11   5.934331893920898
12   4.060883522033691
13   5.502662181854248
14   5.316078186035156
15   5.520248889923096
16   5.813438892364502
17   4.975868225097656
18   4.574487686157227
19   5.899764537811279
20   4.238239288330078
21   6.123783111572266
22   6.067589282989502
23   4.934901714324951
24   5.090377330780029
25   5.594293117523193
26   5.892627239227295
27   4.733676910400391
28   5.0536088943481445
29   6.668716907501221
30   5.338759422302246
31   5.228274345397949
32   4.842417240142822
33   3.466054916381836
34   3.7566184997558594
35   4.471818923950195
36   3.848259210586548
37   4.050703525543213
38   4.789852142333984
39   5.028871536254883
40   4.838720798492432
41   4.882656574249268
42   4.264211177825928
43   4.55718469619751
44   4.597991466522217
45   5.356197357177734
46   4.636812686920166
47   5.250792503356934
48   5.328458786010742
49   4.785763263702393
50   5.558742046356201
51   4.267185211181641
52   6.004461288452148
53   5.40249490737915
54   5.699047565460205
55   5.890662670135498
56   5.583285808563232
57   5.389252185821533
58   4.983672618865967
59   4.442309379577637
60   6.253615379333496
61   3.0332512855529785
62   4.602067470550537
63   4.630211353302002
64   5.272899627685547
65   4.86268949508667
66   3.7283525466918945
67   5.410942077636719
68   5.019693374633789
69   6.1908793449401855
70   4.573495864868164
71   4.928630828857422
72   5.079525947570801
73   4.563530445098877
74   4.631016731262207
75   6.461188793182373
76   3.818632125854492
77   4.922170639038086
78   4.055588245391846
79   3.887312412261963
80   3.218391180038452
81   2.7093939781188965
82   2.726410150527954
83   3.864969491958618
84   3.2499828338623047
85   5.021984577178955
86   3.4350168704986572
87   2.9850358963012695
88   4.562214374542236
89   4.742674827575684
90   4.451898574829102
91   3.711780309677124
92   4.285545825958252
93   4.572912693023682
94   4.475582599639893
95   5.052474498748779
96   4.728328227996826
97   4.727138519287109
98   4.341100692749023
99   5.364569187164307
100   4.218047142028809
101   4.646389961242676
102   4.672482013702393
103   4.375194549560547
104   4.646214485168457
105   4.702744007110596
106   5.601589202880859
107   4.635004997253418
108   3.6555166244506836
109   5.2344231605529785
110   4.005198955535889
111   4.557448387145996
112   4.190520286560059
113   4.703232288360596
114   4.458765983581543
115   4.839450836181641
116   5.760064125061035
117   4.442280292510986
118   4.42555046081543
119   4.824217319488525
120   4.104670524597168
121   3.748586416244507
122   4.5403337478637695
123   4.215503692626953
124   4.309479713439941
125   4.042487144470215
126   4.085478782653809
127   5.030152320861816
128   3.564870595932007
129   4.211677551269531
130   3.8620574474334717
131   4.451775074005127
132   4.3546366691589355
133   3.1635098457336426
134   6.120171546936035
135   5.6408867835998535
136   5.178736209869385
137   5.320291996002197
138   5.037245273590088
139   4.663928031921387
140   4.809656143188477
141   4.768311500549316
142   5.659890174865723
143   5.717728137969971
144   5.698936939239502
145   5.9396514892578125
146   5.911508083343506
147   4.666855812072754
148   5.577961444854736
149   6.309331893920898
150   3.778916358947754
151   5.7520432472229
152   6.0712127685546875
153   3.9299354553222656
154   3.799250602722168
155   5.5120697021484375
156   5.823862075805664
157   5.428620338439941
158   5.4463701248168945
159   4.988314628601074
160   3.622957706451416
161   5.0969462394714355
162   5.04207706451416
163   6.009326457977295
164   5.977703094482422
