1   2.4559338092803955
2   2.9870223999023438
3   1.680039644241333
4   3.527423143386841
5   2.976292610168457
6   3.544224977493286
7   3.2181668281555176
8   1.108027696609497
9   1.8511844873428345
10   2.6909632682800293
11   3.8881585597991943
12   2.7232091426849365
13   3.1980412006378174
14   2.556058168411255
15   2.794060707092285
16   2.9382054805755615
17   2.6349782943725586
18   3.020589828491211
19   3.5611143112182617
20   3.035531997680664
1   2.899122714996338
2   3.992671489715576
3   2.9139928817749023
4   3.2349233627319336
5   3.1022534370422363
6   3.532829999923706
7   3.913618803024292
8   3.063793897628784
9   2.7288155555725098
10   2.0099754333496094
11   2.8615190982818604
12   3.2758381366729736
13   3.815812349319458
14   3.016859292984009
15   3.2250137329101563
16   3.1729400157928467
17   3.608092784881592
18   3.4949004650115967
19   3.0785772800445557
20   2.9567553997039795
21   3.1249496936798096
22   3.4281442165374756
23   3.0371594429016113
24   2.200515031814575
25   3.1541929244995117
26   2.2881102561950684
27   3.760096311569214
28   2.469197988510132
29   3.0839715003967285
30   3.293442726135254
31   3.286511182785034
32   1.674067497253418
33   1.9093884229660034
34   2.98972749710083
35   3.2816855907440186
36   3.9223577976226807
37   3.0502662658691406
38   3.8326799869537354
39   3.877544403076172
40   3.6083288192749023
41   2.777287006378174
42   3.3167471885681152
43   3.474376916885376
44   2.735795736312866
45   3.049687147140503
46   2.727383613586426
47   3.0198051929473877
48   3.3217806816101074
49   3.7752068042755127
50   3.8799471855163574
51   2.9007160663604736
52   3.7488224506378174
53   3.3527112007141113
54   3.4341037273406982
55   3.146080732345581
56   3.121415138244629
57   2.244837522506714
58   3.2479138374328613
59   3.2316510677337646
60   2.834345817565918
61   2.913480281829834
62   3.4689931869506836
63   2.116877317428589
64   2.9781875610351563
65   3.323512315750122
66   3.0504443645477295
67   3.637829542160034
68   3.2070910930633545
69   3.030264139175415
70   2.864189386367798
71   3.3553056716918945
72   2.901559352874756
73   3.126533031463623
74   3.0348777770996094
75   4.805713653564453
76   3.3265302181243896
77   3.926748752593994
78   3.2040398120880127
79   2.8034002780914307
80   3.54748797416687
81   3.4101169109344482
82   2.7095909118652344
83   3.174980640411377
84   2.9855213165283203
85   3.2815709114074707
86   3.026771306991577
87   3.45339298248291
88   2.58485746383667
89   3.8544437885284424
90   3.346250534057617
91   3.195070505142212
92   2.804426670074463
93   2.7377138137817383
94   3.7695302963256836
95   3.219665765762329
96   3.259019136428833
97   2.676544427871704
98   2.77463698387146
99   3.1824822425842285
100   3.026782512664795
101   2.771407127380371
102   3.7237765789031982
103   3.137683868408203
104   3.442150592803955
105   3.2209322452545166
106   3.324079990386963
107   2.132544755935669
108   2.9351325035095215
109   2.8142898082733154
110   3.739499092102051
111   2.8442280292510986
112   2.9463751316070557
113   3.1956026554107666
114   2.982126474380493
115   3.4965076446533203
116   3.10079288482666
117   3.035076141357422
118   3.5083212852478027
119   2.852698564529419
120   3.082199811935425
121   3.040578603744507
122   3.8109936714172363
123   3.360447645187378
124   3.083845615386963
125   3.6517510414123535
126   3.466076374053955
127   2.7531816959381104
128   3.0641069412231445
129   1.7882122993469238
130   1.417075514793396
131   1.7709184885025024
132   1.034493088722229
133   1.799360990524292
134   1.6187927722930908
135   1.4355674982070923
136   2.670590877532959
137   3.516174793243408
138   3.359174966812134
139   1.45102059841156
140   1.6612874269485474
141   1.658739447593689
142   1.7676317691802979
143   1.1681771278381348
144   2.96368670463562
145   2.5118775367736816
146   3.285059690475464
147   2.9854254722595215
148   3.1510539054870605
149   3.278013229370117
150   3.3505725860595703
151   3.6783061027526855
152   2.994079113006592
153   3.452625036239624
154   2.8784008026123047
155   2.832514524459839
156   3.213214635848999
157   2.6079659461975098
158   2.497218132019043
159   3.6903109550476074
160   3.323714256286621
1   2.878134250640869
2   3.2764127254486084
3   3.0489468574523926
4   3.775043487548828
5   4.133947849273682
6   2.868051290512085
7   3.7946128845214844
8   3.0143041610717773
9   3.3193812370300293
10   1.7118133306503296
11   0.97788006067276
12   0.904136598110199
13   3.452470064163208
14   2.9653069972991943
15   3.5839195251464844
16   3.3314430713653564
17   2.500924587249756
18   2.8618578910827637
19   3.2433395385742188
20   3.6253910064697266
21   3.3374526500701904
22   1.7927109003067017
23   3.6947944164276123
24   3.125164747238159
25   3.109020948410034
26   4.214415073394775
27   3.9080612659454346
28   3.1926629543304443
29   2.556021213531494
30   2.9949443340301514
31   3.830404758453369
32   2.6207950115203857
33   3.2110395431518555
34   3.193532705307007
35   3.8836772441864014
36   3.310875177383423
37   0.9184557199478149
38   2.0305867195129395
39   2.5919370651245117
40   2.7103500366210938
41   2.859065532684326
42   3.100109338760376
43   3.106170177459717
44   4.42002010345459
45   2.3101351261138916
46   3.684514045715332
47   3.3193845748901367
48   4.695333003997803
49   3.488515615463257
50   2.203387498855591
51   3.707412004470825
52   2.869332790374756
53   3.9333198070526123
54   2.54724383354187
55   5.119070053100586
56   2.2416813373565674
57   3.637744426727295
58   3.2194221019744873
59   4.312343120574951
60   3.143077850341797
61   3.7951416969299316
62   4.0678205490112305
63   0.5089715123176575
64   3.819748878479004
65   3.1133034229278564
66   4.91409969329834
67   2.216050624847412
68   3.71450138092041
69   4.107301235198975
70   3.3548226356506348
71   3.6659817695617676
72   2.8319389820098877
73   4.218658447265625
74   3.181812286376953
75   3.5785329341888428
76   3.4859213829040527
77   3.279340982437134
78   3.3677804470062256
79   3.4311327934265137
80   4.295080184936523
81   3.6930904388427734
82   3.1073784828186035
83   3.3982462882995605
84   3.7853550910949707
85   3.6744961738586426
86   2.7210872173309326
87   4.441341876983643
88   3.4577627182006836
89   3.083679437637329
90   2.82681941986084
91   3.775649309158325
92   3.4479711055755615
93   2.859218120574951
94   1.804824948310852
95   3.5811007022857666
96   4.630642414093018
97   4.4372382164001465
98   2.894235610961914
99   3.375108480453491
100   2.5687201023101807
101   3.736832857131958
102   3.836090326309204
103   4.314524173736572
104   3.8372063636779785
105   3.312284469604492
106   3.205982208251953
107   4.158758640289307
108   3.40287446975708
109   3.2485227584838867
110   2.682203531265259
111   4.278013229370117
112   4.2172698974609375
113   3.1478610038757324
114   1.9528892040252686
115   0.49434199929237366
116   2.891287326812744
117   3.510615587234497
118   2.2527270317077637
119   2.372647762298584
120   1.7650697231292725
121   2.3401381969451904
122   3.3947227001190186
123   2.801816463470459
124   2.4652493000030518
125   2.7214717864990234
126   3.6668314933776855
127   3.160689353942871
128   2.1481268405914307
129   3.397958278656006
130   2.583704710006714
131   2.9098939895629883
132   3.0947134494781494
133   3.9428870677948
134   3.4307754039764404
135   3.366837739944458
136   3.236144781112671
137   3.7187891006469727
138   3.180732011795044
139   3.0676772594451904
140   3.5500826835632324
141   2.6907031536102295
142   3.074065685272217
143   3.6282598972320557
144   2.3575143814086914
145   2.1459949016571045
146   2.012068033218384
147   0.9712966084480286
148   1.8639681339263916
149   0.9511533975601196
150   4.805025100708008
151   2.8555378913879395
152   3.7830114364624023
153   3.521850347518921
154   2.7326669692993164
155   3.7622969150543213
156   3.1523075103759766
157   3.0364303588867188
158   3.2723259925842285
159   3.90878963470459
160   3.32106614112854
161   3.4754478931427
162   2.838040590286255
163   3.242480993270874
164   2.817911148071289
