0   0.0
1   0.20435915887355804
2   0.19590143859386444
3   0.2089771181344986
4   0.19981087744235992
5   0.20389039814472198
6   0.20375138521194458
7   0.19506172835826874
8   0.21342991292476654
9   0.9577097296714783
10   1.0750762224197388
11   1.344190239906311
12   1.077985167503357
13   1.170724630355835
14   1.3020470142364502
15   1.092328429222107
16   0.9278820753097534
17   1.35714852809906
18   1.320535659790039
19   1.2229328155517578
20   1.275389313697815
21   1.2885512113571167
22   1.601613163948059
23   1.1816071271896362
24   1.3440582752227783
25   1.3652737140655518
26   1.1495566368103027
27   1.3221546411514282
28   1.3330930471420288
29   1.3257502317428589
30   1.3363633155822754
31   1.3668029308319092
32   1.3300389051437378
33   1.4893263578414917
34   1.1580348014831543
35   1.150048851966858
36   1.2551660537719727
37   1.362088918685913
38   1.293632984161377
39   1.3894256353378296
40   1.433515191078186
41   1.178183674812317
42   1.074180006980896
43   1.2298715114593506
44   1.148556113243103
45   1.253592848777771
46   1.3722338676452637
47   1.333296298980713
48   1.4739042520523071
49   1.3646433353424072
50   1.3247334957122803
51   1.2376408576965332
52   1.3400694131851196
53   1.392680287361145
54   1.3623524904251099
55   1.3708473443984985
56   1.354258418083191
57   1.2081735134124756
58   1.3047391176223755
59   1.234776258468628
60   1.2421793937683105
61   1.1394579410552979
62   1.3623603582382202
63   1.3015522956848145
64   1.1724947690963745
65   1.1899346113204956
66   1.295623779296875
67   1.2792285680770874
68   1.3890314102172852
69   1.1927449703216553
70   1.21181058883667
71   1.0988208055496216
72   1.2945976257324219
73   1.142212986946106
74   1.2844343185424805
75   1.2624642848968506
76   1.1810566186904907
77   1.2308205366134644
78   1.4123305082321167
79   1.1920760869979858
80   1.2572336196899414
81   1.3311213254928589
82   1.3030158281326294
83   1.4125784635543823
84   1.199319839477539
85   1.1865490674972534
86   1.1851648092269897
87   1.2581239938735962
88   1.1863276958465576
89   1.4984195232391357
90   1.311134934425354
91   1.5408062934875488
92   1.3300604820251465
93   1.2413086891174316
94   1.177673101425171
95   1.401548981666565
96   1.1821725368499756
97   1.3499430418014526
98   1.1034027338027954
99   1.1340231895446777
100   1.3468365669250488
101   1.2299931049346924
102   1.2960257530212402
103   1.1840158700942993
104   1.1012508869171143
105   1.3126511573791504
106   1.3126380443572998
107   1.5195300579071045
108   1.2373626232147217
109   1.522556185722351
110   1.1894525289535522
111   1.2925286293029785
112   1.1327064037322998
113   1.2272197008132935
114   1.3132498264312744
115   1.2059133052825928
116   1.1420438289642334
117   1.3032550811767578
118   1.2791013717651367
119   1.362942099571228
120   1.26175856590271
121   1.169137716293335
122   1.1705774068832397
123   1.12271249294281
124   1.07645583152771
125   1.1447432041168213
126   1.1042628288269043
127   1.2718158960342407
128   1.1555066108703613
129   1.2467732429504395
130   1.1191741228103638
131   1.230786919593811
132   1.0742582082748413
133   1.3722325563430786
134   1.499320149421692
135   1.1990368366241455
136   1.2324283123016357
137   1.2700095176696777
138   1.3261845111846924
139   1.4855949878692627
140   1.4189376831054688
141   1.263420820236206
142   1.354570746421814
143   1.2794668674468994
144   1.1221559047698975
145   1.4013420343399048
146   1.2034446001052856
147   1.1837728023529053
148   1.3128246068954468
149   1.201156497001648
150   1.2875401973724365
151   1.047934889793396
152   1.2808865308761597
153   1.0232897996902466
154   1.3171169757843018
155   1.3831570148468018
156   1.3162627220153809
157   1.4439055919647217
158   1.229733943939209
159   1.2833795547485352
160   1.2222830057144165
161   1.1222405433654785
162   1.3236747980117798
163   1.4195523262023926
164   1.3819557428359985
165   1.2514894008636475
166   1.2594983577728271
167   1.3733097314834595
168   1.2187680006027222
169   1.3171303272247314
170   1.1790385246276855
171   1.3274554014205933
172   1.2740613222122192
173   1.2943496704101563
174   1.2222400903701782
175   1.1561423540115356
176   1.4739843606948853
177   1.1937288045883179
178   1.1922938823699951
179   1.3488149642944336
180   1.383602499961853
181   1.3839623928070068
182   1.6447988748550415
183   1.4733452796936035
184   1.6907322406768799
185   1.5343767404556274
186   1.3144586086273193
187   1.1960468292236328
188   1.178038477897644
189   1.2837527990341187
190   1.4126554727554321
191   1.1896135807037354
192   1.4330984354019165
193   1.1784554719924927
194   1.2496203184127808
195   1.501379370689392
196   1.2382562160491943
197   1.3901745080947876
198   1.2834386825561523
199   1.2555924654006958
200   1.3378753662109375
201   1.208984613418579
202   1.1236300468444824
203   1.2737631797790527
204   1.0566211938858032
205   1.364575743675232
206   1.2782925367355347
207   1.1658867597579956
208   1.4009791612625122
1   1.2824338674545288
2   1.5459821224212646
3   1.6158652305603027
4   1.4310507774353027
5   1.5359190702438354
6   1.377854585647583
7   1.4866541624069214
8   1.4828213453292847
9   1.4869390726089478
10   1.370129942893982
11   1.453063726425171
12   1.5132875442504883
13   1.501495122909546
14   1.4484636783599854
15   1.4970142841339111
16   1.3786696195602417
17   1.448189616203308
18   1.459402322769165
19   1.3637025356292725
20   1.4777144193649292
1   1.5747425556182861
2   1.6057698726654053
3   1.4570581912994385
4   1.5285141468048096
5   1.5348069667816162
6   1.6119648218154907
7   1.7469041347503662
8   1.5904927253723145
9   1.6106775999069214
10   1.5625898838043213
11   1.389438509941101
12   1.4241081476211548
13   1.3296699523925781
14   1.6605645418167114
15   1.5253002643585205
16   1.4040331840515137
17   1.5255407094955444
18   1.3995296955108643
19   1.5993660688400269
20   1.5668354034423828
21   1.3662470579147339
22   1.5367465019226074
23   1.4128748178482056
24   1.5146585702896118
25   1.5525175333023071
26   1.5520631074905396
27   1.5944727659225464
28   1.6410236358642578
29   1.4293968677520752
30   1.5155783891677856
31   1.5262928009033203
32   1.8210787773132324
33   1.541614055633545
34   1.6835814714431763
35   1.5368613004684448
36   1.5396095514297485
37   1.4935276508331299
38   1.634007215499878
39   1.593989610671997
40   1.4863355159759521
41   1.6052166223526
42   1.405893087387085
43   1.5389305353164673
44   1.6109113693237305
45   1.8690905570983887
46   1.4830315113067627
47   1.678937554359436
48   1.564874529838562
49   1.5182476043701172
50   1.3681782484054565
51   1.6215503215789795
52   1.4531933069229126
53   1.6398017406463623
54   1.4316319227218628
55   1.4718406200408936
56   1.5058776140213013
57   1.5006436109542847
58   1.2560993432998657
59   1.4363603591918945
60   1.3643019199371338
61   1.4578382968902588
62   1.5691386461257935
63   1.565547227859497
64   1.4271931648254395
65   1.6050424575805664
66   1.591416358947754
67   1.4145690202713013
68   1.2554987668991089
69   1.4569562673568726
70   1.507689356803894
71   1.4714298248291016
72   1.6488404273986816
73   1.4432584047317505
74   1.6280691623687744
75   1.5074577331542969
76   1.5971317291259766
77   1.5904629230499268
78   1.4461753368377686
79   1.4891092777252197
80   1.6398942470550537
81   1.4695457220077515
82   1.5068129301071167
83   1.5634630918502808
84   1.4032856225967407
85   1.4762002229690552
86   1.3924295902252197
87   1.2372827529907227
88   1.5156099796295166
89   1.4680975675582886
90   1.4718564748764038
91   1.4627312421798706
92   1.3999607563018799
93   1.388332724571228
94   1.5601794719696045
95   1.3928831815719604
96   1.6016751527786255
97   1.567199468612671
98   1.5136932134628296
99   1.454907774925232
100   1.6691007614135742
101   1.5418765544891357
102   1.887742519378662
103   1.7056764364242554
104   1.5310519933700562
105   1.7671116590499878
106   1.7769708633422852
107   1.51510488986969
108   1.3552380800247192
109   1.6383718252182007
110   1.5356839895248413
111   1.3082078695297241
112   1.59944748878479
113   1.6374346017837524
114   1.5119417905807495
115   1.386181116104126
116   1.6280570030212402
117   1.5131772756576538
118   1.6892598867416382
119   1.4809491634368896
120   1.417249083518982
121   1.46062433719635
122   1.5258601903915405
123   1.5324028730392456
124   1.3081384897232056
125   1.6246169805526733
126   1.7074159383773804
127   1.6921100616455078
128   1.4009870290756226
129   1.6287178993225098
130   1.7235987186431885
131   1.655687689781189
132   1.455885887145996
133   1.4954930543899536
134   1.6699312925338745
135   1.8295750617980957
136   1.4632384777069092
137   1.5137583017349243
138   1.4419143199920654
139   1.4853991270065308
140   1.4294533729553223
141   1.4935472011566162
142   1.6175386905670166
143   1.349350929260254
144   1.3294867277145386
145   1.5194593667984009
146   1.6395390033721924
147   1.5498485565185547
148   1.5366666316986084
149   1.496320366859436
150   1.3693172931671143
151   1.5906153917312622
152   1.5881937742233276
153   1.3760570287704468
154   1.552274227142334
155   1.4611999988555908
156   1.6814591884613037
157   1.6823201179504395
158   1.485641598701477
159   1.7251603603363037
160   1.373943567276001
1   1.7577197551727295
2   1.5372421741485596
3   1.4472169876098633
4   1.5746188163757324
5   1.6478573083877563
6   1.61689031124115
7   1.4399464130401611
8   1.5336846113204956
9   1.6125314235687256
10   1.5710835456848145
11   1.7461304664611816
12   1.683566927909851
13   1.4267858266830444
14   1.8301438093185425
15   1.5253932476043701
16   1.5505776405334473
17   1.5720946788787842
18   1.6235252618789673
19   1.3069018125534058
20   1.7851959466934204
21   1.775219202041626
22   1.6402066946029663
23   1.6567448377609253
24   1.5454319715499878
25   1.7033991813659668
26   1.7668489217758179
27   1.9297292232513428
28   1.4678983688354492
29   1.5549641847610474
30   1.381975531578064
31   1.6637572050094604
32   1.4689379930496216
33   1.6294877529144287
34   1.8094805479049683
35   1.5490623712539673
36   1.401454210281372
37   1.5819047689437866
38   1.602766990661621
39   1.3988492488861084
40   1.3781137466430664
41   1.5219502449035645
42   1.7018541097640991
43   1.6148805618286133
44   1.540793538093567
45   1.4693714380264282
46   1.693157434463501
47   1.7919418811798096
48   1.7691168785095215
49   1.8786464929580688
50   1.8185381889343262
51   1.6241554021835327
52   1.6736820936203003
53   1.9097024202346802
54   1.6303203105926514
55   1.8173531293869019
56   1.5479822158813477
57   1.8362231254577637
58   2.106809616088867
59   1.950331687927246
60   1.8494969606399536
61   1.9975337982177734
62   1.9247331619262695
63   1.851577877998352
64   1.5972635746002197
65   1.551239252090454
66   2.4603893756866455
67   1.8399021625518799
68   1.8070119619369507
69   1.845003604888916
70   1.5037959814071655
71   1.304577112197876
72   1.5655455589294434
73   1.624178409576416
74   1.5391677618026733
75   1.8378233909606934
76   1.6087108850479126
77   1.774315595626831
78   1.4886714220046997
79   1.4488002061843872
80   1.4320943355560303
81   2.1169159412384033
82   1.8881338834762573
83   1.6583794355392456
84   1.5538371801376343
85   1.6501977443695068
86   1.4028388261795044
87   1.6832996606826782
88   1.6899375915527344
89   1.7871507406234741
90   1.5015745162963867
91   1.4884629249572754
92   1.7348886728286743
93   1.659536600112915
94   1.6670244932174683
95   2.1785101890563965
96   2.2119903564453125
97   1.8908129930496216
98   1.4723187685012817
99   1.6673693656921387
100   1.9796642065048218
101   2.078561544418335
102   1.7650355100631714
103   2.113823413848877
104   1.7687395811080933
105   1.9540213346481323
106   1.484142541885376
107   1.679613709449768
108   1.8681830167770386
109   1.5121722221374512
110   1.6495110988616943
111   1.9522207975387573
112   1.7059895992279053
113   1.813665747642517
114   1.8891445398330688
115   1.8377882242202759
116   1.5481430292129517
117   1.6909033060073853
118   1.9482728242874146
119   1.59238600730896
120   1.9253935813903809
121   1.4693928956985474
122   1.675331950187683
123   1.5681816339492798
124   1.6520969867706299
125   1.8432300090789795
126   1.4637103080749512
127   1.4558225870132446
128   1.5618656873703003
129   1.6209595203399658
130   1.5747272968292236
131   1.6171263456344604
132   1.5263773202896118
133   1.600483775138855
134   1.4086687564849854
135   1.796102523803711
136   1.5018819570541382
137   1.988013744354248
138   1.718453049659729
139   1.6472820043563843
140   1.372377634048462
141   1.6147255897521973
142   1.5833311080932617
143   1.602286458015442
144   1.5107650756835938
145   1.477234125137329
146   1.6514414548873901
147   1.5855011940002441
148   1.6862938404083252
149   1.4806005954742432
150   1.8745126724243164
151   1.7025564908981323
152   1.6215847730636597
153   1.7006022930145264
154   1.3245313167572021
155   1.656618595123291
156   1.7529265880584717
157   1.5543845891952515
158   1.6370947360992432
159   1.4364869594573975
160   1.4309916496276855
161   1.3356842994689941
162   1.818427562713623
163   1.4590106010437012
164   1.318647027015686
