0   0.0
1   0.1950189620256424
2   0.18001067638397217
3   0.19831553101539612
4   0.19698017835617065
5   0.1968272179365158
6   0.19632770121097565
7   0.17968520522117615
8   0.20105460286140442
9   0.9179335832595825
10   0.9348461627960205
11   1.3821935653686523
12   0.9884623289108276
13   1.0891246795654297
14   1.2577797174453735
15   0.9476495385169983
16   0.8599730134010315
17   1.202557921409607
18   1.336395025253296
19   1.1978858709335327
20   1.245062232017517
21   1.1833076477050781
22   1.4291348457336426
23   1.1526436805725098
24   1.2169755697250366
25   1.2878295183181763
26   1.1930056810379028
27   1.299425482749939
28   1.2937395572662354
29   1.128096342086792
30   1.0266087055206299
31   1.1643915176391602
32   1.2726390361785889
33   1.3519185781478882
34   1.1327706575393677
35   1.0480331182479858
36   1.240850567817688
37   1.3068102598190308
38   1.1809602975845337
39   1.3307243585586548
40   1.3413747549057007
41   1.1178829669952393
42   1.0323858261108398
43   1.2027279138565063
44   1.2269287109375
45   1.1619640588760376
46   1.2645446062088013
47   1.216174840927124
48   1.4445843696594238
49   1.2763937711715698
50   1.2551630735397339
51   1.2081689834594727
52   1.2730097770690918
53   1.283897876739502
54   1.285824179649353
55   1.2761210203170776
56   1.353214979171753
57   1.1017130613327026
58   1.0731843709945679
59   1.305099606513977
60   1.2560540437698364
61   1.1520901918411255
62   1.3395137786865234
63   1.353073000907898
64   1.2046748399734497
65   1.2663542032241821
66   1.3034635782241821
67   1.2960176467895508
68   1.3477145433425903
69   1.2293728590011597
70   1.2275900840759277
71   1.039503574371338
72   1.3405506610870361
73   1.2230939865112305
74   1.341977596282959
75   1.307482123374939
76   1.2646515369415283
77   1.341819405555725
78   1.410914659500122
79   1.2129547595977783
80   1.3513894081115723
81   1.4330029487609863
82   1.38090181350708
83   1.4485918283462524
84   1.1495543718338013
85   1.181989073753357
86   1.2725481986999512
87   1.2993382215499878
88   1.1443990468978882
89   1.4759037494659424
90   1.3564870357513428
91   1.506875991821289
92   1.3464291095733643
93   1.2976994514465332
94   1.2170027494430542
95   1.4677172899246216
96   1.1530760526657104
97   1.3589580059051514
98   1.0861090421676636
99   1.173449158668518
100   1.360569953918457
101   1.156484603881836
102   1.376172661781311
103   1.2045644521713257
104   1.1548330783843994
105   1.3894503116607666
106   1.2857786417007446
107   1.4954643249511719
108   1.299944519996643
109   1.5100855827331543
110   1.1304855346679688
111   1.3954765796661377
112   1.1811769008636475
113   1.2617104053497314
114   1.325031042098999
115   1.3063316345214844
116   1.1673660278320313
117   1.309402585029602
118   1.3831770420074463
119   1.326241135597229
120   1.282235860824585
121   1.1948864459991455
122   1.1661039590835571
123   1.201075792312622
124   1.0710086822509766
125   1.0668294429779053
126   1.0732290744781494
127   1.2339372634887695
128   1.1201435327529907
129   1.1273887157440186
130   1.1379995346069336
131   1.1973903179168701
132   1.0213556289672852
133   1.3210099935531616
134   1.3676369190216064
135   1.2554985284805298
136   1.2124109268188477
137   1.2916368246078491
138   1.3093972206115723
139   1.3704112768173218
140   1.3933151960372925
141   1.292590856552124
142   1.3820395469665527
143   1.2677427530288696
144   1.1566681861877441
145   1.420026183128357
146   1.1367329359054565
147   1.1154053211212158
148   1.3406476974487305
149   1.195885419845581
150   1.3302037715911865
151   0.9782201647758484
152   1.1395223140716553
153   0.9523119330406189
154   1.338057279586792
155   1.2261403799057007
156   1.228678822517395
157   1.3388912677764893
158   1.2071374654769897
159   1.1773301362991333
160   1.0683432817459106
161   1.1689585447311401
162   1.3035844564437866
163   1.2085248231887817
164   1.2965766191482544
165   1.2420454025268555
166   1.216473937034607
167   1.3860527276992798
168   1.205322504043579
169   1.3230427503585815
170   1.1290873289108276
171   1.2800960540771484
172   1.2327960729599
173   1.115346074104309
174   1.1371175050735474
175   1.1119619607925415
176   1.2476813793182373
177   1.1289485692977905
178   1.1861917972564697
179   1.3340444564819336
180   1.285415768623352
181   1.1713910102844238
182   1.2277861833572388
183   1.132689356803894
184   1.245188593864441
185   1.2573466300964355
186   1.1896024942398071
187   1.1584724187850952
188   1.201134443283081
189   1.1945127248764038
190   1.2421046495437622
191   1.1664867401123047
192   1.3760377168655396
193   1.189117670059204
194   1.2262629270553589
195   1.2834450006484985
196   1.2571966648101807
197   1.3777498006820679
198   1.2057774066925049
199   1.1920380592346191
200   1.3511302471160889
201   1.2039234638214111
202   1.1419422626495361
203   1.18743896484375
204   1.0672423839569092
205   1.353281021118164
206   1.271768569946289
207   1.1139529943466187
208   1.364881157875061
1   1.2703146934509277
2   1.5446460247039795
3   1.6970505714416504
4   1.5220179557800293
5   1.6036354303359985
6   1.4039353132247925
7   1.6066014766693115
8   1.5549999475479126
9   1.621772289276123
10   1.423768401145935
11   1.4602165222167969
12   1.5805859565734863
13   1.523740530014038
14   1.4199329614639282
15   1.4691380262374878
16   1.473285436630249
17   1.5063804388046265
18   1.6002981662750244
19   1.403721809387207
20   1.4756524562835693
1   1.5356251001358032
2   1.4874922037124634
3   1.4644122123718262
4   1.5503122806549072
5   1.5213652849197388
6   1.6076477766036987
7   1.768256425857544
8   1.5141091346740723
9   1.6101725101470947
10   1.6313526630401611
11   1.515527367591858
12   1.4699963331222534
13   1.388080358505249
14   1.7734745740890503
15   1.4517558813095093
16   1.430883765220642
17   1.5860645771026611
18   1.37619948387146
19   1.6087195873260498
20   1.5251537561416626
21   1.4453309774398804
22   1.5554225444793701
23   1.4412435293197632
24   1.5425693988800049
25   1.6441831588745117
26   1.5937522649765015
27   1.6685562133789063
28   1.7435908317565918
29   1.556932806968689
30   1.4376126527786255
31   1.437990665435791
32   1.893472671508789
33   1.5417753458023071
34   1.7894543409347534
35   1.5744115114212036
36   1.50588059425354
37   1.4676053524017334
38   1.5171360969543457
39   1.6251381635665894
40   1.5576726198196411
41   1.5778084993362427
42   1.505783200263977
43   1.5577763319015503
44   1.5884026288986206
45   1.83622145652771
46   1.5563071966171265
47   1.8178006410598755
48   1.5396324396133423
49   1.5832761526107788
50   1.453777551651001
51   1.775944471359253
52   1.5684194564819336
53   1.757692575454712
54   1.3813692331314087
55   1.5453460216522217
56   1.54535710811615
57   1.6283512115478516
58   1.3492741584777832
59   1.3702729940414429
60   1.3689578771591187
61   1.5096746683120728
62   1.4745287895202637
63   1.6673109531402588
64   1.5018736124038696
65   1.6508893966674805
66   1.6780933141708374
67   1.5184966325759888
68   1.2590880393981934
69   1.5487759113311768
70   1.5939520597457886
71   1.5407617092132568
72   1.6991846561431885
73   1.5739067792892456
74   1.7249270677566528
75   1.5830477476119995
76   1.640307068824768
77   1.6045055389404297
78   1.5720471143722534
79   1.5785378217697144
80   1.782721757888794
81   1.6005818843841553
82   1.5779520273208618
83   1.6420087814331055
84   1.4985530376434326
85   1.5097630023956299
86   1.4716191291809082
87   1.2712291479110718
88   1.5989420413970947
89   1.5595468282699585
90   1.5959712266921997
91   1.5105338096618652
92   1.4398914575576782
93   1.4726104736328125
94   1.7023388147354126
95   1.4380706548690796
96   1.6521356105804443
97   1.7363659143447876
98   1.5762289762496948
99   1.4869705438613892
100   1.689386248588562
101   1.502383828163147
102   1.8755886554718018
103   1.7243032455444336
104   1.5919984579086304
105   1.8024206161499023
106   1.7049498558044434
107   1.5532094240188599
108   1.4659079313278198
109   1.7458794116973877
110   1.5498584508895874
111   1.2869566679000854
112   1.6900389194488525
113   1.5841538906097412
114   1.501340627670288
115   1.387894868850708
116   1.6342308521270752
117   1.5508779287338257
118   1.6541072130203247
119   1.53341543674469
120   1.5400840044021606
121   1.496171474456787
122   1.5229336023330688
123   1.5193719863891602
124   1.3549751043319702
125   1.602443814277649
126   1.689867377281189
127   1.6762499809265137
128   1.4549649953842163
129   1.5971492528915405
130   1.706220030784607
131   1.5589618682861328
132   1.4875118732452393
133   1.493416666984558
134   1.7680797576904297
135   1.8058191537857056
136   1.5210187435150146
137   1.5906904935836792
138   1.4998971223831177
139   1.5844563245773315
140   1.3167119026184082
141   1.5868700742721558
142   1.6195802688598633
143   1.3574960231781006
144   1.3006335496902466
145   1.6319987773895264
146   1.6458485126495361
147   1.571515679359436
148   1.5552046298980713
149   1.5332539081573486
150   1.4874614477157593
151   1.6196538209915161
152   1.6428242921829224
153   1.4386348724365234
154   1.516871690750122
155   1.5724685192108154
156   1.6185451745986938
157   1.6305166482925415
158   1.4706295728683472
159   1.7080150842666626
160   1.4807456731796265
1   1.742256760597229
2   1.4976487159729004
3   1.4837838411331177
4   1.5270512104034424
5   1.6461613178253174
6   1.656850814819336
7   1.4851504564285278
8   1.5464080572128296
9   1.457245945930481
10   1.5795536041259766
11   1.7971149682998657
12   1.712897539138794
13   1.5295450687408447
14   1.7656584978103638
15   1.5437231063842773
16   1.5352046489715576
17   1.640832543373108
18   1.6799468994140625
19   1.4348490238189697
20   1.8494189977645874
21   1.9646052122116089
22   1.7655361890792847
23   1.7244067192077637
24   1.6323693990707397
25   1.848460078239441
26   1.9303081035614014
27   2.155332326889038
28   1.6577167510986328
29   1.6633374691009521
30   1.4953128099441528
31   1.7134935855865479
32   1.5890120267868042
33   1.7344752550125122
34   1.9711886644363403
35   1.681928277015686
36   1.4052014350891113
37   1.6574019193649292
38   1.727766752243042
39   1.550229787826538
40   1.4878004789352417
41   1.6764048337936401
42   1.7981537580490112
43   1.7825922966003418
44   1.6937834024429321
45   1.643611192703247
46   1.9000688791275024
47   1.871252417564392
48   1.871970772743225
49   2.0349295139312744
50   1.972280502319336
51   1.790956735610962
52   1.855821967124939
53   2.0434253215789795
54   1.818756103515625
55   1.999084234237671
56   1.6655571460723877
57   1.9899604320526123
58   2.2250940799713135
59   2.1050500869750977
60   1.9823168516159058
61   2.2591607570648193
62   2.138014793395996
63   1.994721531867981
64   1.7207729816436768
65   1.687761902809143
66   2.5045385360717773
67   1.9653425216674805
68   1.9349194765090942
69   2.0032804012298584
70   1.6205542087554932
71   1.3811888694763184
72   1.7352830171585083
73   1.7180895805358887
74   1.7012838125228882
75   2.0326199531555176
76   1.7608760595321655
77   1.9070805311203003
78   1.620753526687622
79   1.5621284246444702
80   1.563402771949768
81   2.1341161727905273
82   1.9463152885437012
83   1.7198503017425537
84   1.5728636980056763
85   1.8838242292404175
86   1.5034430027008057
87   1.7497971057891846
88   1.816031813621521
89   1.9411466121673584
90   1.653529167175293
91   1.5624339580535889
92   1.9048850536346436
93   1.8294448852539063
94   1.789975881576538
95   2.458613395690918
96   2.2386317253112793
97   2.0298571586608887
98   1.6020647287368774
99   1.7519911527633667
100   2.2405548095703125
101   2.1552987098693848
102   1.7611080408096313
103   2.0905988216400146
104   1.7637346982955933
105   1.879407525062561
106   1.5897037982940674
107   1.8212802410125732
108   2.029108762741089
109   1.6123679876327515
110   1.8183801174163818
111   2.025905132293701
112   1.7877012491226196
113   1.7998486757278442
114   2.0207200050354004
115   1.9618887901306152
116   1.7058314085006714
117   1.6930785179138184
118   2.080763101577759
119   1.652044653892517
120   1.9453420639038086
121   1.5848065614700317
122   1.8801965713500977
123   1.6730598211288452
124   1.879088282585144
125   2.021092414855957
126   1.5392224788665771
127   1.6338423490524292
128   1.7744789123535156
129   1.6658941507339478
130   1.7440356016159058
131   1.764991044998169
132   1.6576701402664185
133   1.7237476110458374
134   1.5318845510482788
135   1.9115054607391357
136   1.5570223331451416
137   2.128359794616699
138   1.9094125032424927
139   1.7588988542556763
140   1.4671317338943481
141   1.7221293449401855
142   1.7164067029953003
143   1.7362580299377441
144   1.5713931322097778
145   1.5728384256362915
146   1.7694895267486572
147   1.7832896709442139
148   1.8219751119613647
149   1.5866612195968628
150   2.021031379699707
151   1.834801435470581
152   1.7178374528884888
153   1.836684226989746
154   1.418826699256897
155   1.7682666778564453
156   1.8843581676483154
157   1.6422752141952515
158   1.7522015571594238
159   1.5064375400543213
160   1.5324273109436035
161   1.380109429359436
162   1.8572468757629395
163   1.5618913173675537
164   1.4489492177963257
