0   0.0
1   0.22483766078948975
2   0.18081659078598022
3   0.23095464706420898
4   0.25997889041900635
5   0.20553021132946014
6   0.22477106750011444
7   0.19554920494556427
8   0.18845988810062408
9   0.3150589168071747
10   0.23434361815452576
11   0.4631138741970062
12   0.8127298951148987
13   1.9644310474395752
14   2.7874906063079834
15   3.080235719680786
16   3.864034414291382
17   3.483358860015869
18   2.470522165298462
19   3.1797494888305664
20   3.235607385635376
21   3.120356321334839
22   2.746051788330078
23   2.9074158668518066
24   2.7122855186462402
25   3.431051254272461
26   2.6263489723205566
27   4.090563774108887
28   2.8948028087615967
29   2.133028507232666
30   2.7594714164733887
31   2.9435582160949707
32   4.001486301422119
33   3.839674472808838
34   4.11384391784668
35   3.4441709518432617
36   2.989957809448242
37   3.894716501235962
38   3.6992053985595703
39   3.5624516010284424
40   3.914306163787842
41   2.8725521564483643
42   2.604923725128174
43   2.8516366481781006
44   3.432767391204834
45   3.3853259086608887
46   3.6998538970947266
47   3.4486825466156006
48   2.939091444015503
49   3.702559471130371
50   3.1377854347229004
51   4.369654178619385
52   3.4315195083618164
53   2.81888484954834
54   2.5327308177948
55   3.3771004676818848
56   3.3647828102111816
57   3.321532964706421
58   3.5909435749053955
59   3.3692150115966797
60   3.9966928958892822
61   3.387460947036743
62   2.7251856327056885
63   3.5046138763427734
64   3.8794612884521484
65   2.853445529937744
66   2.478656768798828
67   2.546586513519287
68   1.9997406005859375
69   2.834000587463379
70   2.0327184200286865
71   2.7586848735809326
72   2.4333415031433105
73   2.2654800415039063
74   2.6699724197387695
75   2.6965579986572266
76   3.3505923748016357
77   3.088310480117798
78   2.967984199523926
79   3.310539722442627
80   2.6010379791259766
81   3.4790642261505127
82   2.083097219467163
83   2.616492986679077
84   2.2830495834350586
85   2.639742136001587
86   3.152632713317871
87   3.4596259593963623
88   3.1093826293945313
89   2.630964517593384
90   4.029441833496094
91   2.73150372505188
92   3.287515163421631
93   3.5317254066467285
94   2.5413918495178223
95   3.31191086769104
96   4.033825397491455
97   2.985701322555542
98   2.9833734035491943
99   2.40071439743042
100   2.8078742027282715
101   3.331101179122925
102   3.7057127952575684
103   2.5428597927093506
104   4.00056791305542
105   2.544200897216797
106   1.2973692417144775
107   1.7720444202423096
108   1.398972749710083
109   1.7413311004638672
110   1.7633200883865356
111   1.9316976070404053
112   1.4667344093322754
113   1.5772596597671509
114   1.8239668607711792
115   1.6816765069961548
116   1.769650936126709
117   1.2400027513504028
118   1.919963002204895
119   1.177768349647522
120   1.8610901832580566
121   1.5573934316635132
122   1.9528075456619263
123   1.534340500831604
124   1.5694974660873413
125   1.4523515701293945
126   1.8344061374664307
127   1.3356422185897827
128   1.8074657917022705
129   1.803910493850708
130   2.176485300064087
131   1.9886897802352905
132   1.408929467201233
133   1.691468358039856
134   1.9849575757980347
135   1.5666091442108154
136   1.6831904649734497
137   2.240762948989868
138   1.4365841150283813
139   2.2414474487304688
140   1.620864987373352
141   1.2500842809677124
142   1.517868995666504
143   1.2832494974136353
144   2.1161201000213623
145   1.542823076248169
146   1.4185020923614502
147   1.415562391281128
148   1.3672735691070557
149   1.6112544536590576
150   1.8929954767227173
151   1.9364315271377563
152   2.1115262508392334
153   1.5453306436538696
154   1.4335283041000366
155   1.1791858673095703
156   1.4099599123001099
157   1.9726672172546387
158   1.9666403532028198
159   1.9974137544631958
160   2.35933518409729
161   2.4668588638305664
162   1.9772268533706665
163   2.177757740020752
164   1.7366129159927368
165   1.8478858470916748
166   1.9090776443481445
167   1.5359574556350708
168   2.1019160747528076
169   1.7846180200576782
170   1.4416671991348267
171   1.350693941116333
172   1.4189753532409668
173   0.9743420481681824
174   1.5446968078613281
175   1.666779637336731
176   1.8077564239501953
177   2.0651626586914063
178   2.344383478164673
179   2.242183208465576
180   2.2487235069274902
181   1.2846906185150146
182   1.3879871368408203
183   1.9367345571517944
184   1.7523106336593628
185   2.118257999420166
186   1.8713948726654053
187   2.230973720550537
188   1.7116577625274658
189   1.8234360218048096
190   1.96944260597229
191   1.8567464351654053
192   1.6860061883926392
193   1.2777754068374634
194   1.7672749757766724
195   2.471999168395996
196   2.1919710636138916
197   1.7666289806365967
198   1.9492870569229126
199   2.3998701572418213
200   1.9239298105239868
201   2.0255935192108154
202   1.6911685466766357
203   1.450573205947876
204   1.877090573310852
205   2.176196575164795
206   1.6104552745819092
207   2.2174289226531982
208   1.9780304431915283
209   1.278132677078247
210   2.5874338150024414
211   1.7004162073135376
212   1.992844581604004
213   2.4089229106903076
1   1.9790394306182861
2   1.5257309675216675
3   1.7420482635498047
4   2.3192384243011475
5   1.8881105184555054
6   2.3560690879821777
7   1.709007978439331
8   1.5652204751968384
9   1.2343018054962158
10   1.3871064186096191
11   2.1925430297851563
12   1.573225498199463
13   1.9385852813720703
14   1.4866042137145996
15   1.5686582326889038
16   1.5480070114135742
17   2.2057442665100098
18   1.5728679895401
19   2.0132029056549072
20   1.8960113525390625
1   1.7704708576202393
2   1.7128020524978638
3   2.0036959648132324
4   1.8667165040969849
5   1.8429878950119019
6   1.760496973991394
7   1.9819209575653076
8   1.8822925090789795
9   2.001042604446411
10   1.9326130151748657
11   1.8272181749343872
12   1.9221158027648926
13   1.661805510520935
14   1.8303557634353638
15   1.7812042236328125
16   1.944011926651001
17   1.584855079650879
18   1.8050678968429565
19   2.0172436237335205
20   2.0552310943603516
21   1.9836421012878418
22   1.9810022115707397
23   1.9869959354400635
24   2.0636181831359863
25   1.838515043258667
26   1.7192593812942505
27   1.800581455230713
28   2.0672247409820557
29   2.0062718391418457
30   1.8140029907226563
31   2.1026110649108887
32   1.4875290393829346
33   1.583716869354248
34   1.9655146598815918
35   1.8358899354934692
36   2.0532543659210205
37   2.0657951831817627
38   1.8993474245071411
39   1.9317691326141357
40   1.776964783668518
41   2.058048725128174
42   1.7308355569839478
43   1.7909525632858276
44   1.685902714729309
45   2.009805917739868
46   1.9352835416793823
47   2.148319959640503
48   1.7165859937667847
49   1.942864179611206
50   1.8772821426391602
51   1.779767394065857
52   2.146805763244629
53   1.6950534582138062
54   1.7677406072616577
55   1.75959050655365
56   2.06949782371521
57   1.763462781906128
58   2.0347073078155518
59   1.7648274898529053
60   1.9374920129776
61   1.9408453702926636
62   1.7336828708648682
63   2.0699260234832764
64   1.715429425239563
65   1.9693740606307983
66   1.9924991130828857
67   1.6124444007873535
68   1.6065503358840942
69   1.6746838092803955
70   1.8561248779296875
71   1.9806851148605347
72   1.917184591293335
73   2.0924413204193115
74   1.7242013216018677
75   1.6649432182312012
76   1.8692158460617065
77   1.6886935234069824
78   1.606993317604065
79   1.8124698400497437
80   1.6472296714782715
81   1.87912917137146
82   1.519080400466919
83   1.9059970378875732
84   2.0284459590911865
85   2.117828845977783
86   1.7898403406143188
87   1.7607433795928955
88   1.6757348775863647
89   1.9037377834320068
90   1.7231258153915405
91   1.8038520812988281
92   1.9547781944274902
93   1.8519411087036133
94   1.8850611448287964
95   1.6181693077087402
96   1.8720723390579224
97   1.7560510635375977
98   1.6558775901794434
99   1.8164434432983398
100   1.7621551752090454
101   1.934659719467163
102   2.0418150424957275
103   1.811302900314331
104   2.008913993835449
105   2.1171774864196777
106   1.9392404556274414
107   1.5978449583053589
108   1.937390923500061
109   1.8368206024169922
110   1.8275980949401855
111   1.910914659500122
112   1.9704793691635132
113   1.7685290575027466
114   1.9631104469299316
115   2.1686511039733887
116   2.0683200359344482
117   1.9492987394332886
118   2.1566643714904785
119   2.018021821975708
120   1.9441108703613281
121   1.649153709411621
122   2.1577038764953613
123   2.147043228149414
124   1.9478415250778198
125   2.0154669284820557
126   1.7960635423660278
127   1.8869770765304565
128   1.781005620956421
129   1.845262885093689
130   1.7291778326034546
131   1.995478868484497
132   1.880507469177246
133   2.2077062129974365
134   1.7272167205810547
135   1.7587817907333374
136   1.8948999643325806
137   1.857556700706482
138   1.9113681316375732
139   1.775915503501892
140   2.03139328956604
141   1.8432109355926514
142   2.1097118854522705
143   1.703973650932312
144   1.808350920677185
145   1.6837517023086548
146   1.9708466529846191
147   2.115402936935425
148   1.7573516368865967
149   1.7751749753952026
150   1.6872957944869995
151   2.009702682495117
152   1.9863611459732056
153   1.7767795324325562
154   1.635453462600708
155   1.7983604669570923
156   1.8577619791030884
157   1.818793535232544
158   1.8149621486663818
159   1.9815634489059448
160   1.6203750371932983
1   1.875548243522644
2   1.7363179922103882
3   1.9149272441864014
4   1.7720659971237183
5   1.8589251041412354
6   1.8938113451004028
7   1.7667908668518066
8   2.0471723079681396
9   1.8024418354034424
10   1.8113726377487183
11   1.6871788501739502
12   1.8709007501602173
13   1.7270108461380005
14   1.720278263092041
15   2.133352041244507
16   1.8069195747375488
17   2.0384843349456787
18   1.8356738090515137
19   1.7516828775405884
20   2.477155923843384
21   1.84043288230896
22   2.10958194732666
23   1.8548424243927002
24   2.0083792209625244
25   2.0710952281951904
26   2.091963768005371
27   1.9482895135879517
28   2.086434841156006
29   1.867246150970459
30   1.2823007106781006
31   1.9181474447250366
32   2.1477484703063965
33   2.2390265464782715
34   1.6173360347747803
35   2.077116012573242
36   1.9526256322860718
37   1.6510580778121948
38   2.1399686336517334
39   2.448873281478882
40   1.858141303062439
41   2.162454605102539
42   2.1815474033355713
43   2.0013349056243896
44   1.928807020187378
45   2.3052356243133545
46   1.716414451599121
47   2.3470377922058105
48   2.1593925952911377
49   1.912278175354004
50   1.9038281440734863
51   2.3104724884033203
52   2.3220901489257813
53   2.0780839920043945
54   2.340010404586792
55   1.630907654762268
56   2.3045706748962402
57   1.7358856201171875
58   2.419731378555298
59   2.226475715637207
60   1.4493573904037476
61   2.673462390899658
62   2.8650524616241455
63   2.4422874450683594
64   1.9198799133300781
65   1.2865679264068604
66   2.2724483013153076
67   1.4220434427261353
68   1.641141653060913
69   1.505467176437378
70   1.4819676876068115
71   2.481929302215576
72   3.165891170501709
73   2.440999984741211
74   2.1063480377197266
75   2.156680107116699
76   2.302682399749756
77   2.7973811626434326
78   3.124387264251709
79   2.1782493591308594
80   2.1354925632476807
81   2.0779426097869873
82   2.255889892578125
83   1.409070611000061
84   0.8607161641120911
85   1.4709969758987427
86   1.4442692995071411
87   1.210132122039795
88   2.7925937175750732
89   2.5313560962677
90   2.5638248920440674
91   2.725018262863159
92   1.600968599319458
93   2.596438407897949
94   3.0085909366607666
95   2.4997308254241943
96   2.976915121078491
97   1.6943811178207397
98   1.7174040079116821
99   1.9070854187011719
100   1.9940571784973145
101   2.995356559753418
102   1.8934252262115479
103   3.0416297912597656
104   2.4774770736694336
105   2.1009397506713867
106   2.8175618648529053
107   3.8135054111480713
108   2.4224233627319336
109   2.134514093399048
110   2.239417314529419
111   2.34671688079834
112   2.3576056957244873
113   2.095198154449463
114   2.5082075595855713
115   1.7807923555374146
116   1.5338588953018188
117   2.3613128662109375
118   2.531179428100586
119   1.9978997707366943
120   2.0451643466949463
121   1.6193476915359497
122   1.8679908514022827
123   2.230071783065796
124   2.379073143005371
125   2.138819456100464
126   1.6185455322265625
127   1.966111660003662
128   1.9296526908874512
129   2.247114896774292
130   2.8764286041259766
131   2.622663736343384
132   2.233593702316284
133   2.3375163078308105
134   3.0134501457214355
135   2.217937469482422
136   1.8145414590835571
137   1.9343477487564087
138   2.1389405727386475
139   2.2165744304656982
140   1.8078978061676025
141   2.0145726203918457
142   2.186511993408203
143   2.4101219177246094
144   2.275238275527954
145   1.7715133428573608
146   2.0800108909606934
147   1.8732085227966309
148   1.7407923936843872
149   2.1599273681640625
150   2.0398147106170654
151   1.993965983390808
152   1.9591443538665771
153   2.048743724822998
154   2.2619266510009766
155   2.1357808113098145
156   1.977723240852356
157   1.818049669265747
158   1.7815546989440918
159   1.7887864112854004
160   2.2007288932800293
161   2.1874146461486816
162   1.8225282430648804
163   2.1351680755615234
164   1.8973826169967651
