0   0.0
1   0.19259808957576752
2   0.21074612438678741
3   0.1987559199333191
4   0.2000717669725418
5   0.205131396651268
6   0.201656773686409
7   0.20450225472450256
8   0.19218596816062927
9   0.23891893029212952
10   0.31578758358955383
11   0.4367927014827728
12   0.46890097856521606
13   0.9741819500923157
14   1.317657232284546
15   1.3774367570877075
16   1.385374665260315
17   1.9461896419525146
18   1.776511788368225
19   1.6107994318008423
20   1.7526181936264038
21   1.6881189346313477
22   1.5624436140060425
23   1.6363533735275269
24   1.4140214920043945
25   2.046952486038208
26   1.6984341144561768
27   1.7890965938568115
28   1.7523541450500488
29   1.5840619802474976
30   1.8418892621994019
31   1.7094659805297852
32   1.8412699699401855
33   1.6985905170440674
34   1.9853657484054565
35   1.6950210332870483
36   1.7993429899215698
37   1.8408324718475342
38   1.8806871175765991
39   1.8661682605743408
40   2.0495643615722656
41   1.8352575302124023
42   1.7823305130004883
43   1.9476814270019531
44   1.7326973676681519
45   1.9235944747924805
46   1.7008026838302612
47   1.5422372817993164
48   1.9731820821762085
49   1.7556902170181274
50   1.6566276550292969
51   1.545328140258789
52   1.7226053476333618
53   1.7938183546066284
54   1.9106345176696777
55   1.984860897064209
56   1.9756126403808594
57   1.9888827800750732
58   2.2265825271606445
59   1.8485369682312012
60   1.8731067180633545
61   1.6994003057479858
62   1.684485912322998
63   1.6660608053207397
64   1.6585417985916138
65   1.6026020050048828
66   1.9658360481262207
67   1.5967423915863037
68   1.928114652633667
69   2.3039026260375977
70   2.044198751449585
71   2.229764938354492
72   1.9872394800186157
73   1.9902952909469604
74   1.918452262878418
75   1.5771113634109497
76   1.8142951726913452
77   2.0979666709899902
78   1.5519473552703857
79   1.6656583547592163
80   1.8594720363616943
81   1.8382065296173096
82   1.724448800086975
83   2.008729934692383
84   1.9396454095840454
85   2.1900010108947754
86   1.9107664823532104
87   1.9717613458633423
88   1.8640755414962769
89   1.9264206886291504
90   2.7157506942749023
91   1.7633792161941528
92   1.8166301250457764
93   1.7876670360565186
94   1.7410988807678223
95   1.6884897947311401
96   1.7666703462600708
97   1.6428405046463013
98   2.149714946746826
99   1.6628668308258057
100   1.50032377243042
101   1.64541494846344
102   1.7840704917907715
103   1.5851246118545532
104   2.0802462100982666
105   1.48917555809021
106   1.8054767847061157
107   1.3985025882720947
108   1.71602201461792
109   1.6416215896606445
110   1.5133936405181885
111   2.045071840286255
112   1.685962438583374
113   1.7794617414474487
114   1.525622844696045
115   1.7830463647842407
116   1.5975420475006104
117   1.3635185956954956
118   1.7018458843231201
119   1.4878188371658325
120   1.5041110515594482
121   1.6503971815109253
122   1.7886061668395996
123   1.5747770071029663
124   1.4257434606552124
125   1.4901800155639648
126   1.621184229850769
127   1.3912925720214844
128   1.8926583528518677
129   1.6942026615142822
130   1.783851146697998
131   1.5749690532684326
132   1.5451688766479492
133   1.4533108472824097
134   2.2631406784057617
135   1.5697044134140015
136   1.6250691413879395
137   1.9390274286270142
138   1.8015003204345703
139   1.3218485116958618
140   1.742571234703064
141   1.3006309270858765
142   1.4805941581726074
143   1.3889968395233154
144   2.0558009147644043
145   1.5754449367523193
146   1.3818318843841553
147   1.4025819301605225
148   1.6005029678344727
149   1.6805830001831055
150   1.8765743970870972
151   1.7358880043029785
152   1.9702153205871582
153   1.2900347709655762
154   1.5948911905288696
155   1.4997981786727905
156   1.42369544506073
157   1.5851069688796997
158   1.224233627319336
159   1.5391490459442139
160   1.7356370687484741
161   2.0289952754974365
162   1.4094972610473633
163   1.6281907558441162
164   1.5381392240524292
165   1.6746703386306763
166   1.622200608253479
167   1.5246567726135254
168   1.8009617328643799
169   2.1964669227600098
170   1.2816575765609741
171   1.668453574180603
172   1.5924943685531616
173   1.352699875831604
174   1.3475823402404785
175   1.7024003267288208
176   1.201575517654419
177   1.5871376991271973
178   2.2237021923065186
179   1.7768146991729736
180   2.3285717964172363
181   1.6532506942749023
182   1.6889044046401978
183   1.8745901584625244
184   1.808078408241272
185   1.7082127332687378
186   1.7235389947891235
187   2.0639145374298096
188   1.5332218408584595
189   1.9720165729522705
190   1.6909034252166748
191   1.708446979522705
192   1.6344481706619263
193   1.7934191226959229
194   1.7041429281234741
195   2.3135032653808594
196   1.7102736234664917
197   1.7919538021087646
198   1.7083854675292969
199   1.558885097503662
200   2.0198206901550293
201   1.5531574487686157
202   1.6414074897766113
203   1.610020399093628
204   1.9813352823257446
205   1.8970073461532593
206   1.4444669485092163
207   1.768816351890564
208   1.7067960500717163
209   2.1061129570007324
210   1.818841814994812
211   1.8452568054199219
212   1.8713799715042114
213   1.8653018474578857
1   1.665920615196228
2   2.078810453414917
3   2.040283679962158
4   1.9495905637741089
5   1.9363369941711426
6   1.684180736541748
7   1.369725227355957
8   1.6756244897842407
9   1.6462417840957642
10   1.6724432706832886
11   1.9244171380996704
12   1.8918050527572632
13   1.9569143056869507
14   2.1135964393615723
15   1.8502895832061768
16   2.069323778152466
17   2.1219842433929443
18   1.7390434741973877
19   2.119182586669922
20   1.6436251401901245
1   1.5799734592437744
2   1.8939522504806519
3   1.8589980602264404
4   1.8478633165359497
5   2.021044969558716
6   1.7615479230880737
7   1.756921648979187
8   1.5001977682113647
9   1.868768334388733
10   1.6953957080841064
11   1.8019498586654663
12   1.7263638973236084
13   1.706382393836975
14   1.9062608480453491
15   1.7343443632125854
16   1.6053953170776367
17   1.7281028032302856
18   1.8267182111740112
19   1.6155823469161987
20   1.875066876411438
21   1.6154264211654663
22   1.4292716979980469
23   1.8828446865081787
24   1.9127438068389893
25   1.5951875448226929
26   1.6985570192337036
27   1.4742116928100586
28   1.599880337715149
29   1.7819225788116455
30   1.7440866231918335
31   1.8954194784164429
32   1.5821806192398071
33   1.5235259532928467
34   1.8128794431686401
35   1.6811968088150024
36   2.0142951011657715
37   1.8100117444992065
38   1.9034062623977661
39   1.6732817888259888
40   1.5046366453170776
41   1.6695232391357422
42   1.7211170196533203
43   1.490952730178833
44   1.823084831237793
45   2.0079870223999023
46   1.8458486795425415
47   1.9129509925842285
48   1.5051548480987549
49   1.781169056892395
50   1.8784327507019043
51   1.5590846538543701
52   1.5612502098083496
53   1.8440136909484863
54   1.7709943056106567
55   1.746752381324768
56   1.7614575624465942
57   1.5080301761627197
58   1.5553513765335083
59   2.0199623107910156
60   1.6352152824401855
61   2.29923152923584
62   2.0435686111450195
63   1.8659216165542603
64   1.927114486694336
65   1.9005999565124512
66   1.6049529314041138
67   2.0973963737487793
68   1.839036226272583
69   1.6861237287521362
70   1.6143076419830322
71   2.534912347793579
72   1.9280587434768677
73   1.9195622205734253
74   1.9541693925857544
75   2.63136625289917
76   1.4801398515701294
77   1.6610714197158813
78   1.5262794494628906
79   1.8128201961517334
80   1.4769611358642578
81   1.8431819677352905
82   1.5066125392913818
83   2.4317145347595215
84   1.7247823476791382
85   1.8390309810638428
86   1.4554589986801147
87   1.4718260765075684
88   1.7295982837677002
89   1.444181203842163
90   2.1017279624938965
91   2.256868839263916
92   1.473166584968567
93   2.0049619674682617
94   2.35591197013855
95   2.1540915966033936
96   2.1707346439361572
97   1.9242827892303467
98   2.031970500946045
99   1.67597234249115
100   1.627549409866333
101   1.9931843280792236
102   2.3269424438476563
103   1.8137623071670532
104   2.059842824935913
105   1.7737469673156738
106   1.8067492246627808
107   1.4910002946853638
108   1.913958191871643
109   1.9197531938552856
110   1.7807445526123047
111   1.7281947135925293
112   1.881834864616394
113   1.7117372751235962
114   1.7422453165054321
115   2.17407488822937
116   1.8594334125518799
117   1.8655998706817627
118   2.4996495246887207
119   1.9886469841003418
120   2.0363659858703613
121   2.060030221939087
122   2.1048262119293213
123   2.084002733230591
124   1.7766882181167603
125   1.7654837369918823
126   1.5312411785125732
127   1.7358262538909912
128   1.7430280447006226
129   2.085174083709717
130   1.564921259880066
131   1.9901326894760132
132   1.9266774654388428
133   2.0791642665863037
134   1.7004640102386475
135   1.5951917171478271
136   1.7623378038406372
137   1.7287495136260986
138   1.6165809631347656
139   1.8005650043487549
140   1.5216070413589478
141   1.8914622068405151
142   1.81829035282135
143   1.6480942964553833
144   1.6789131164550781
145   1.447754144668579
146   1.749552607536316
147   1.5827716588974
148   1.5035021305084229
149   1.5604732036590576
150   2.1449902057647705
151   2.168954849243164
152   1.9441176652908325
153   1.5289545059204102
154   1.4713727235794067
155   1.5758689641952515
156   1.9338929653167725
157   1.6531509160995483
158   1.6572731733322144
159   1.6597100496292114
160   1.8664681911468506
1   1.3987361192703247
2   1.3426096439361572
3   1.588578462600708
4   1.7553967237472534
5   1.663907766342163
6   1.5872997045516968
7   1.6414508819580078
8   2.65749454498291
9   1.9589855670928955
10   1.6276835203170776
11   2.0046253204345703
12   1.8417569398880005
13   2.146845817565918
14   1.8548604249954224
15   2.2877860069274902
16   1.8322192430496216
17   1.7050257921218872
18   1.8838320970535278
19   1.7823305130004883
20   1.646859049797058
21   1.808637022972107
22   1.6577361822128296
23   1.6522825956344604
24   1.7379404306411743
25   1.653397798538208
26   1.9437319040298462
27   1.8428651094436646
28   1.6111644506454468
29   1.569791316986084
30   1.33720064163208
31   1.820095419883728
32   1.8253166675567627
33   1.51556396484375
34   1.3622792959213257
35   1.6856476068496704
36   1.5893068313598633
37   1.835357666015625
38   1.5298385620117188
39   1.7699551582336426
40   1.5158685445785522
41   1.8769114017486572
42   1.8203243017196655
43   1.823958396911621
44   1.7905364036560059
45   1.615307331085205
46   1.7913168668746948
47   1.8018704652786255
48   1.5791152715682983
49   1.7418360710144043
50   1.7718887329101563
51   1.7682627439498901
52   1.9033725261688232
53   1.808897614479065
54   1.5194634199142456
55   1.39935302734375
56   1.8748348951339722
57   1.9920469522476196
58   1.9234598875045776
59   2.444375991821289
60   1.871626377105713
61   2.0469515323638916
62   2.5117199420928955
63   2.1765668392181396
64   1.6244869232177734
65   1.8157607316970825
66   2.1119253635406494
67   1.9316052198410034
68   2.223468542098999
69   2.1560373306274414
70   1.9275201559066772
71   1.8735145330429077
72   2.1825644969940186
73   2.0924761295318604
74   2.3783695697784424
75   1.916090488433838
76   1.4781150817871094
77   1.70853853225708
78   2.0002281665802
79   1.9955722093582153
80   1.8112258911132813
81   2.2814178466796875
82   1.6718651056289673
83   1.4816715717315674
84   2.0631279945373535
85   1.865490198135376
86   1.6491506099700928
87   1.8213266134262085
88   1.7712196111679077
89   1.7338443994522095
90   1.9040895700454712
91   1.933969497680664
92   1.8838200569152832
93   2.432703733444214
94   1.7384282350540161
95   1.5163071155548096
96   1.703523874282837
97   1.6342320442199707
98   1.5966390371322632
99   1.7480158805847168
100   1.5575106143951416
101   2.2577500343322754
102   1.805925726890564
103   2.088240385055542
104   1.4400171041488647
105   1.575282096862793
106   1.893043875694275
107   1.9822075366973877
108   1.5044981241226196
109   1.5917013883590698
110   1.661913514137268
111   1.9876388311386108
112   1.9537036418914795
113   1.9562336206436157
114   2.022230863571167
115   1.8511208295822144
116   2.1481525897979736
117   1.6995110511779785
118   1.9738550186157227
119   1.7054280042648315
120   1.6821660995483398
121   1.846957802772522
122   2.1626148223876953
123   1.9840376377105713
124   2.261995792388916
125   1.5444141626358032
126   2.094752788543701
127   1.7928255796432495
128   2.0091187953948975
129   1.8900346755981445
130   2.0363996028900146
131   2.0606765747070313
132   1.9861512184143066
133   2.0211920738220215
134   2.231703042984009
135   1.974812626838684
136   1.8979780673980713
137   1.8132985830307007
138   1.8776099681854248
139   1.9570952653884888
140   1.6285756826400757
141   1.8195629119873047
142   1.7873626947402954
143   2.188988208770752
144   2.1105458736419678
145   1.7477737665176392
146   1.6993591785430908
147   1.5282864570617676
148   1.7334191799163818
149   1.9314569234848022
150   1.5577763319015503
151   1.8674437999725342
152   1.9495198726654053
153   1.766367793083191
154   1.8501341342926025
155   2.089967727661133
156   1.9166516065597534
157   1.8084720373153687
158   1.872009515762329
159   1.7569553852081299
160   1.779248595237732
161   1.9230377674102783
162   1.86506986618042
163   1.8294926881790161
164   1.7764596939086914
