0   0.0
1   0.16328607499599457
2   0.18104228377342224
3   0.16679465770721436
4   0.17798981070518494
5   0.18866267800331116
6   0.18200087547302246
7   0.17849849164485931
8   0.1698884814977646
9   0.21859247982501984
10   0.28540706634521484
11   0.3977370858192444
12   0.44783079624176025
13   0.909703254699707
14   1.2926944494247437
15   1.3690906763076782
16   1.4695987701416016
17   2.0847537517547607
18   1.6657763719558716
19   1.740832805633545
20   1.8471708297729492
21   1.722411036491394
22   1.599382758140564
23   1.6016337871551514
24   1.5404027700424194
25   2.097313165664673
26   1.7213497161865234
27   1.7600955963134766
28   1.6666871309280396
29   1.4987196922302246
30   1.7998988628387451
31   1.7397348880767822
32   1.9924126863479614
33   1.5606706142425537
34   2.031355619430542
35   1.7514251470565796
36   1.7636420726776123
37   1.920612096786499
38   1.9007035493850708
39   1.865808129310608
40   2.022813081741333
41   1.8245775699615479
42   1.6935521364212036
43   1.955520510673523
44   1.869798183441162
45   2.082050085067749
46   1.8124690055847168
47   1.49034583568573
48   2.001551866531372
49   1.736244797706604
50   1.696984887123108
51   1.6307508945465088
52   1.6212379932403564
53   1.7708710432052612
54   1.9072434902191162
55   1.937178373336792
56   1.9607726335525513
57   1.9702646732330322
58   2.2087817192077637
59   1.4997063875198364
60   1.9471135139465332
61   1.760511875152588
62   1.6687313318252563
63   1.625592589378357
64   1.6419684886932373
65   1.7057859897613525
66   2.062608242034912
67   1.6733670234680176
68   1.9395313262939453
69   2.118457794189453
70   1.9454154968261719
71   2.1867759227752686
72   2.0014617443084717
73   1.874463438987732
74   1.873656988143921
75   1.6294578313827515
76   1.8196070194244385
77   2.238776922225952
78   1.6477627754211426
79   1.669493556022644
80   1.9674495458602905
81   1.8864574432373047
82   1.9846367835998535
83   2.1645264625549316
84   2.098173141479492
85   2.139212131500244
86   2.0339438915252686
87   2.186533212661743
88   2.0908515453338623
89   2.062113046646118
90   3.0322189331054688
91   1.8863091468811035
92   1.9444143772125244
93   1.913527011871338
94   1.7727473974227905
95   1.759771704673767
96   1.8081474304199219
97   1.6589040756225586
98   2.0917587280273438
99   1.6919682025909424
100   1.600584626197815
101   1.67579984664917
102   1.8692744970321655
103   1.5391751527786255
104   2.1141414642333984
105   1.6609437465667725
106   1.8879740238189697
107   1.5089149475097656
108   1.8845477104187012
109   1.7140740156173706
110   1.6350878477096558
111   2.1937081813812256
112   1.7973943948745728
113   1.7962591648101807
114   1.610572099685669
115   1.9509828090667725
116   1.7886403799057007
117   1.4857877492904663
118   1.9332797527313232
119   1.5543991327285767
120   1.5928148031234741
121   1.7753294706344604
122   1.8980703353881836
123   1.5945851802825928
124   1.6031031608581543
125   1.5274513959884644
126   1.682761549949646
127   1.5878653526306152
128   1.891461730003357
129   1.7378718852996826
130   1.8352988958358765
131   1.713047981262207
132   1.6648435592651367
133   1.6687442064285278
134   2.266981601715088
135   1.6121890544891357
136   1.7089345455169678
137   2.1185545921325684
138   1.8446307182312012
139   1.3781101703643799
140   1.8286540508270264
141   1.4159793853759766
142   1.5955981016159058
143   1.4808717966079712
144   2.1210038661956787
145   1.6891472339630127
146   1.4839543104171753
147   1.6166133880615234
148   1.7677651643753052
149   1.676195740699768
150   1.9681422710418701
151   1.8012198209762573
152   2.01479172706604
153   1.4567561149597168
154   1.7556968927383423
155   1.611861228942871
156   1.5143617391586304
157   1.7924551963806152
158   1.2404581308364868
159   1.5824519395828247
160   1.807672381401062
161   2.320791244506836
162   1.5570433139801025
163   1.8314337730407715
164   1.6333820819854736
165   1.7679145336151123
166   1.7819620370864868
167   1.7224270105361938
168   1.7688599824905396
169   2.267731189727783
170   1.378814697265625
171   1.8106609582901
172   1.6445951461791992
173   1.562841773033142
174   1.4173518419265747
175   1.7424591779708862
176   1.333580493927002
177   1.7724353075027466
178   2.2008934020996094
179   1.7871192693710327
180   2.365227222442627
181   1.8754057884216309
182   1.848185420036316
183   2.001159429550171
184   1.9024734497070313
185   1.8264038562774658
186   1.9122391939163208
187   2.2905850410461426
188   1.7097513675689697
189   2.1288933753967285
190   1.8227040767669678
191   1.8626857995986938
192   1.8442485332489014
193   1.8877685070037842
194   1.7842291593551636
195   2.4533402919769287
196   1.8291929960250854
197   1.948081612586975
198   1.8700895309448242
199   1.700607419013977
200   2.1406137943267822
201   1.7691881656646729
202   1.7908555269241333
203   1.7892773151397705
204   2.0972352027893066
205   2.002016544342041
206   1.545588493347168
207   1.8976352214813232
208   1.853937029838562
209   2.182077407836914
210   1.9461926221847534
211   1.9177205562591553
212   2.0039172172546387
213   2.0873239040374756
1   1.6431183815002441
2   2.2009246349334717
3   2.0542685985565186
4   2.0604944229125977
5   2.0300965309143066
6   1.718776822090149
7   1.4990310668945313
8   1.806952714920044
9   1.7138941287994385
10   1.804868221282959
11   2.0025904178619385
12   1.9891104698181152
13   2.0569090843200684
14   2.176008939743042
15   1.926480770111084
16   2.2661468982696533
17   2.281947612762451
18   1.8894587755203247
19   2.178701639175415
20   1.772010326385498
1   1.6860920190811157
2   2.0632855892181396
3   2.089193820953369
4   1.8926715850830078
5   2.173412799835205
6   1.9174798727035522
7   1.8278987407684326
8   1.6235257387161255
9   2.046011209487915
10   1.7727819681167603
11   2.028055191040039
12   1.9045138359069824
13   1.7811881303787231
14   2.0927541255950928
15   1.893647313117981
16   1.740848422050476
17   1.812614917755127
18   1.9092719554901123
19   1.7653106451034546
20   2.0568270683288574
21   1.7847917079925537
22   1.5795114040374756
23   2.07659649848938
24   2.1286709308624268
25   1.7370527982711792
26   1.8551050424575806
27   1.600450873374939
28   1.6359604597091675
29   1.8536317348480225
30   1.9007205963134766
31   1.9925239086151123
32   1.7606613636016846
33   1.731394648551941
34   1.944870114326477
35   1.8372342586517334
36   2.146160840988159
37   1.8347418308258057
38   2.072938919067383
39   1.8517738580703735
40   1.6439216136932373
41   1.8139833211898804
42   1.832279920578003
43   1.5773093700408936
44   1.9352617263793945
45   2.0465657711029053
46   1.9756940603256226
47   1.9860190153121948
48   1.5429996252059937
49   1.853278398513794
50   1.9321000576019287
51   1.6119548082351685
52   1.6056541204452515
53   1.9137766361236572
54   1.9146690368652344
55   1.7725555896759033
56   1.7267324924468994
57   1.4982448816299438
58   1.710486888885498
59   2.1102447509765625
60   1.7347925901412964
61   2.450629234313965
62   2.172081232070923
63   2.057077407836914
64   2.0480432510375977
65   1.9341439008712769
66   1.5847798585891724
67   2.278001546859741
68   1.933226227760315
69   1.851010799407959
70   1.5191189050674438
71   2.498849391937256
72   1.854505181312561
73   1.8786569833755493
74   1.9685821533203125
75   2.9270358085632324
76   1.5974022150039673
77   1.736555814743042
78   1.586555004119873
79   1.8392765522003174
80   1.473196268081665
81   1.9666889905929565
82   1.6628434658050537
83   2.4925646781921387
84   1.7787277698516846
85   1.9589155912399292
86   1.5749177932739258
87   1.5322537422180176
88   1.659362554550171
89   1.5933473110198975
90   1.926106333732605
91   1.959229588508606
92   1.4938461780548096
93   1.9158707857131958
94   2.249553918838501
95   2.1964566707611084
96   2.3079724311828613
97   1.8936967849731445
98   1.9336072206497192
99   1.7463486194610596
100   1.6527018547058105
101   1.9468967914581299
102   2.234550952911377
103   1.7783215045928955
104   2.0626556873321533
105   1.7816084623336792
106   1.6789805889129639
107   1.5326550006866455
108   1.8210819959640503
109   1.8892788887023926
110   1.6286299228668213
111   1.8416990041732788
112   2.001091957092285
113   1.6979562044143677
114   1.7751215696334839
115   2.2415285110473633
116   1.7888990640640259
117   1.8485674858093262
118   2.583256959915161
119   1.9801312685012817
120   2.047820568084717
121   2.007436513900757
122   2.0913970470428467
123   2.170292615890503
124   1.8364900350570679
125   1.758255124092102
126   1.5264030694961548
127   1.684999704360962
128   1.6344809532165527
129   2.1647326946258545
130   1.5483486652374268
131   2.022348642349243
132   1.8739981651306152
133   1.9515891075134277
134   1.7010433673858643
135   1.6851917505264282
136   1.671605110168457
137   1.672147512435913
138   1.4840511083602905
139   1.7664852142333984
140   1.475914716720581
141   1.941720962524414
142   1.7525053024291992
143   1.538415789604187
144   1.5826938152313232
145   1.369802474975586
146   1.7225472927093506
147   1.546602725982666
148   1.4232938289642334
149   1.586337685585022
150   2.0241098403930664
151   2.07025408744812
152   1.8738644123077393
153   1.3207279443740845
154   1.4830867052078247
155   1.4284107685089111
156   1.7280932664871216
157   1.6748628616333008
158   1.5974928140640259
159   1.584741473197937
160   1.866321086883545
1   1.4920984506607056
2   1.3643059730529785
3   1.5925278663635254
4   1.8413903713226318
5   1.631231665611267
6   1.6239269971847534
7   1.6533739566802979
8   2.8580551147460938
9   1.9754880666732788
10   1.6833672523498535
11   2.020350694656372
12   1.9316754341125488
13   2.2356693744659424
14   1.9530348777770996
15   2.306580066680908
16   1.7766307592391968
17   1.6538019180297852
18   1.995605230331421
19   1.9849929809570313
20   1.6380677223205566
21   1.8888493776321411
22   1.6570682525634766
23   1.75063955783844
24   1.6845139265060425
25   1.757981300354004
26   1.8276255130767822
27   1.9353145360946655
28   1.5258878469467163
29   1.5522465705871582
30   1.2561335563659668
31   1.6661529541015625
32   1.6939305067062378
33   1.3083304166793823
34   1.3704701662063599
35   1.7302308082580566
36   1.6136239767074585
37   1.9778213500976563
38   1.6096235513687134
39   1.6904451847076416
40   1.4977737665176392
41   1.832690954208374
42   1.8997596502304077
43   1.8434704542160034
44   1.9215755462646484
45   1.6830155849456787
46   1.8135749101638794
47   1.859473466873169
48   1.6524361371994019
49   1.6971348524093628
50   1.7857837677001953
51   1.793084740638733
52   1.8047529458999634
53   1.8343627452850342
54   1.5563520193099976
55   1.367525577545166
56   2.0120849609375
57   2.059943675994873
58   1.9998098611831665
59   2.440068006515503
60   1.9892040491104126
61   2.0364878177642822
62   2.6078691482543945
63   2.239936590194702
64   1.6010855436325073
65   1.9569876194000244
66   2.2094974517822266
67   1.9373615980148315
68   2.4108426570892334
69   2.3179726600646973
70   2.079169988632202
71   1.6100428104400635
72   2.1381378173828125
73   1.9477025270462036
74   2.2455577850341797
75   1.6526968479156494
76   1.48678719997406
77   1.742737054824829
78   2.1129393577575684
79   1.9795689582824707
80   1.7646126747131348
81   2.4201061725616455
82   1.6450597047805786
83   1.4026761054992676
84   2.066890001296997
85   1.8491133451461792
86   1.6549270153045654
87   1.8199965953826904
88   1.6271687746047974
89   1.7750123739242554
90   1.8676236867904663
91   1.8138986825942993
92   1.9648627042770386
93   2.415066719055176
94   1.5516867637634277
95   1.505754828453064
96   1.6498184204101563
97   1.592328667640686
98   1.532152533531189
99   1.7481390237808228
100   1.520938515663147
101   2.2032413482666016
102   1.8098312616348267
103   2.053532600402832
104   1.3926206827163696
105   1.4810363054275513
106   1.8648197650909424
107   1.8323746919631958
108   1.2991704940795898
109   1.4051841497421265
110   1.5551239252090454
111   1.9517916440963745
112   2.032912492752075
113   1.9451347589492798
114   2.0724411010742188
115   1.853327751159668
116   2.118036985397339
117   1.7158399820327759
118   1.9573942422866821
119   1.7891424894332886
120   1.7806686162948608
121   1.9437119960784912
122   2.1944825649261475
123   2.0626001358032227
124   2.3356969356536865
125   1.59685218334198
126   2.032092571258545
127   1.7704347372055054
128   2.0508205890655518
129   1.8986780643463135
130   1.9428743124008179
131   2.1135904788970947
132   2.029365301132202
133   2.1147637367248535
134   2.2106404304504395
135   1.9955508708953857
136   1.9634628295898438
137   1.7670297622680664
138   1.9464763402938843
139   2.0134670734405518
140   1.6765881776809692
141   1.7615288496017456
142   1.8177471160888672
143   2.204984426498413
144   2.0294785499572754
145   1.754418134689331
146   1.6118228435516357
147   1.4495811462402344
148   1.7291920185089111
149   1.8210471868515015
150   1.509682059288025
151   1.782452940940857
152   1.8642499446868896
153   1.6221126317977905
154   1.795701026916504
155   2.1606380939483643
156   1.919661045074463
157   1.7578920125961304
158   1.913304328918457
159   1.7266591787338257
160   1.7027921676635742
161   1.9401603937149048
162   1.775790810585022
163   1.7566297054290771
164   1.7663395404815674
