0   0.0
1   0.2656625509262085
2   0.30519232153892517
3   0.1716107428073883
4   0.1975310891866684
5   0.225272536277771
6   0.1746738702058792
7   0.21103081107139587
8   0.2785677909851074
9   1.422601580619812
10   1.7305409908294678
11   1.7639318704605103
12   1.6386067867279053
13   1.402976155281067
14   1.8074209690093994
15   1.4833492040634155
16   1.3568075895309448
17   1.5622351169586182
18   1.2960337400436401
19   1.9800584316253662
20   1.8197940587997437
21   1.4041759967803955
22   1.801708698272705
23   1.4490588903427124
24   1.8127015829086304
25   1.6997159719467163
26   2.2289159297943115
27   1.5736985206604004
28   1.5561530590057373
29   1.7987183332443237
30   2.358799934387207
31   1.7133231163024902
32   1.5910370349884033
33   1.6570860147476196
34   1.309618592262268
35   3.5387303829193115
36   1.9014028310775757
37   1.4138548374176025
38   1.408254623413086
39   1.790956974029541
40   2.153669834136963
41   1.6409990787506104
42   1.7618366479873657
43   2.779303550720215
44   1.9556584358215332
45   2.8409340381622314
46   2.8431644439697266
47   2.676013708114624
48   2.7066423892974854
49   2.772890329360962
50   2.6592724323272705
51   2.6578712463378906
52   3.3359780311584473
53   1.093191385269165
54   2.0459039211273193
55   2.680773973464966
56   2.1404011249542236
57   1.8536096811294556
58   1.769023060798645
59   1.5046223402023315
60   1.230202078819275
61   1.4769524335861206
62   2.101719856262207
63   1.9185951948165894
64   1.837066411972046
65   1.9297187328338623
66   2.0739829540252686
67   2.283262252807617
68   1.655533790588379
69   1.4400105476379395
70   1.4976537227630615
71   3.118175506591797
72   1.733044147491455
73   1.8312909603118896
74   2.1795706748962402
75   2.541846990585327
76   3.2052290439605713
77   2.21457839012146
78   2.6624152660369873
79   2.102193593978882
80   2.0031092166900635
81   1.9575413465499878
82   1.758913516998291
83   1.626643180847168
84   1.8440592288970947
85   1.5930895805358887
86   2.2310562133789063
87   1.923588752746582
88   1.7681747674942017
89   1.2711936235427856
90   1.2977701425552368
91   1.4822512865066528
92   1.5210621356964111
93   1.2513540983200073
94   2.7573211193084717
95   1.5280466079711914
96   1.6808329820632935
97   1.112399697303772
98   3.031994104385376
99   1.5223485231399536
100   1.8021199703216553
101   1.7819359302520752
102   0.96450275182724
103   1.0959508419036865
104   1.3572546243667603
105   1.4004193544387817
106   0.8610721826553345
107   1.040786623954773
108   1.2273964881896973
109   0.872302770614624
110   2.591951608657837
111   0.9641110301017761
112   1.411911129951477
113   1.2423404455184937
114   0.7580723166465759
115   0.9347069263458252
116   1.958292841911316
117   2.803417444229126
118   1.9449812173843384
119   1.924925446510315
120   2.3079416751861572
121   1.9383740425109863
122   2.25178599357605
123   2.211354970932007
124   2.5707976818084717
125   1.566305160522461
126   2.1913812160491943
127   2.062077522277832
128   1.6301562786102295
129   1.634114146232605
130   2.335052490234375
131   2.611095666885376
132   2.4445667266845703
133   2.1723403930664063
134   2.358283042907715
135   2.508871078491211
136   2.492029905319214
137   2.4501094818115234
138   2.9662749767303467
139   2.529787063598633
140   2.6203935146331787
141   0.9886102676391602
142   1.4598963260650635
143   1.2046782970428467
144   2.1833741664886475
145   1.633663535118103
146   1.6383641958236694
147   1.4839450120925903
148   2.2739672660827637
149   1.9771034717559814
150   2.1319401264190674
151   2.434875249862671
152   1.973630428314209
153   1.430476188659668
154   2.1163933277130127
155   1.3307825326919556
156   2.2052900791168213
157   2.224456548690796
158   2.0411465167999268
159   2.4552552700042725
160   2.5723915100097656
161   1.4996966123580933
162   0.7433617115020752
163   0.982606053352356
164   1.4535245895385742
165   1.8571584224700928
166   1.943131923675537
167   1.8729798793792725
168   2.0790951251983643
169   2.055844306945801
170   1.4290168285369873
171   0.9011095762252808
172   1.7576109170913696
173   1.5568504333496094
174   2.2395262718200684
175   1.3554887771606445
176   1.6786807775497437
177   1.1879204511642456
178   0.9714901447296143
179   1.5425169467926025
180   1.0727287530899048
181   1.0459014177322388
182   1.130940556526184
183   2.5864319801330566
184   1.9572432041168213
185   2.1606674194335938
186   1.8585368394851685
187   1.6387481689453125
188   1.9999991655349731
189   1.8603647947311401
190   1.6867049932479858
191   1.9774961471557617
192   1.342244267463684
193   0.8598179221153259
194   2.855637788772583
195   1.4752172231674194
196   2.1530885696411133
197   2.3096635341644287
198   1.6760916709899902
199   1.9454625844955444
200   2.634427070617676
201   2.212946653366089
202   2.4797024726867676
203   1.0721756219863892
204   1.3279341459274292
205   1.4336559772491455
206   1.718009352684021
207   2.219172716140747
208   1.1570727825164795
1   0.9535611271858215
2   1.4394361972808838
3   1.41441011428833
4   1.332874059677124
5   1.8948018550872803
6   1.0849735736846924
7   1.4551966190338135
8   1.4464985132217407
9   1.20357084274292
10   1.916456937789917
11   1.3263397216796875
12   1.2695947885513306
13   1.7936667203903198
14   1.34209406375885
15   1.5837751626968384
16   1.343911051750183
17   2.072303295135498
18   1.6067832708358765
19   1.856492519378662
20   1.0737406015396118
1   1.5497462749481201
2   1.6123871803283691
3   1.5233874320983887
4   1.3088510036468506
5   1.415144920349121
6   1.6445534229278564
7   1.536903738975525
8   1.4955875873565674
9   1.4056025743484497
10   1.4601383209228516
11   1.2527135610580444
12   1.4569820165634155
13   1.4564101696014404
14   1.4519047737121582
15   1.5842703580856323
16   1.4818934202194214
17   1.551034688949585
18   1.5872230529785156
19   1.4189000129699707
20   1.437494158744812
21   1.4023351669311523
22   1.689584493637085
23   1.6832576990127563
24   1.5942604541778564
25   1.578823447227478
26   1.6138691902160645
27   1.5928183794021606
28   1.7708686590194702
29   1.5858240127563477
30   1.7053184509277344
31   1.468766212463379
32   1.4557607173919678
33   1.797672152519226
34   1.6016050577163696
35   1.4952200651168823
36   1.4034719467163086
37   1.725464940071106
38   1.3100849390029907
39   1.3975523710250854
40   1.3221396207809448
41   1.3345860242843628
42   1.4750239849090576
43   1.5367237329483032
44   1.4164233207702637
45   1.6568604707717896
46   1.4845913648605347
47   1.541921854019165
48   1.5725878477096558
49   1.2266197204589844
50   1.6578487157821655
51   1.4407835006713867
52   1.2269223928451538
53   1.4229952096939087
54   1.6519715785980225
55   1.6433343887329102
56   1.4014604091644287
57   1.5179811716079712
58   1.696655035018921
59   1.6245760917663574
60   1.7858929634094238
61   1.6237465143203735
62   1.4134066104888916
63   1.5621285438537598
64   1.5908743143081665
65   1.3823658227920532
66   1.4346851110458374
67   1.472957730293274
68   1.5254018306732178
69   1.4332019090652466
70   1.3427684307098389
71   1.4271858930587769
72   1.4626222848892212
73   1.5563373565673828
74   1.7474782466888428
75   1.561153769493103
76   1.5629942417144775
77   1.6642439365386963
78   1.7785981893539429
79   1.1999244689941406
80   1.8631173372268677
81   1.7009683847427368
82   1.3199462890625
83   1.3286975622177124
84   1.4570332765579224
85   1.2832103967666626
86   1.462538719177246
87   1.5491054058074951
88   1.7237948179244995
89   1.4233417510986328
90   1.4902734756469727
91   1.61155104637146
92   1.3298602104187012
93   1.353762149810791
94   1.3924360275268555
95   1.4427525997161865
96   1.4705774784088135
97   1.5761810541152954
98   1.4224497079849243
99   1.3480788469314575
100   1.6075763702392578
101   1.571197748184204
102   1.515859603881836
103   1.7020025253295898
104   1.0588351488113403
105   1.4166566133499146
106   1.5397887229919434
107   1.6063504219055176
108   1.417661428451538
109   1.2658230066299438
110   1.2910629510879517
111   1.2307323217391968
112   1.463531255722046
113   1.403220534324646
114   1.445748209953308
115   1.7883726358413696
116   1.4670790433883667
117   1.7204848527908325
118   1.5739786624908447
119   1.535487174987793
120   1.5891101360321045
121   1.708316683769226
122   1.2882368564605713
123   1.5646414756774902
124   1.6956557035446167
125   1.7030977010726929
126   1.652976155281067
127   1.654600977897644
128   1.750181794166565
129   1.5968421697616577
130   1.437520980834961
131   1.340605616569519
132   1.358340859413147
133   1.607833743095398
134   1.3705731630325317
135   1.586557388305664
136   1.3907724618911743
137   2.0663208961486816
138   1.6522146463394165
139   1.4696766138076782
140   1.5675626993179321
141   1.5597079992294312
142   1.6694618463516235
143   1.436745047569275
144   1.6498440504074097
145   1.3437556028366089
146   1.645429015159607
147   1.536415696144104
148   1.2082821130752563
149   1.5849151611328125
150   1.5979148149490356
151   1.3799350261688232
152   1.5174460411071777
153   1.4339083433151245
154   1.5413929224014282
155   1.5959721803665161
156   1.3880797624588013
157   1.3931975364685059
158   1.4120800495147705
159   1.4893546104431152
160   1.4868324995040894
1   1.776390790939331
2   1.5052483081817627
3   1.619293212890625
4   1.827370524406433
5   1.454138159751892
6   1.3885658979415894
7   1.5974860191345215
8   1.518125057220459
9   1.4078481197357178
10   1.6177000999450684
11   1.6002483367919922
12   1.5270330905914307
13   1.8525071144104004
14   1.3759256601333618
15   1.3717453479766846
16   2.0615994930267334
17   1.7368199825286865
18   1.6670587062835693
19   1.8150312900543213
20   1.6967229843139648
21   1.652501106262207
22   1.8042445182800293
23   1.849107265472412
24   1.5196295976638794
25   1.7756919860839844
26   2.1773500442504883
27   1.663376808166504
28   1.6312711238861084
29   1.6893720626831055
30   1.4867867231369019
31   1.41989266872406
32   1.5799256563186646
33   1.7676314115524292
34   1.3164705038070679
35   1.5296329259872437
36   1.6102110147476196
37   1.5061531066894531
38   1.4191243648529053
39   1.382036805152893
40   1.4768749475479126
41   1.7841713428497314
42   1.08570396900177
43   1.3740158081054688
44   1.808047890663147
45   1.4378656148910522
46   1.6629573106765747
47   1.748069405555725
48   1.7337950468063354
49   1.9985195398330688
50   1.6942558288574219
51   2.0774128437042236
52   1.419299602508545
53   1.272287368774414
54   1.6555101871490479
55   2.2010326385498047
56   2.349107027053833
57   1.525649070739746
58   1.8206778764724731
59   1.1854890584945679
60   1.3611027002334595
61   1.6001129150390625
62   2.1200735569000244
63   1.8350186347961426
64   1.8628839254379272
65   1.340795636177063
66   1.0796748399734497
67   1.3643826246261597
68   1.6516987085342407
69   1.9223120212554932
70   1.072603464126587
71   1.247758150100708
72   0.9842476844787598
73   2.5359034538269043
74   1.8458110094070435
75   1.785106897354126
76   1.751717448234558
77   2.0789778232574463
78   2.121285915374756
79   2.653069496154785
80   1.9503304958343506
81   2.003671407699585
82   2.1229512691497803
83   1.8685282468795776
84   2.1682467460632324
85   2.3899457454681396
86   1.6244075298309326
87   1.4228417873382568
88   1.0066725015640259
89   1.9997272491455078
90   2.2472927570343018
91   1.9496378898620605
92   1.2891591787338257
93   2.2575669288635254
94   1.5883381366729736
95   2.102980613708496
96   2.1357667446136475
97   1.441428780555725
98   1.66522216796875
99   1.738657832145691
100   2.116211175918579
101   2.148350238800049
102   1.564906358718872
103   0.9917151927947998
104   1.7041763067245483
105   2.404566526412964
106   1.978767991065979
107   1.918015718460083
108   1.8091198205947876
109   1.7321290969848633
110   1.9823670387268066
111   1.2145071029663086
112   1.8130817413330078
113   1.4639662504196167
114   1.4998513460159302
115   1.3897664546966553
116   1.713262915611267
117   1.2158583402633667
118   1.810957908630371
119   1.6135305166244507
120   1.5803529024124146
121   1.7506355047225952
122   1.8802615404129028
123   1.6172369718551636
124   1.5512757301330566
125   1.1265422105789185
126   1.8451942205429077
127   1.4723238945007324
128   1.456078052520752
129   1.585605263710022
130   1.2824606895446777
131   1.223145604133606
132   1.7196630239486694
133   1.5226234197616577
134   1.496220350265503
135   1.7325547933578491
136   1.2666312456130981
137   1.4415558576583862
138   1.797973871231079
139   1.554797887802124
140   1.464548945426941
141   1.737483024597168
142   1.7153962850570679
143   1.458367109298706
144   1.5022555589675903
145   1.760641098022461
146   1.5969828367233276
147   1.7109559774398804
148   1.2707643508911133
149   1.7528817653656006
150   1.321724772453308
151   1.5264531373977661
152   1.7415987253189087
153   1.9127130508422852
154   1.3835880756378174
155   1.4697784185409546
156   1.316696047782898
157   1.5395551919937134
158   1.6258865594863892
159   1.992504596710205
160   1.5437052249908447
161   1.5487749576568604
162   1.5439811944961548
163   1.651204228401184
164   1.6894783973693848
