0   0.0
1   1.3770520687103271
2   1.5018494129180908
3   1.4613680839538574
4   1.5205519199371338
5   1.3440215587615967
6   1.2397159337997437
7   1.2277140617370605
8   1.2845038175582886
9   1.400511622428894
10   2.198810338973999
11   2.425546407699585
12   2.0587940216064453
13   2.603891134262085
14   3.0705134868621826
15   3.3464295864105225
16   3.369751453399658
17   2.9458701610565186
18   3.393876552581787
19   3.6416234970092773
20   3.8839030265808105
21   3.1124768257141113
22   3.1125285625457764
23   2.713620901107788
24   3.1168949604034424
25   4.031675815582275
26   3.940798044204712
27   3.6169180870056152
28   3.6465299129486084
29   3.718559503555298
30   3.510500192642212
31   3.4755747318267822
32   4.582355499267578
33   3.8871841430664063
34   3.181558609008789
35   4.268777370452881
36   4.317893981933594
37   3.3978772163391113
38   3.7892134189605713
39   4.412991046905518
40   3.533269166946411
41   3.627793550491333
42   3.5350992679595947
43   3.626314878463745
44   3.689678430557251
45   3.8122735023498535
46   3.20308256149292
47   3.0351357460021973
48   4.005856037139893
49   3.090324640274048
50   3.8222262859344482
51   3.9962024688720703
52   3.4883151054382324
53   4.56588888168335
54   4.552713871002197
55   3.248891830444336
56   4.488589763641357
57   3.4459404945373535
58   3.8819515705108643
59   4.147190093994141
60   3.6917073726654053
61   2.921788454055786
62   3.536660671234131
63   4.260711193084717
64   4.811868190765381
65   5.105833530426025
66   3.850320339202881
67   4.375029563903809
68   5.187359809875488
69   3.8374903202056885
70   4.740884780883789
71   4.2462639808654785
72   4.4467597007751465
73   3.3262345790863037
74   3.7387688159942627
75   3.8176708221435547
76   4.733776569366455
77   2.9514622688293457
78   3.62408185005188
79   3.484490156173706
80   4.806244850158691
81   3.6394596099853516
82   5.645650386810303
83   4.003259181976318
84   4.418161392211914
85   3.8833489418029785
86   4.046507358551025
87   6.137598991394043
88   3.880157947540283
89   5.105525493621826
90   6.141461372375488
91   5.067718982696533
92   4.654125690460205
93   4.726812362670898
94   3.264740228652954
95   3.5244264602661133
96   3.6204278469085693
97   3.540656328201294
98   3.455900192260742
99   3.6558454036712646
100   4.8811163902282715
101   4.066257953643799
102   3.422884464263916
103   4.1940107345581055
104   4.178826332092285
105   3.643059492111206
106   5.143666744232178
107   4.965673446655273
108   3.8012380599975586
109   3.7707388401031494
110   3.8981871604919434
111   3.8432605266571045
112   3.895019769668579
113   4.044397354125977
114   3.927199125289917
115   4.3408708572387695
116   4.147797584533691
117   4.401256561279297
118   4.749146938323975
119   5.4557576179504395
120   3.5750176906585693
121   4.750024795532227
122   5.141547203063965
123   5.060888767242432
124   5.292261123657227
125   3.5119946002960205
126   4.040834903717041
127   5.232211589813232
128   4.388729095458984
129   4.5603156089782715
130   3.8143694400787354
131   3.4950435161590576
132   3.5159354209899902
133   3.1598575115203857
134   3.5510270595550537
135   4.581149101257324
136   3.7876758575439453
137   4.535902500152588
138   4.2231221199035645
139   3.363811492919922
140   4.8074846267700195
141   3.7261393070220947
142   4.330908298492432
143   4.048156261444092
144   2.800567865371704
145   3.6291656494140625
146   5.881214618682861
147   4.82120418548584
148   4.661933422088623
149   4.111787796020508
150   4.516719341278076
151   4.1378021240234375
152   4.635259628295898
153   5.264162063598633
154   4.367226600646973
155   4.98397159576416
156   3.7422547340393066
157   4.360171794891357
158   4.60804557800293
159   4.257051467895508
160   3.8230483531951904
161   4.210877418518066
162   3.5228655338287354
163   5.513230800628662
164   4.314084529876709
165   3.8568975925445557
166   3.0404293537139893
167   3.279433012008667
168   3.139523983001709
169   4.782149314880371
170   3.1701979637145996
171   3.71488618850708
172   4.308152675628662
173   3.5600528717041016
174   3.7429773807525635
175   4.5060529708862305
176   4.151634216308594
177   4.02462911605835
178   4.3579630851745605
179   3.9401116371154785
180   4.88335657119751
181   4.336953639984131
182   4.465621471405029
183   4.572326183319092
184   4.185272216796875
185   4.480034828186035
186   6.878809452056885
187   5.758617401123047
188   4.714982509613037
189   5.609340667724609
190   4.676205635070801
191   3.907438039779663
192   5.274285793304443
193   5.7538065910339355
194   5.324384689331055
195   5.002355575561523
196   5.288437366485596
197   5.387812614440918
198   4.508066654205322
199   4.287436008453369
200   3.728487253189087
201   3.4911019802093506
202   4.52297830581665
203   6.218301773071289
204   5.962958335876465
205   2.2689130306243896
206   4.267815113067627
207   4.007177352905273
208   3.423532247543335
209   4.088993072509766
210   3.9211089611053467
211   4.436328411102295
212   3.6819844245910645
213   4.75420618057251
