0   0.0
1   2.4119644165039063
2   2.259561061859131
3   1.9388155937194824
4   1.8044848442077637
5   2.208721160888672
6   1.9435248374938965
7   2.0972461700439453
8   1.9575036764144897
9   2.1611926555633545
10   2.8470985889434814
11   3.1590778827667236
12   3.2712254524230957
13   4.2536163330078125
14   4.82205057144165
15   5.053103923797607
16   3.730288505554199
17   3.0515658855438232
18   3.713392496109009
19   3.8193604946136475
20   3.085974931716919
21   4.576122760772705
22   4.489981174468994
23   5.284574508666992
24   4.0723443031311035
25   4.342375755310059
26   4.5458664894104
27   4.471004009246826
28   4.267880916595459
29   3.865649461746216
30   4.246524810791016
31   2.8282556533813477
32   4.994384288787842
33   4.106686592102051
34   3.6372199058532715
35   5.474006652832031
36   5.222811698913574
37   4.879855632781982
38   3.8506102561950684
39   6.128021240234375
40   5.6822614669799805
41   4.292196750640869
42   6.064492225646973
43   5.518749713897705
44   3.965109348297119
45   3.7869131565093994
46   4.438144683837891
47   3.695692777633667
48   4.1410298347473145
49   4.104377269744873
50   4.200509071350098
51   5.196573257446289
52   4.920269966125488
53   4.157133102416992
54   4.227645397186279
55   3.622591972351074
56   3.8252720832824707
57   3.2401845455169678
58   3.924025058746338
59   4.904475212097168
60   4.78101110458374
61   3.9030299186706543
62   5.588893413543701
63   5.406022548675537
64   3.729713201522827
65   4.208813667297363
66   4.132362365722656
67   4.528635025024414
68   3.997159481048584
69   3.5464675426483154
70   4.206270694732666
71   4.529987812042236
72   3.7155344486236572
73   4.278331756591797
74   3.654874801635742
75   4.128188133239746
76   4.459634780883789
77   3.8025968074798584
78   5.206236362457275
79   3.955096960067749
80   4.503983497619629
81   4.572185039520264
82   4.430739879608154
83   4.665966033935547
84   5.210951805114746
85   4.606446743011475
86   3.2633726596832275
87   3.763866662979126
88   4.193918228149414
89   4.128402233123779
90   4.439794540405273
91   4.673366069793701
92   4.386863708496094
93   4.524515628814697
94   3.967646360397339
95   3.354121685028076
96   2.905034065246582
97   3.7637648582458496
98   3.366079568862915
99   3.529433012008667
100   4.278250217437744
101   4.322030544281006
102   4.722365379333496
103   4.2552690505981445
104   4.360784530639648
105   4.011733531951904
106   4.117286205291748
107   3.7305686473846436
108   4.819253444671631
109   5.365433216094971
110   5.79331636428833
111   6.305377960205078
112   3.831404685974121
113   4.193676948547363
114   5.384108543395996
115   5.421575546264648
116   4.99977970123291
117   6.789379596710205
118   6.028594017028809
119   6.851393222808838
120   6.636504173278809
121   6.6041579246521
122   6.697141647338867
123   6.285926818847656
124   6.8550496101379395
125   5.542171001434326
126   5.060727596282959
127   6.465758800506592
128   5.59203577041626
129   4.858705520629883
130   4.867978096008301
131   5.827574729919434
132   5.065940856933594
133   4.93499755859375
134   5.454893589019775
135   5.091024875640869
136   5.329931259155273
137   5.062024116516113
138   4.523062705993652
139   5.024951934814453
140   5.227259159088135
141   5.304049491882324
142   4.940132141113281
143   4.2065253257751465
144   3.703810453414917
145   4.331371784210205
146   4.596334934234619
147   4.202141284942627
148   5.452712535858154
149   3.705857038497925
150   4.995522975921631
151   5.63670539855957
152   6.685615539550781
153   5.938662052154541
154   5.176805019378662
155   5.156281471252441
156   5.941894054412842
157   5.966825008392334
158   4.39931583404541
159   6.106834888458252
160   6.47176456451416
161   5.245744705200195
162   6.243847370147705
163   5.595821857452393
164   5.141883373260498
165   4.391205310821533
166   4.853257656097412
167   4.85668420791626
168   4.964365005493164
169   5.428525924682617
170   5.834694862365723
171   4.85214376449585
172   4.97447395324707
173   4.575282573699951
174   5.45616340637207
175   4.516427993774414
176   5.520129680633545
177   3.4649946689605713
178   4.708879470825195
179   4.560441017150879
180   4.613024711608887
181   5.889498233795166
182   5.698732852935791
183   5.711538314819336
184   5.382693767547607
185   5.346098899841309
186   4.730999946594238
187   5.203731060028076
188   6.3962836265563965
189   6.419559478759766
190   5.795326232910156
191   6.200128078460693
192   5.246891975402832
193   6.170827865600586
194   6.854892730712891
195   4.720432281494141
196   6.490031719207764
197   5.663372039794922
198   4.881641387939453
199   5.155366897583008
200   5.681828022003174
201   5.847146511077881
202   6.086160182952881
203   6.540343284606934
204   5.831417560577393
205   3.697690725326538
206   4.585719585418701
207   5.046008110046387
208   5.178043365478516
209   4.335877895355225
210   5.8716607093811035
211   5.1010661125183105
212   4.930001258850098
213   5.236086845397949
