0   0.0
1   0.18399851024150848
2   0.18044409155845642
3   0.1819448173046112
4   0.1825251579284668
5   0.18991537392139435
6   0.1951172649860382
7   0.19453631341457367
8   0.19673097133636475
9   0.23666703701019287
10   0.28311070799827576
11   0.4107668697834015
12   0.4464036226272583
13   1.0953009128570557
14   1.7319648265838623
15   1.7870097160339355
16   2.0419423580169678
17   2.0208208560943604
18   1.7754689455032349
19   1.6580551862716675
20   2.2468526363372803
21   1.6382083892822266
22   1.9396306276321411
23   1.6253705024719238
24   2.5549376010894775
25   1.9932794570922852
26   2.125657558441162
27   2.078672170639038
28   1.8874961137771606
29   1.7040938138961792
30   1.7183445692062378
31   1.8047865629196167
32   1.8737623691558838
33   2.1119771003723145
34   1.6141719818115234
35   2.393643617630005
36   1.8450721502304077
37   1.632010817527771
38   2.0197408199310303
39   1.914534330368042
40   1.9423940181732178
41   1.872706651687622
42   1.6122727394104004
43   1.7061619758605957
44   2.4094345569610596
45   2.3014883995056152
46   1.9932113885879517
47   2.5431597232818604
48   1.6814525127410889
49   2.2140417098999023
50   2.147803783416748
51   1.7807759046554565
52   2.4042744636535645
53   2.1199228763580322
54   1.9721848964691162
55   2.2738194465637207
56   2.3191962242126465
57   2.36175799369812
58   2.0829858779907227
59   1.968320608139038
60   1.5320088863372803
61   1.9942543506622314
62   1.5640431642532349
63   1.7118772268295288
64   2.0779216289520264
65   1.7120305299758911
66   1.7228583097457886
67   1.7491796016693115
68   2.214527130126953
69   1.9255422353744507
70   1.8229997158050537
71   2.1540679931640625
72   1.7182040214538574
73   1.5806142091751099
74   1.664131760597229
75   2.316993474960327
76   1.6965008974075317
77   1.7118054628372192
78   1.5763554573059082
79   1.92324697971344
80   2.0129940509796143
81   1.8041863441467285
82   2.4351658821105957
83   1.5757501125335693
84   1.7158881425857544
85   1.7038484811782837
86   1.9858342409133911
87   2.3145532608032227
88   1.8534742593765259
89   2.3327760696411133
90   2.1766445636749268
91   2.1195414066314697
92   1.7824350595474243
93   1.7731719017028809
94   2.3879361152648926
95   2.1411349773406982
96   2.211516857147217
97   2.3423445224761963
98   1.6388063430786133
99   1.9260265827178955
100   1.9723153114318848
101   1.989106297492981
102   2.1261141300201416
103   2.081615686416626
104   1.5985652208328247
105   1.9269503355026245
106   1.8582346439361572
107   2.02186918258667
108   1.59209144115448
109   1.5240283012390137
110   1.9598677158355713
111   1.8911375999450684
112   1.7286767959594727
113   1.8170608282089233
114   1.957345724105835
115   1.8467321395874023
116   1.7838420867919922
117   1.9426614046096802
118   2.2053382396698
119   1.9955787658691406
120   2.0710339546203613
121   1.7719208002090454
122   1.8435468673706055
123   1.64079749584198
124   2.11132550239563
125   1.8210780620574951
126   1.6065179109573364
127   2.0234477519989014
128   1.5494418144226074
129   1.6602193117141724
130   1.6536651849746704
131   1.6557519435882568
132   1.812514066696167
133   1.5645774602890015
134   1.9355634450912476
135   1.8503270149230957
136   2.013521432876587
137   1.660844326019287
138   1.602632999420166
139   1.3802822828292847
140   1.7203049659729004
141   1.5582644939422607
142   1.9863673448562622
143   1.797921061515808
144   1.7000576257705688
145   1.8048087358474731
146   2.078347682952881
147   1.789820909500122
148   2.3198978900909424
149   1.5673242807388306
150   1.8379720449447632
151   1.9062674045562744
152   1.9285838603973389
153   2.000253677368164
154   1.9622423648834229
155   2.1813552379608154
156   1.786428689956665
157   1.9128730297088623
158   1.9155806303024292
159   1.70159912109375
160   2.3155367374420166
161   1.788030982017517
162   1.515291452407837
163   2.1561129093170166
164   1.8963454961776733
165   1.4534833431243896
166   1.2875884771347046
167   1.5143330097198486
168   1.6196454763412476
169   1.6951426267623901
170   1.8297114372253418
171   1.3796309232711792
172   1.6318250894546509
173   1.3209354877471924
174   1.6658985614776611
175   1.688762903213501
176   1.8230485916137695
177   1.5352160930633545
178   1.5211763381958008
179   1.4655135869979858
180   1.5254892110824585
181   1.9528769254684448
182   1.6808104515075684
183   1.8389066457748413
184   1.7104796171188354
185   1.6281156539916992
186   1.7251591682434082
187   1.6359728574752808
188   1.9399439096450806
189   1.743869423866272
190   1.9380543231964111
191   1.5744762420654297
192   1.6612298488616943
193   1.8758106231689453
194   1.8100847005844116
195   1.9092884063720703
196   2.1768720149993896
197   1.7478930950164795
198   2.2909321784973145
199   1.6444987058639526
200   1.6199783086776733
201   1.8683600425720215
202   1.7554413080215454
203   2.0497419834136963
204   1.5945419073104858
205   1.6958249807357788
206   1.7912073135375977
207   1.6975001096725464
208   1.4156838655471802
209   2.029209613800049
210   1.7450342178344727
211   1.9158796072006226
212   1.5226426124572754
213   1.6641868352890015
