1   1.6453361511230469
2   1.5293327569961548
3   1.6097146272659302
4   1.77449631690979
5   1.8068901300430298
6   1.6056976318359375
7   1.7811177968978882
8   1.4193737506866455
9   1.9786940813064575
10   1.649958848953247
11   1.7766708135604858
12   1.8582429885864258
13   1.6741077899932861
14   1.6328747272491455
15   1.7383859157562256
16   1.7305458784103394
17   1.7713837623596191
18   1.5350894927978516
19   2.006803035736084
20   1.7216639518737793
21   1.7606197595596313
22   1.698125958442688
23   1.905959963798523
24   1.865454077720642
25   1.5816006660461426
26   1.8343865871429443
27   1.9218635559082031
28   1.7662900686264038
29   1.7250028848648071
30   1.9538624286651611
31   1.740499496459961
32   1.614561915397644
33   1.7041726112365723
34   1.8021724224090576
35   1.6382660865783691
36   1.6808584928512573
37   1.6108477115631104
38   2.2201461791992188
39   1.7993000745773315
40   1.404117226600647
41   2.013957977294922
42   1.9612785577774048
43   2.109994649887085
44   1.6458178758621216
45   1.9173415899276733
46   1.702026128768921
47   1.5430610179901123
48   1.6637704372406006
49   1.7580804824829102
50   1.8406256437301636
51   1.7990726232528687
52   1.4671558141708374
53   1.8471885919570923
54   1.7101486921310425
55   1.8333251476287842
56   1.976466417312622
57   1.8869268894195557
58   1.9814060926437378
59   1.7180782556533813
60   1.8583441972732544
61   1.864417552947998
62   1.9784151315689087
63   1.6256818771362305
64   1.75212562084198
65   1.914722204208374
66   1.843101143836975
67   1.660908579826355
68   1.8428581953048706
69   1.9883607625961304
70   1.9392409324645996
71   1.882655382156372
72   1.8582618236541748
73   1.7844719886779785
74   1.9015017747879028
75   1.9428397417068481
76   1.6065481901168823
77   1.7862290143966675
78   1.7677099704742432
79   1.7603989839553833
80   1.8133145570755005
81   1.634810209274292
82   1.6882492303848267
83   1.692793607711792
84   2.071528911590576
85   1.6328370571136475
86   2.0674386024475098
87   1.611281394958496
88   1.681654453277588
89   1.6867510080337524
90   1.883172869682312
91   1.7223459482192993
92   1.8427660465240479
93   1.8531237840652466
94   1.841041922569275
95   1.6628142595291138
96   1.7795037031173706
97   1.6487128734588623
98   1.6857693195343018
99   1.7981674671173096
100   1.661280870437622
101   1.7808153629302979
102   1.7550432682037354
103   1.7777010202407837
104   1.6965293884277344
105   1.6718169450759888
106   1.726857304573059
107   1.779214859008789
108   1.5069518089294434
109   1.653498649597168
110   1.737593173980713
111   1.7383676767349243
112   1.5455269813537598
113   1.754713535308838
114   1.8058140277862549
115   1.967039704322815
116   1.8674330711364746
117   1.7055389881134033
118   1.7608730792999268
119   1.8282376527786255
120   1.9840354919433594
121   1.6425421237945557
122   1.7273986339569092
123   1.907692790031433
124   1.678205132484436
125   1.8036856651306152
126   1.7027323246002197
127   1.560884952545166
128   1.8595736026763916
129   1.7124378681182861
130   1.9979791641235352
131   1.9625258445739746
132   1.645872950553894
133   1.8349719047546387
134   1.7294691801071167
135   1.6393086910247803
136   1.5793570280075073
137   1.7541800737380981
138   1.8647316694259644
139   1.9068535566329956
140   1.8403923511505127
141   2.022883653640747
142   1.8031270503997803
143   1.753614068031311
144   1.6138916015625
145   1.413104772567749
146   1.7528045177459717
147   1.9151244163513184
148   2.0322701930999756
149   1.7098265886306763
150   1.8335217237472534
151   1.7314770221710205
152   1.4804277420043945
153   1.7191672325134277
154   1.899339199066162
155   1.6766908168792725
156   1.6600309610366821
157   1.756640911102295
158   1.588534951210022
159   1.6774710416793823
160   1.78987717628479
