1   5.960484027862549
2   5.980012893676758
3   5.420483112335205
4   4.468405246734619
5   4.657532691955566
6   4.961095809936523
7   4.680042743682861
8   5.616635799407959
9   4.990747451782227
10   5.311636924743652
11   4.967565059661865
12   5.226987361907959
13   6.386240482330322
14   5.050190448760986
15   5.0589799880981445
16   4.681751251220703
17   4.611196994781494
18   5.277370452880859
19   5.0351152420043945
20   5.056239604949951
21   4.49610710144043
22   6.971829414367676
23   6.062798500061035
24   6.43693208694458
25   4.648678779602051
26   4.523828029632568
27   6.397782802581787
28   5.249931812286377
29   5.442864894866943
30   5.232645034790039
31   6.273603916168213
32   5.173437118530273
33   5.2890625
34   6.383020877838135
35   5.263504981994629
36   5.858282566070557
37   5.2266011238098145
38   6.321944236755371
39   5.193356513977051
40   6.121667861938477
41   5.228220462799072
42   4.917411804199219
43   5.333090305328369
44   4.880586624145508
45   6.077279567718506
46   5.519964218139648
47   4.986024856567383
48   4.895028114318848
49   4.667798042297363
50   4.760445594787598
51   5.043791770935059
52   5.8712992668151855
53   4.998483657836914
54   4.863412857055664
55   5.2078423500061035
56   5.1777167320251465
57   5.161779403686523
58   5.954631328582764
59   5.396759033203125
60   4.720986843109131
61   5.573971748352051
62   4.903861045837402
63   5.614451885223389
64   4.7033538818359375
65   4.612145900726318
66   5.675200462341309
67   5.718531131744385
68   5.2846760749816895
69   4.418981552124023
70   5.25217866897583
71   5.501189708709717
72   4.575154781341553
73   4.725061893463135
74   4.704553127288818
75   5.95395565032959
76   5.686356544494629
77   6.668331146240234
78   6.615281581878662
79   5.542221546173096
80   6.642775058746338
81   4.570239067077637
82   5.142747402191162
83   4.686219692230225
84   5.528287410736084
85   5.752809047698975
86   4.786228179931641
87   6.84818696975708
88   6.752799034118652
89   6.332046985626221
90   6.672386646270752
91   6.282991409301758
92   5.799367904663086
93   5.947568416595459
94   5.949775218963623
95   4.315258979797363
96   4.4355316162109375
97   4.559403896331787
98   4.443451881408691
99   5.014341354370117
100   5.194812297821045
101   4.873289585113525
102   3.9726624488830566
103   4.4740447998046875
104   3.308436870574951
105   4.691492080688477
106   4.278120517730713
107   4.525246620178223
108   4.203283786773682
109   4.540356159210205
110   4.176830291748047
111   4.814988613128662
112   5.100678443908691
113   4.535277843475342
114   3.8347437381744385
115   3.6371281147003174
116   3.237710475921631
117   4.356409549713135
118   4.40215539932251
119   5.302741050720215
120   4.878886699676514
121   5.645700931549072
122   5.880178451538086
123   5.3726420402526855
124   5.039505481719971
125   4.99463415145874
126   4.0496954917907715
127   5.51609992980957
128   5.168931007385254
129   4.550198554992676
130   4.186179161071777
131   4.205357551574707
132   4.910600662231445
133   4.752113342285156
134   4.350554466247559
135   5.135132789611816
136   5.730413436889648
137   5.732946872711182
138   4.67744255065918
139   5.071483612060547
140   5.361945629119873
141   5.765871524810791
142   5.600901126861572
143   4.963375091552734
144   5.100289821624756
145   4.393623352050781
146   5.459989547729492
147   5.2442426681518555
148   4.850772380828857
149   4.700543403625488
150   4.012033462524414
151   4.92769193649292
152   5.916877269744873
153   5.531083106994629
154   4.815686225891113
155   4.523033142089844
156   4.740531921386719
157   5.394815444946289
158   4.989177703857422
159   5.460178375244141
160   5.4591145515441895
