1   5.778482913970947
2   4.228729248046875
3   5.777715682983398
4   4.27606725692749
5   4.556224346160889
6   3.48781681060791
7   4.065553665161133
8   4.061350345611572
9   3.8168842792510986
10   4.597376346588135
11   3.8232510089874268
12   3.7986299991607666
13   3.8816421031951904
14   3.657210111618042
15   3.053502082824707
16   4.7377705574035645
17   3.853379249572754
18   4.722249507904053
19   3.483370065689087
20   3.8506081104278564
21   4.083642959594727
22   5.986020088195801
23   4.653774738311768
24   4.6602702140808105
25   4.405693531036377
26   4.244121074676514
27   5.052212715148926
28   4.530802249908447
29   4.330093860626221
30   4.571720123291016
31   3.625969886779785
32   4.206831932067871
33   4.516207218170166
34   3.9720797538757324
35   4.948339939117432
36   3.957528591156006
37   4.398982048034668
38   4.162234306335449
39   5.1271820068359375
40   4.162839412689209
41   4.41884708404541
42   4.480922698974609
43   5.220217704772949
44   5.139585971832275
45   4.333590507507324
46   3.795833110809326
47   4.272668361663818
48   3.9777939319610596
49   4.079059600830078
50   4.376801490783691
51   4.194967269897461
52   4.252640724182129
53   4.037464618682861
54   3.8129770755767822
55   5.335546493530273
56   3.6991450786590576
57   4.987035751342773
58   4.402221202850342
59   4.199141025543213
60   4.2106547355651855
61   4.406908988952637
62   5.173768520355225
63   6.343732833862305
64   6.05972146987915
65   5.8378753662109375
66   6.0802507400512695
67   6.0503621101379395
68   6.658976078033447
69   5.989645004272461
70   6.346789836883545
71   5.220398902893066
72   3.6702160835266113
73   4.130399703979492
74   3.678154230117798
75   4.775925636291504
76   5.911042213439941
77   4.541354179382324
78   5.170446872711182
79   4.492319107055664
80   4.086908340454102
81   4.312987804412842
82   4.924365520477295
83   4.047359466552734
84   4.140835285186768
85   5.774155139923096
86   5.6090545654296875
87   6.002538681030273
88   6.182231903076172
89   4.068715572357178
90   5.016594409942627
91   4.399145603179932
92   4.913626194000244
93   4.619134426116943
94   6.177338123321533
95   4.162182331085205
96   5.28127908706665
97   6.29901123046875
98   5.775229454040527
99   4.696157932281494
100   4.873872756958008
101   4.2997026443481445
102   4.341099262237549
103   3.690288782119751
104   4.075342178344727
105   4.489284515380859
106   4.139434337615967
107   4.6758952140808105
108   5.320188999176025
109   4.964107036590576
110   5.001608371734619
111   5.043660640716553
112   4.681972026824951
113   4.305167198181152
114   2.737119197845459
115   3.0402653217315674
116   3.662780523300171
117   4.11942195892334
118   4.142889022827148
119   5.549052715301514
120   4.266425132751465
121   4.2451910972595215
122   4.621038913726807
123   3.9802935123443604
124   4.3788981437683105
125   3.9330861568450928
126   4.911972522735596
127   4.820862293243408
128   4.823968887329102
129   3.9400177001953125
130   4.51881742477417
131   4.480387210845947
132   4.627809524536133
133   4.9378886222839355
134   4.169260025024414
135   5.807666778564453
136   5.137723445892334
137   4.417270183563232
138   3.896601915359497
139   4.400625705718994
140   4.879263401031494
141   5.238306522369385
142   5.9484663009643555
143   4.262177467346191
144   4.44960880279541
145   3.919203042984009
146   4.594233989715576
147   3.3797106742858887
148   3.233029842376709
149   4.228305816650391
150   3.4425647258758545
151   4.136484146118164
152   5.326610088348389
153   5.48176908493042
154   6.2482757568359375
155   5.8952956199646
156   5.698949337005615
157   3.8137571811676025
158   5.088949203491211
159   3.56406831741333
160   3.86505126953125
