1   1.9795552492141724
2   1.5538769960403442
3   1.8091692924499512
4   1.5514649152755737
5   1.6625999212265015
6   1.6326451301574707
7   1.691488265991211
8   1.5713363885879517
9   1.779778003692627
10   1.9263954162597656
11   1.3721356391906738
12   1.832085132598877
13   1.9087684154510498
14   1.4757472276687622
15   1.4082952737808228
16   1.564393401145935
17   1.7151503562927246
18   1.9153739213943481
19   1.915797233581543
20   1.6695225238800049
21   1.5087645053863525
22   1.8750622272491455
23   1.526199221611023
24   1.4997055530548096
25   1.539520502090454
26   1.5650678873062134
27   1.8358774185180664
28   1.8744696378707886
29   1.4321821928024292
30   1.5850468873977661
31   1.4971275329589844
32   1.4854265451431274
33   1.743479609489441
34   1.794877290725708
35   2.034148931503296
36   1.6873120069503784
37   1.6039886474609375
38   1.6108099222183228
39   1.5010411739349365
40   1.8407113552093506
41   1.6137545108795166
42   1.422914981842041
43   1.6587164402008057
44   1.5260045528411865
45   1.8500720262527466
46   1.8327291011810303
47   1.5645204782485962
48   1.6955883502960205
49   2.1478326320648193
50   1.9542176723480225
51   1.4271190166473389
52   1.9728198051452637
53   1.6105438470840454
54   1.8036302328109741
55   1.7181053161621094
56   1.5059497356414795
57   1.9131697416305542
58   2.0180153846740723
59   1.9085094928741455
60   1.6542065143585205
61   1.3638705015182495
62   2.001852512359619
63   2.1271250247955322
64   1.7558361291885376
65   1.5412758588790894
66   1.6940081119537354
67   1.8187859058380127
68   1.737157940864563
69   1.8800791501998901
70   2.059514284133911
71   2.0951924324035645
72   1.2537586688995361
73   1.587864637374878
74   1.5072801113128662
75   1.8951246738433838
76   2.085461139678955
77   1.83295476436615
78   1.608279824256897
79   1.7130279541015625
80   1.652958631515503
81   1.6532074213027954
82   2.0081710815429688
83   1.8626972436904907
84   2.0856738090515137
85   2.0984396934509277
86   1.6651593446731567
87   1.8299471139907837
88   1.8383395671844482
89   1.6514394283294678
90   1.8899505138397217
91   1.6056464910507202
92   1.8956233263015747
93   2.076192855834961
94   1.8607393503189087
95   1.7953840494155884
96   2.145272970199585
97   2.025872230529785
98   2.5848283767700195
99   1.8347147703170776
100   1.6911439895629883
101   1.8158875703811646
102   2.121795654296875
103   1.727721929550171
104   1.3403066396713257
105   2.0710525512695313
106   1.994918942451477
107   1.8621323108673096
108   1.7540454864501953
109   1.6195703744888306
110   1.727156400680542
111   1.7843034267425537
112   2.1508164405822754
113   1.7265427112579346
114   2.218905448913574
115   2.297133207321167
116   1.60714852809906
117   1.6208690404891968
118   2.0102126598358154
119   1.9499256610870361
120   1.8215174674987793
121   1.8578741550445557
122   1.9227941036224365
123   1.7748239040374756
124   1.6180174350738525
125   1.4988293647766113
126   1.886256217956543
127   1.8594458103179932
128   1.4930135011672974
129   1.7007142305374146
130   1.8435336351394653
131   1.9077386856079102
132   1.6524449586868286
133   1.798724889755249
134   1.5540907382965088
135   1.9719297885894775
136   1.6799064874649048
137   1.8555819988250732
138   1.6643773317337036
139   1.3851327896118164
140   1.5737040042877197
141   1.723176121711731
142   1.8726279735565186
143   1.6995841264724731
144   1.4532124996185303
145   1.6410092115402222
146   1.5900980234146118
147   1.5989607572555542
148   1.5530085563659668
149   1.635054349899292
150   1.4727140665054321
151   1.813272476196289
152   2.054304361343384
153   1.73378586769104
154   1.7916585206985474
155   1.7289897203445435
156   1.633018136024475
157   1.4847170114517212
158   1.7778244018554688
159   1.4662641286849976
160   1.6083853244781494
