1   1.8185468912124634
2   1.4079402685165405
3   1.8272432088851929
4   1.4802438020706177
5   1.5378987789154053
6   1.5152149200439453
7   1.6525007486343384
8   1.4393315315246582
9   1.7194842100143433
10   1.8719345331192017
11   1.2070069313049316
12   1.7651938199996948
13   1.7232955694198608
14   1.405093789100647
15   1.4127256870269775
16   1.4428242444992065
17   1.6793261766433716
18   1.7584631443023682
19   1.7728708982467651
20   1.5371651649475098
21   1.448398470878601
22   1.8203716278076172
23   1.4115232229232788
24   1.374631643295288
25   1.4288907051086426
26   1.4977654218673706
27   1.713118314743042
28   1.7762335538864136
29   1.3879733085632324
30   1.4959290027618408
31   1.3956172466278076
32   1.447389006614685
33   1.6082472801208496
34   1.663802981376648
35   1.9704766273498535
36   1.528168797492981
37   1.5073063373565674
38   1.5333434343338013
39   1.4761987924575806
40   1.6753897666931152
41   1.5130609273910522
42   1.3179901838302612
43   1.522320032119751
44   1.4779119491577148
45   1.7581591606140137
46   1.6964154243469238
47   1.4308522939682007
48   1.5556330680847168
49   2.0312154293060303
50   1.8346294164657593
51   1.4143115282058716
52   1.8968822956085205
53   1.5168105363845825
54   1.8055309057235718
55   1.5983279943466187
56   1.4309070110321045
57   1.745726466178894
58   1.7847198247909546
59   1.8870106935501099
60   1.6583040952682495
61   1.4391570091247559
62   2.0955007076263428
63   2.0621275901794434
64   1.8686851263046265
65   1.7446315288543701
66   1.7709819078445435
67   1.8731979131698608
68   1.9614109992980957
69   2.000627279281616
70   2.1156303882598877
71   2.0440773963928223
72   1.3236472606658936
73   1.7157357931137085
74   1.629848599433899
75   1.8780145645141602
76   2.0125157833099365
77   1.8629591464996338
78   1.5790152549743652
79   1.8086135387420654
80   1.6574633121490479
81   1.761022686958313
82   2.0314176082611084
83   1.7995909452438354
84   1.9276678562164307
85   2.0909361839294434
86   1.797774076461792
87   1.9671944379806519
88   1.9579359292984009
89   1.6178489923477173
90   1.7532603740692139
91   1.591204047203064
92   1.8604296445846558
93   2.1600828170776367
94   1.8981772661209106
95   1.7002977132797241
96   2.096895694732666
97   2.0948081016540527
98   2.4519283771514893
99   1.754464030265808
100   1.628519058227539
101   1.759165644645691
102   1.9988373517990112
103   1.63142991065979
104   1.2952046394348145
105   1.9798717498779297
106   1.8998603820800781
107   1.802098035812378
108   1.688928246498108
109   1.5432666540145874
110   1.673885703086853
111   1.6793063879013062
112   1.951738953590393
113   1.6606296300888062
114   2.0632736682891846
115   2.171217203140259
116   1.531753659248352
117   1.5744746923446655
118   1.8870060443878174
119   1.875960350036621
120   1.7699403762817383
121   1.6754505634307861
122   1.7933125495910645
123   1.651867389678955
124   1.6279164552688599
125   1.4981262683868408
126   1.848833441734314
127   1.8975465297698975
128   1.496484398841858
129   1.6398178339004517
130   1.8610905408859253
131   1.8204715251922607
132   1.590897560119629
133   1.697784185409546
134   1.5167198181152344
135   1.893891453742981
136   1.7300465106964111
137   1.8207736015319824
138   1.6789934635162354
139   1.410593032836914
140   1.6622731685638428
141   1.7785420417785645
142   1.8546546697616577
143   1.788036584854126
144   1.4081182479858398
145   1.470786690711975
146   1.690089464187622
147   1.569119930267334
148   1.5723873376846313
149   1.5598700046539307
150   1.5322158336639404
151   1.8446749448776245
152   2.0214061737060547
153   1.7794893980026245
154   1.9365202188491821
155   1.7043921947479248
156   1.7108641862869263
157   1.5329042673110962
158   1.7158616781234741
159   1.5258362293243408
160   1.5871073007583618
