1   1.4589507579803467
2   1.594163179397583
3   1.8958932161331177
4   1.7669730186462402
5   1.6379852294921875
6   1.5520117282867432
7   1.7838850021362305
8   1.7075148820877075
9   1.6450833082199097
10   1.6617238521575928
11   1.7537957429885864
12   1.6555651426315308
13   1.5734913349151611
14   1.603803038597107
15   1.8579888343811035
16   1.563198208808899
17   1.752555012702942
18   1.8214690685272217
19   1.703131079673767
20   1.610538125038147
21   1.841976284980774
22   1.9699879884719849
23   1.550758957862854
24   1.8617331981658936
25   1.7187018394470215
26   1.4471439123153687
27   1.6905288696289063
28   1.865308165550232
29   1.5891315937042236
30   1.6638282537460327
31   1.7210818529129028
32   1.7638245820999146
33   1.4188683032989502
34   1.644624948501587
35   1.6752359867095947
36   1.650912880897522
37   1.7358102798461914
38   1.4578511714935303
39   2.039022207260132
40   1.9241822957992554
41   1.5936965942382813
42   1.6218838691711426
43   1.7372387647628784
44   1.3498362302780151
45   1.407321572303772
46   1.6485427618026733
47   1.413719892501831
48   1.3885257244110107
49   1.7541961669921875
50   1.810578465461731
51   1.469822645187378
52   1.712334156036377
53   1.62842857837677
54   1.8650068044662476
55   1.7067118883132935
56   1.669642686843872
57   1.2249425649642944
58   1.622257947921753
59   1.9190609455108643
60   1.7971996068954468
61   1.6973090171813965
62   1.7708196640014648
63   1.70158052444458
64   1.5827991962432861
65   1.7393252849578857
66   1.7139919996261597
67   2.1090312004089355
68   2.1238622665405273
69   1.8591798543930054
70   1.4445654153823853
71   1.4834059476852417
72   1.7642369270324707
73   1.2990528345108032
74   1.9208290576934814
75   1.9734265804290771
76   1.8288880586624146
77   1.5871095657348633
78   1.4611436128616333
79   1.3671183586120605
80   2.134470224380493
81   1.2390758991241455
82   1.7122024297714233
83   1.4735313653945923
84   1.8911064863204956
85   2.1299214363098145
86   1.3176813125610352
87   1.7866427898406982
88   1.703587532043457
89   2.539975881576538
90   1.683863639831543
91   1.3760265111923218
92   1.46266508102417
93   1.456505537033081
94   1.4233875274658203
95   1.69081449508667
96   1.5479933023452759
97   1.4912503957748413
98   1.4432748556137085
99   2.440826416015625
100   1.9281187057495117
101   1.6586592197418213
102   2.2059946060180664
103   1.6672526597976685
104   1.4094336032867432
105   1.6893988847732544
106   1.507896065711975
107   2.284970760345459
108   1.5826419591903687
109   1.3412319421768188
110   1.4404525756835938
111   1.4592952728271484
112   1.5099095106124878
113   1.398664951324463
114   1.7415013313293457
115   2.1003212928771973
116   1.4910815954208374
117   1.7230242490768433
118   1.3499482870101929
119   1.8696305751800537
120   1.8476983308792114
121   1.3616589307785034
122   1.2507922649383545
123   1.604843258857727
124   1.3437597751617432
125   1.6775104999542236
126   2.1174583435058594
127   1.757475733757019
128   1.548171043395996
129   1.496407389640808
130   1.5529415607452393
131   1.8635956048965454
132   1.6047402620315552
133   1.5901538133621216
134   1.7046948671340942
135   1.5193523168563843
136   1.66720712184906
137   1.61571204662323
138   1.904522180557251
139   1.8852134943008423
140   1.7584385871887207
141   1.5467846393585205
142   1.681623935699463
143   1.5483201742172241
144   2.031816244125366
145   1.676725149154663
146   1.839600920677185
147   1.5154833793640137
148   1.8508492708206177
149   1.5651938915252686
150   1.6289156675338745
151   1.8461048603057861
152   1.6520568132400513
153   1.5314370393753052
154   2.0059149265289307
155   1.671220302581787
156   1.6563345193862915
157   1.858813762664795
158   1.6089942455291748
159   1.4866315126419067
160   1.6393823623657227
161   1.8637685775756836
162   1.7765700817108154
163   1.879540205001831
164   1.8198727369308472
