1   5.332837104797363
2   5.285942554473877
3   5.246974945068359
4   5.725860118865967
5   4.833202362060547
6   5.288320064544678
7   5.6388936042785645
8   4.947837829589844
9   5.074273109436035
10   5.217213153839111
11   4.822490692138672
12   5.4670796394348145
13   5.096825122833252
14   6.5120720863342285
15   4.548874855041504
16   6.025100231170654
17   5.734512805938721
18   5.239075183868408
19   6.61654806137085
20   5.237087249755859
21   4.679068088531494
22   4.859649181365967
23   5.04624605178833
24   4.915931224822998
25   5.490032196044922
26   5.549886226654053
27   5.124822616577148
28   4.953096389770508
29   5.116689682006836
30   5.1285719871521
31   4.551962375640869
32   4.811949253082275
33   5.190627098083496
34   5.156988620758057
35   5.1132025718688965
36   4.890275478363037
37   5.258101463317871
38   4.700911045074463
39   5.191619873046875
40   5.027916431427002
41   5.125143051147461
42   5.261826038360596
43   5.737678050994873
44   5.21712589263916
45   4.753232955932617
46   6.583624839782715
47   5.960381984710693
48   4.676673889160156
49   6.1651201248168945
50   5.621445178985596
51   5.301233768463135
52   5.395142555236816
53   5.573461055755615
54   4.846914291381836
55   5.670266151428223
56   4.893869876861572
57   5.384993076324463
58   5.382299900054932
59   5.138220310211182
60   4.964505672454834
61   4.672265529632568
62   5.328427791595459
63   5.51235818862915
64   6.249352931976318
65   5.382668972015381
66   5.101673603057861
67   4.581514835357666
68   4.796694278717041
69   6.409745216369629
70   6.6165361404418945
71   5.805202484130859
72   6.283408164978027
73   5.765053749084473
74   4.654990196228027
75   4.650467395782471
76   4.313115119934082
77   5.012074947357178
78   4.798065185546875
79   5.059081077575684
80   5.67943811416626
81   5.177225112915039
82   6.2680182456970215
83   5.843083381652832
84   6.662755966186523
85   5.367398262023926
86   6.378537654876709
87   4.722893238067627
88   4.923399925231934
89   5.1427130699157715
90   5.32853889465332
91   5.549121856689453
92   5.288296699523926
93   5.203487396240234
94   6.33671236038208
95   4.904192924499512
96   5.784836292266846
97   6.872227668762207
98   5.37143087387085
99   4.312282085418701
100   4.786850929260254
101   4.6486992835998535
102   6.3444719314575195
103   5.31906270980835
104   4.58406400680542
105   4.27577543258667
106   4.866822719573975
107   5.753550052642822
108   6.462086200714111
109   5.307065963745117
110   6.7496747970581055
111   4.285437107086182
112   5.048831939697266
113   5.595170021057129
114   5.334769248962402
115   4.804032802581787
116   6.310094833374023
117   4.819793701171875
118   5.285737037658691
119   6.1667351722717285
120   5.309240818023682
121   5.382350921630859
122   5.8050642013549805
123   5.395849704742432
124   4.7392096519470215
125   5.419034957885742
126   4.9337992668151855
127   4.468134880065918
128   5.146657466888428
129   5.157735824584961
130   4.650717258453369
131   5.1112775802612305
132   4.574969291687012
133   5.517882823944092
134   5.184955596923828
135   5.275487422943115
136   5.764204978942871
137   5.625190258026123
138   4.29798698425293
139   4.777602195739746
140   5.144293308258057
141   5.022806167602539
142   4.797208786010742
143   5.412149429321289
144   4.798072814941406
145   5.317210674285889
146   5.118004322052002
147   5.0394511222839355
148   5.165426254272461
149   4.954064846038818
150   4.810959815979004
151   6.138489723205566
152   5.2853827476501465
153   4.752094268798828
154   5.566944122314453
155   4.901040554046631
156   4.626473903656006
157   4.719293594360352
158   5.301130771636963
159   5.536596775054932
160   6.368777275085449
161   4.9176836013793945
162   4.929013729095459
163   5.003780364990234
164   5.611653804779053
