1   5.392690181732178
2   4.963799476623535
3   3.7146151065826416
4   3.4035608768463135
5   4.225851535797119
6   4.884886264801025
7   4.361365795135498
8   4.65677547454834
9   3.528085231781006
10   4.129120826721191
11   3.830925703048706
12   4.441709041595459
13   4.440799236297607
14   4.611135959625244
15   5.781112194061279
16   5.001923561096191
17   3.7441420555114746
18   4.058176040649414
19   4.564539432525635
20   4.306728839874268
21   4.700880527496338
22   3.813358783721924
23   3.115778684616089
24   3.8437626361846924
25   3.9084455966949463
26   4.501928329467773
27   5.100798606872559
28   3.3677926063537598
29   3.4151041507720947
30   3.6342482566833496
31   3.7811546325683594
32   4.0404052734375
33   3.7418386936187744
34   4.649023056030273
35   5.39935827255249
36   4.64624547958374
37   3.1568620204925537
38   3.3163602352142334
39   4.404752254486084
40   4.744275093078613
41   3.655740976333618
42   4.3286638259887695
43   3.155632734298706
44   3.742642879486084
45   4.3094916343688965
46   4.266881942749023
47   4.818384647369385
48   3.556152582168579
49   3.7372026443481445
50   5.115462779998779
51   3.2633554935455322
52   4.669001579284668
53   5.801422595977783
54   4.951820373535156
55   4.1940813064575195
56   4.580089569091797
57   4.837337970733643
58   4.891598701477051
59   3.532274007797241
60   4.460702896118164
61   4.193301200866699
62   3.509885787963867
63   4.327485084533691
64   4.749519348144531
65   4.77070426940918
66   4.264697551727295
67   3.4842536449432373
68   4.695019245147705
69   3.762035369873047
70   4.9418134689331055
71   4.377697944641113
72   4.113458633422852
73   4.432493686676025
74   3.073103666305542
75   3.3227553367614746
76   2.807950496673584
77   4.124248027801514
78   4.773897171020508
79   3.86850643157959
80   3.7574141025543213
81   4.473987579345703
82   3.4620769023895264
83   3.7814972400665283
84   3.9389827251434326
85   5.314950466156006
86   5.190888404846191
87   6.026360988616943
88   4.82797384262085
89   4.51289176940918
90   2.8314359188079834
91   6.0260162353515625
92   4.2625627517700195
93   4.4496636390686035
94   4.179985046386719
95   4.653706073760986
96   4.8430495262146
97   4.355790138244629
98   4.9306159019470215
99   4.626143455505371
100   3.617324113845825
101   4.80325984954834
102   3.9817402362823486
103   3.6909146308898926
104   3.6624090671539307
105   3.617936372756958
106   3.999220609664917
107   6.271474361419678
108   6.852095603942871
109   6.02126407623291
110   6.077138900756836
111   5.920316219329834
112   5.6911492347717285
113   6.546483993530273
114   5.69218111038208
115   6.473346710205078
116   6.3428802490234375
117   4.900611877441406
118   5.545220851898193
119   3.507993459701538
120   5.8295392990112305
121   4.639493465423584
122   5.381681442260742
123   3.834622621536255
124   4.1933794021606445
125   3.8703184127807617
126   5.330077648162842
127   3.3963332176208496
128   4.028386116027832
129   4.422924995422363
130   3.300973415374756
131   4.422366142272949
132   5.790346145629883
133   4.678674697875977
134   3.7639331817626953
135   4.000607013702393
136   3.769327402114868
137   3.5035672187805176
138   3.2869176864624023
139   4.804259300231934
140   4.317306041717529
141   3.6828701496124268
142   6.148232936859131
143   3.720383644104004
144   3.855008840560913
145   4.36270809173584
146   4.061176776885986
147   3.91848087310791
148   3.4504129886627197
149   2.870911121368408
150   4.031988620758057
151   3.3779032230377197
152   4.206414699554443
153   4.138187408447266
154   5.0043768882751465
155   3.7286133766174316
156   4.076839447021484
157   3.787978410720825
158   4.057556629180908
159   4.427955150604248
160   4.7558722496032715
161   3.9290969371795654
162   3.201890468597412
163   4.519941806793213
164   3.8555688858032227
