1   1.6247076988220215
2   1.4238438606262207
3   1.5970261096954346
4   1.7251255512237549
5   1.331870675086975
6   1.4618093967437744
7   1.4380074739456177
8   1.7137411832809448
9   1.558109998703003
10   1.4825223684310913
11   1.4296194314956665
12   1.6752408742904663
13   1.7352861166000366
14   1.6520824432373047
15   1.465142846107483
16   1.6220121383666992
17   1.6952821016311646
18   1.561418056488037
19   1.7481293678283691
20   1.4079575538635254
21   1.6080690622329712
22   1.5013231039047241
23   1.4398506879806519
24   1.8654110431671143
25   1.4913957118988037
26   1.3166475296020508
27   1.8891884088516235
28   1.4733797311782837
29   1.6074949502944946
30   1.4473772048950195
31   1.4984749555587769
32   1.5245933532714844
33   1.4827371835708618
34   1.847612977027893
35   1.4215246438980103
36   1.5879933834075928
37   1.5849112272262573
38   1.4476206302642822
39   1.934940218925476
40   1.9493420124053955
41   1.4689669609069824
42   1.4191946983337402
43   1.4052211046218872
44   1.3146896362304688
45   1.3300420045852661
46   1.6484849452972412
47   1.5599066019058228
48   1.5331755876541138
49   1.6178852319717407
50   1.5602688789367676
51   1.6930235624313354
52   1.6124852895736694
53   1.719093680381775
54   1.5590823888778687
55   1.616239309310913
56   1.6348658800125122
57   1.4559688568115234
58   1.6152236461639404
59   1.4439793825149536
60   1.6163079738616943
61   1.566652536392212
62   1.5528734922409058
63   1.5347281694412231
64   1.5263469219207764
65   1.6781295537948608
66   1.5357109308242798
67   2.0815367698669434
68   1.7401583194732666
69   1.497812032699585
70   1.4572060108184814
71   1.8149125576019287
72   1.518465280532837
73   1.5027035474777222
74   1.9631422758102417
75   1.591839075088501
76   1.353029727935791
77   1.2608309984207153
78   1.6150652170181274
79   1.3942651748657227
80   1.6031819581985474
81   1.5215719938278198
82   1.875848650932312
83   1.706272006034851
84   1.7232004404067993
85   1.6531709432601929
86   1.6425902843475342
87   1.8798468112945557
88   1.5511659383773804
89   1.5796282291412354
90   1.4347995519638062
91   1.420649528503418
92   1.8634394407272339
93   1.4614617824554443
94   1.7373501062393188
95   1.5533555746078491
96   1.7239675521850586
97   1.8970818519592285
98   1.4397093057632446
99   1.7366398572921753
100   1.9085747003555298
101   1.6041109561920166
102   1.995964527130127
103   1.8620718717575073
104   1.2493771314620972
105   1.890028476715088
106   1.3328090906143188
107   1.9832940101623535
108   1.8547277450561523
109   1.7063837051391602
110   1.7371525764465332
111   1.5758744478225708
112   2.037221908569336
113   2.378206491470337
114   1.9080983400344849
115   2.1656274795532227
116   1.7878804206848145
117   1.4836997985839844
118   1.4892475605010986
119   1.9439085721969604
120   1.9743010997772217
121   1.3431425094604492
122   1.6497409343719482
123   1.7058942317962646
124   1.4124735593795776
125   1.5185054540634155
126   1.7538166046142578
127   1.4389935731887817
128   1.6584256887435913
129   1.5949469804763794
130   1.3643741607666016
131   1.4989081621170044
132   1.6896861791610718
133   1.5247868299484253
134   1.5024430751800537
135   1.4552661180496216
136   1.6940943002700806
137   1.391444444656372
138   1.7575657367706299
139   1.5038917064666748
140   1.4532312154769897
141   1.5976108312606812
142   1.59723699092865
143   1.6868162155151367
144   1.605309247970581
145   1.5314849615097046
146   1.5078386068344116
147   1.370044469833374
148   1.5060701370239258
149   1.3653875589370728
150   1.2391433715820313
151   1.5462913513183594
152   1.459932565689087
153   1.3495146036148071
154   1.8707131147384644
155   1.521966814994812
156   1.7876724004745483
157   1.7748372554779053
158   1.733944058418274
159   1.5045005083084106
160   1.7980103492736816
161   1.5017520189285278
162   1.5830844640731812
163   1.7235517501831055
164   1.7409725189208984
