1   1.7835627794265747
2   1.5470106601715088
3   1.6505087614059448
4   1.7866188287734985
5   1.4037755727767944
6   1.4335603713989258
7   1.5618400573730469
8   1.7817884683609009
9   1.6713223457336426
10   1.6160508394241333
11   1.5147862434387207
12   1.6813474893569946
13   1.7946739196777344
14   1.8894646167755127
15   1.5227872133255005
16   1.6954532861709595
17   1.8289350271224976
18   1.627772569656372
19   1.8713637590408325
20   1.4766753911972046
21   1.721696138381958
22   1.5451596975326538
23   1.5631905794143677
24   2.0299854278564453
25   1.5826821327209473
26   1.4623016119003296
27   2.0521481037139893
28   1.5755343437194824
29   1.7891801595687866
30   1.608901023864746
31   1.6004225015640259
32   1.615431547164917
33   1.5788987874984741
34   1.7873941659927368
35   1.4984239339828491
36   1.669341802597046
37   1.6570382118225098
38   1.583664894104004
39   1.8906030654907227
40   1.778144121170044
41   1.517879843711853
42   1.5747498273849487
43   1.4799927473068237
44   1.4621338844299316
45   1.4746606349945068
46   1.7319403886795044
47   1.6761491298675537
48   1.6464201211929321
49   1.7431665658950806
50   1.699726939201355
51   1.916176438331604
52   1.6661163568496704
53   1.7420439720153809
54   1.6473453044891357
55   1.7303415536880493
56   1.7009249925613403
57   1.5470951795578003
58   1.6312094926834106
59   1.5184671878814697
60   1.705808401107788
61   1.700881004333496
62   1.6308293342590332
63   1.5980043411254883
64   1.7329972982406616
65   1.8265324831008911
66   1.5981168746948242
67   2.129762887954712
68   1.7812304496765137
69   1.6078135967254639
70   1.6071068048477173
71   1.941727876663208
72   1.6335742473602295
73   1.702061653137207
74   2.1123249530792236
75   1.701058268547058
76   1.4142926931381226
77   1.3557729721069336
78   1.6870898008346558
79   1.5681989192962646
80   1.6484713554382324
81   1.644547939300537
82   1.9374380111694336
83   1.8172694444656372
84   1.8578652143478394
85   1.6933141946792603
86   1.8061017990112305
87   1.8987154960632324
88   1.6539818048477173
89   1.6635740995407104
90   1.5493675470352173
91   1.4702479839324951
92   1.9480777978897095
93   1.5823506116867065
94   1.849769949913025
95   1.58779776096344
96   1.9212111234664917
97   2.104696750640869
98   1.5583031177520752
99   1.7962654829025269
100   2.042064905166626
101   1.7180241346359253
102   2.1552555561065674
103   2.0553479194641113
104   1.308828353881836
105   1.9579733610153198
106   1.4520574808120728
107   1.9164481163024902
108   1.8318138122558594
109   1.7181531190872192
110   1.807426929473877
111   1.6236217021942139
112   2.027740716934204
113   2.2953553199768066
114   1.925206184387207
115   2.1035571098327637
116   1.7668607234954834
117   1.4974288940429688
118   1.5216858386993408
119   2.279228687286377
120   2.0242419242858887
121   1.4843344688415527
122   1.6970584392547607
123   1.7493019104003906
124   1.5001121759414673
125   1.7664542198181152
126   1.6996588706970215
127   1.5803296566009521
128   1.8437843322753906
129   1.6965208053588867
130   1.40964674949646
131   1.5080078840255737
132   1.7239168882369995
133   1.6288866996765137
134   1.6163427829742432
135   1.5313005447387695
136   1.818788766860962
137   1.5589306354522705
138   1.818292260169983
139   1.568863868713379
140   1.530896782875061
141   1.69857919216156
142   1.6433616876602173
143   1.8216290473937988
144   1.7345906496047974
145   1.5479804277420044
146   1.591535210609436
147   1.5404865741729736
148   1.5534650087356567
149   1.4135178327560425
150   1.3065091371536255
151   1.7022067308425903
152   1.6065154075622559
153   1.458939552307129
154   1.9281901121139526
155   1.6143337488174438
156   1.8120367527008057
157   1.8374592065811157
158   1.7688543796539307
159   1.6189963817596436
160   2.0109329223632813
161   1.5658769607543945
162   1.6074615716934204
163   1.8178130388259888
164   1.8804724216461182
