0   0.0
1   0.11493987590074539
2   0.2293166071176529
3   0.18687888979911804
4   0.23629002273082733
5   0.19019010663032532
6   0.29336777329444885
7   0.20296569168567657
8   0.1496579945087433
9   0.3254590928554535
10   0.2958170771598816
11   0.44116732478141785
12   0.5749268531799316
13   0.9456386566162109
14   1.9868495464324951
15   1.7245937585830688
16   1.6743742227554321
17   1.9166290760040283
18   2.1938257217407227
19   1.905530333518982
20   1.9021320343017578
21   1.3615663051605225
22   1.3857365846633911
23   1.3474133014678955
24   1.3491016626358032
25   1.1235283613204956
26   0.7703264951705933
27   1.9750150442123413
28   2.240520477294922
29   2.1603827476501465
30   1.7908328771591187
31   1.6259156465530396
32   1.4229841232299805
33   1.5584088563919067
34   2.097933530807495
35   3.0415406227111816
36   1.43021559715271
37   1.968563199043274
38   2.3696727752685547
39   1.6931381225585938
40   1.8257259130477905
41   1.1151484251022339
42   1.2224929332733154
43   1.0646862983703613
44   1.3225955963134766
45   0.4020853638648987
46   0.872311532497406
47   1.1959820985794067
48   1.2753671407699585
49   0.9740192294120789
50   1.5259509086608887
51   1.818238377571106
52   1.5657484531402588
53   1.5359809398651123
54   1.6762669086456299
55   1.4814084768295288
56   1.4238654375076294
57   1.6256707906723022
58   1.2400990724563599
59   1.4035741090774536
60   1.242580771446228
61   1.538567066192627
62   1.4904075860977173
63   0.9885967373847961
64   0.5529932975769043
65   1.971695899963379
66   1.7392950057983398
67   1.209997534751892
68   1.2957603931427002
69   1.3586132526397705
70   1.5689468383789063
71   1.1705883741378784
72   1.752324104309082
73   1.3297287225723267
74   1.0818381309509277
75   1.8900798559188843
76   2.721290349960327
77   1.7525359392166138
78   1.646431565284729
79   1.640733003616333
80   1.4405049085617065
81   1.7324512004852295
82   1.7704238891601563
83   1.4579098224639893
84   1.640676498413086
85   1.5289013385772705
86   1.4084947109222412
87   1.584268569946289
88   1.7726551294326782
89   1.5779975652694702
90   1.5557581186294556
91   1.274299144744873
92   1.509026288986206
93   1.2652479410171509
94   1.2171887159347534
95   2.149994134902954
96   2.240846872329712
97   1.56682288646698
98   1.163598656654358
99   1.529016137123108
100   1.9975512027740479
101   1.0280197858810425
102   1.1096802949905396
103   0.8704735636711121
104   1.0450351238250732
105   1.5510319471359253
106   1.8803895711898804
107   1.81167733669281
108   1.609800100326538
109   0.8085687756538391
110   1.498289704322815
111   1.9264084100723267
112   1.282624363899231
113   2.019784688949585
114   1.4718031883239746
115   1.7069958448410034
116   1.7257907390594482
117   2.1195809841156006
118   1.124077558517456
119   1.2311867475509644
120   0.9600633978843689
121   1.1892192363739014
122   1.3242305517196655
123   1.8594485521316528
124   2.043065071105957
125   1.4634909629821777
126   0.9727064967155457
127   1.673751711845398
128   1.6073577404022217
129   0.914977490901947
130   1.0820904970169067
131   1.1820300817489624
132   0.9111971259117126
133   0.84187251329422
134   0.7190682888031006
135   1.5532644987106323
136   1.6542561054229736
137   2.1085190773010254
138   1.8098831176757813
139   1.1509110927581787
140   1.0119839906692505
141   1.138237714767456
142   1.0827072858810425
143   0.9424651265144348
144   1.735317587852478
145   1.9301904439926147
146   1.645859718322754
147   1.1403950452804565
148   2.10260009765625
149   1.6955269575119019
150   1.3067117929458618
151   2.064537525177002
152   1.2752217054367065
153   1.2705820798873901
154   1.02908194065094
155   1.5775620937347412
156   1.7124030590057373
157   1.4089629650115967
158   1.5050393342971802
159   1.7374986410140991
160   1.7104982137680054
161   1.6798089742660522
162   0.7455866932868958
163   1.957215666770935
164   1.681499719619751
165   1.229085087776184
166   2.0706918239593506
167   2.776526927947998
168   2.8474764823913574
169   2.4915900230407715
170   1.5722193717956543
171   1.6921741962432861
172   1.6191483736038208
173   1.860517144203186
174   2.3382489681243896
175   2.7894270420074463
176   1.834144115447998
177   2.228038787841797
178   2.541577100753784
179   2.091909170150757
180   2.2147216796875
181   1.739263892173767
182   1.8431109189987183
183   1.341353416442871
184   2.2197375297546387
185   1.3712705373764038
186   1.4878089427947998
187   1.8493107557296753
188   2.0725979804992676
189   1.7120975255966187
190   1.9051473140716553
191   1.8205088376998901
192   1.3289666175842285
193   1.8619017601013184
194   1.734528660774231
195   2.297062873840332
196   1.8284852504730225
197   2.0357255935668945
198   2.112990379333496
199   2.0953209400177
200   2.0252883434295654
201   3.315364122390747
202   1.7524266242980957
203   2.1166529655456543
204   1.515769124031067
205   1.1240397691726685
206   1.3906593322753906
207   1.4074351787567139
208   1.8435150384902954
209   1.2491343021392822
210   1.5296711921691895
211   1.9193989038467407
212   1.5835037231445313
213   1.579052209854126
214   1.497578740119934
1   1.5985829830169678
2   1.644748568534851
3   1.8013346195220947
4   1.8307335376739502
5   1.2745351791381836
6   1.764456033706665
7   1.974695086479187
8   1.8692243099212646
9   1.4489332437515259
10   1.2232606410980225
11   1.9470360279083252
12   1.1216219663619995
13   1.386437177658081
14   1.574782371520996
15   1.3189345598220825
16   0.9402493238449097
17   1.492224931716919
18   0.9009112119674683
19   1.8148486614227295
20   1.7699452638626099
1   1.4272136688232422
2   1.4502485990524292
3   1.3930988311767578
4   1.6754496097564697
5   1.5809680223464966
6   1.43152916431427
7   1.562094807624817
8   1.579567790031433
9   1.58102285861969
10   1.577556848526001
11   1.478364109992981
12   1.5312881469726563
13   1.4964871406555176
14   1.5320528745651245
15   1.5821223258972168
16   1.5780658721923828
17   1.6331171989440918
18   1.4316591024398804
19   1.6507928371429443
20   1.5888864994049072
21   1.471419334411621
22   1.588714361190796
23   1.699009656906128
24   1.654181957244873
25   1.4751155376434326
26   1.6402124166488647
27   1.6341071128845215
28   1.4883365631103516
29   1.5676805973052979
30   1.6232590675354004
31   1.4814060926437378
32   1.6078920364379883
33   1.6597943305969238
34   1.6244052648544312
35   1.700218915939331
36   1.5512034893035889
37   1.6908289194107056
38   1.5581105947494507
39   1.6749273538589478
40   1.6810431480407715
41   1.5884491205215454
42   1.7160158157348633
43   1.469435691833496
44   1.440666913986206
45   1.7729578018188477
46   1.6816082000732422
47   1.634329080581665
48   1.5712461471557617
49   1.7016706466674805
50   1.6314927339553833
51   1.6638665199279785
52   1.570473313331604
53   1.7404550313949585
54   1.615401268005371
55   1.5394947528839111
56   1.6492267847061157
57   1.650828242301941
58   1.6095125675201416
59   1.5934771299362183
60   1.6665325164794922
61   1.5918080806732178
62   1.7847219705581665
63   1.3165271282196045
64   1.5727649927139282
65   1.8866409063339233
66   1.5185518264770508
67   1.5538111925125122
68   1.6194795370101929
69   1.7548868656158447
70   1.4221521615982056
71   1.6522611379623413
72   1.368848204612732
73   1.4745291471481323
74   1.4950915575027466
75   1.648577094078064
76   1.4254971742630005
77   1.6575942039489746
78   1.473907232284546
79   1.4147626161575317
80   1.6404829025268555
81   1.6043623685836792
82   1.5552752017974854
83   1.5480906963348389
84   1.5817426443099976
85   1.772202730178833
86   1.753657579421997
87   1.565192461013794
88   1.777875304222107
89   1.68996262550354
90   1.5350360870361328
91   1.492150902748108
92   1.3946319818496704
93   1.3109734058380127
94   1.492758870124817
95   1.3310294151306152
96   1.5967302322387695
97   1.5655971765518188
98   1.4608049392700195
99   1.5528485774993896
100   1.5394415855407715
101   1.6576608419418335
102   1.5669026374816895
103   1.6054829359054565
104   1.9292463064193726
105   1.746681809425354
106   1.7846986055374146
107   1.5788568258285522
108   1.6345090866088867
109   1.618614912033081
110   1.7890684604644775
111   1.5720213651657104
112   1.5472185611724854
113   1.6773048639297485
114   1.6107856035232544
115   1.632972240447998
116   1.2940410375595093
117   1.613724946975708
118   1.4104042053222656
119   1.5391680002212524
120   1.3803017139434814
121   1.544236421585083
122   1.5820658206939697
123   1.5848915576934814
124   1.3602783679962158
125   1.5910221338272095
126   1.7348114252090454
127   1.4402470588684082
128   1.530112624168396
129   1.4989577531814575
130   1.6105504035949707
131   1.5855391025543213
132   1.6822729110717773
133   1.6866859197616577
134   1.4889830350875854
135   1.34646737575531
136   1.602308750152588
137   1.544169306755066
138   1.7330104112625122
139   1.6746468544006348
140   1.5637909173965454
141   1.748846173286438
142   1.6521081924438477
143   1.2923665046691895
144   1.3256560564041138
145   1.319305419921875
146   1.494701623916626
147   1.5808701515197754
148   1.41146719455719
149   1.5762907266616821
150   1.446399450302124
151   1.484550952911377
152   1.4917612075805664
153   1.4218026399612427
154   1.4075816869735718
155   1.4066858291625977
156   1.56564462184906
157   1.4987972974777222
158   1.2939350605010986
159   1.4791722297668457
160   1.4708428382873535
1   1.755954623222351
2   1.5720330476760864
3   1.504697322845459
4   1.4174017906188965
5   1.486770749092102
6   1.4401460886001587
7   1.753835678100586
8   1.4049538373947144
9   1.644382357597351
10   1.6821959018707275
11   1.6134586334228516
12   1.6684391498565674
13   1.4254297018051147
14   1.5418180227279663
15   1.8308439254760742
16   1.619926929473877
17   1.730863332748413
18   1.6822638511657715
19   1.6607249975204468
20   1.5757362842559814
21   1.5593119859695435
22   1.4120254516601563
23   1.8288698196411133
24   1.5448954105377197
25   1.2112970352172852
26   1.6384339332580566
27   1.3678432703018188
28   1.3111242055892944
29   1.2886755466461182
30   1.3927141427993774
31   1.2572135925292969
32   1.3982572555541992
33   1.3197360038757324
34   1.2422298192977905
35   1.5751352310180664
36   1.539755940437317
37   1.305147409439087
38   1.414854645729065
39   1.1664294004440308
40   1.2006105184555054
41   1.678311824798584
42   1.1552457809448242
43   1.2148760557174683
44   1.5423856973648071
45   1.4000788927078247
46   1.257422924041748
47   1.290856122970581
48   1.979282259941101
49   1.4471020698547363
50   1.9782816171646118
51   1.201741099357605
52   1.917453408241272
53   1.363417387008667
54   1.8283872604370117
55   1.1463919878005981
56   1.6719932556152344
57   2.157233953475952
58   1.718990683555603
59   2.259141445159912
60   1.4372526407241821
61   1.7105598449707031
62   1.3882343769073486
63   1.6107038259506226
64   1.6540967226028442
65   1.7043181657791138
66   1.6000585556030273
67   1.343161940574646
68   1.8640719652175903
69   2.2659335136413574
70   1.3679883480072021
71   1.0210715532302856
72   1.5595401525497437
73   1.6454111337661743
74   1.0695816278457642
75   1.7029560804367065
76   1.1522588729858398
77   1.4467089176177979
78   1.409867286682129
79   1.3327584266662598
80   1.7491754293441772
81   1.7744861841201782
82   1.6119695901870728
83   1.8483248949050903
84   1.569319248199463
85   1.6699990034103394
86   1.8135626316070557
87   0.9998302459716797
88   1.115425944328308
89   1.705206036567688
90   2.5461363792419434
91   1.528441071510315
92   2.726487636566162
93   1.5736855268478394
94   1.581925868988037
95   2.529179811477661
96   1.8735243082046509
97   1.7046136856079102
98   1.9744607210159302
99   1.0910357236862183
100   1.7044090032577515
101   1.8773465156555176
102   2.1806178092956543
103   2.686577558517456
104   2.358733654022217
105   1.5018168687820435
106   3.276642322540283
107   2.6454734802246094
108   0.8708207607269287
109   2.0461204051971436
110   2.079732656478882
111   2.0065581798553467
112   1.3116813898086548
113   3.0183465480804443
114   3.2562713623046875
115   2.650620698928833
116   1.396223783493042
117   1.8715739250183105
118   1.2301229238510132
119   1.0132606029510498
120   1.5795035362243652
121   2.0089950561523438
122   1.907081961631775
123   1.7160277366638184
124   1.939215064048767
125   1.6721742153167725
126   1.6983466148376465
127   1.0289404392242432
128   1.3735567331314087
129   1.6588470935821533
130   1.730870246887207
131   1.50298273563385
132   1.5226253271102905
133   1.9180961847305298
134   1.5465816259384155
135   1.6705597639083862
136   1.3796956539154053
137   1.5921216011047363
138   1.4122661352157593
139   1.5068433284759521
140   1.6718906164169312
141   1.6218554973602295
142   1.7345820665359497
143   1.7390981912612915
144   1.7649904489517212
145   1.4727250337600708
146   1.4587042331695557
147   1.4028441905975342
148   1.6374375820159912
149   1.691379189491272
150   1.368798017501831
151   1.4644204378128052
152   1.4999412298202515
153   1.5501915216445923
154   1.6854428052902222
155   1.4907127618789673
156   1.6010628938674927
157   1.5975037813186646
158   1.595793604850769
159   1.4580917358398438
160   1.490490436553955
161   1.470943570137024
162   1.5543962717056274
163   1.6611887216567993
164   1.4799134731292725
