0   0.0
1   1.9490280151367188
2   2.1393845081329346
3   2.0876641273498535
4   2.005781650543213
5   1.9012082815170288
6   2.1677086353302
7   2.0836164951324463
8   2.0733108520507813
9   2.609013557434082
10   2.8546907901763916
11   3.0159993171691895
12   3.6768288612365723
13   3.733039617538452
14   3.961590051651001
15   5.468719005584717
16   5.5922040939331055
17   5.01112699508667
18   5.35386848449707
19   4.893097400665283
20   4.478139877319336
21   4.5120530128479
22   7.028068542480469
23   5.383806228637695
24   4.202150821685791
25   4.702561855316162
26   5.744201183319092
27   5.5348663330078125
28   5.644561290740967
29   5.196626663208008
30   5.557178974151611
31   5.437959671020508
32   5.598886489868164
33   5.340793132781982
34   6.150534629821777
35   5.203116416931152
36   6.634302139282227
37   7.081180572509766
38   5.321755409240723
39   6.571176528930664
40   5.694859027862549
41   6.848743438720703
42   5.808170318603516
43   5.192677974700928
44   6.011025905609131
45   5.136407375335693
46   4.291058540344238
47   4.988708019256592
48   4.688924312591553
49   5.177600383758545
50   5.036819934844971
51   6.1213154792785645
52   5.28695011138916
53   5.76818323135376
54   5.5953168869018555
55   6.188164234161377
56   5.258697032928467
57   4.5699872970581055
58   5.878845691680908
59   5.073230743408203
60   4.301970958709717
61   4.476585388183594
62   6.005902290344238
63   5.7011613845825195
64   5.465152263641357
65   3.6413733959198
66   4.509736061096191
67   4.401371955871582
68   5.04322624206543
69   3.9312050342559814
70   5.773200511932373
71   5.811222076416016
72   5.906044006347656
73   4.9557108879089355
74   4.63523006439209
75   6.4254913330078125
76   5.384788990020752
77   4.958934783935547
78   5.772153854370117
79   5.633192539215088
80   6.79161262512207
81   6.3556060791015625
82   5.941033363342285
83   6.150818347930908
84   5.818116664886475
85   5.462963104248047
86   6.050874710083008
87   5.790786266326904
88   5.619025707244873
89   6.3998332023620605
90   6.113546848297119
91   6.325102806091309
92   6.355362892150879
93   5.859066009521484
94   4.916203022003174
95   4.941905498504639
96   5.613144397735596
97   4.8562421798706055
98   5.20174503326416
99   5.006157875061035
100   4.703680992126465
101   5.270040988922119
102   4.288407802581787
103   4.986468315124512
104   5.326951503753662
105   4.897985935211182
106   5.359110355377197
107   4.930685043334961
108   5.354214191436768
109   4.285912036895752
110   5.414496898651123
111   5.392017364501953
112   6.396205425262451
113   5.827685832977295
114   6.16902494430542
115   5.949193000793457
116   4.2635016441345215
117   5.89503288269043
118   5.973631858825684
119   6.44678258895874
120   5.431381702423096
121   4.069797515869141
122   5.128683567047119
123   5.604743957519531
124   4.569169044494629
125   6.6632399559021
126   6.438449382781982
127   5.798882961273193
128   6.567774772644043
129   5.55353307723999
130   7.416259765625
131   6.1373186111450195
132   6.20858907699585
133   5.97701358795166
134   4.335372447967529
135   4.708143711090088
136   4.716480255126953
137   4.5476813316345215
138   4.332515716552734
139   4.124316692352295
140   4.336434364318848
141   4.946200370788574
142   5.938769817352295
143   4.598489761352539
144   5.083681106567383
145   4.882040977478027
146   5.901361465454102
147   5.020712852478027
148   5.185402870178223
149   5.5137128829956055
150   5.560965538024902
151   6.160020351409912
152   5.960748672485352
153   6.680629253387451
154   7.51930046081543
155   6.678346157073975
156   6.085829734802246
157   6.868837833404541
158   7.070961952209473
159   6.0964460372924805
160   7.258329391479492
161   7.139718532562256
162   6.542346954345703
163   6.101992607116699
164   6.0846428871154785
165   5.953091621398926
166   6.44551420211792
167   6.967246055603027
168   6.2679972648620605
169   7.568490028381348
170   5.288761138916016
171   6.285585880279541
172   6.2452592849731445
173   6.436160564422607
174   5.865627288818359
175   5.102629661560059
176   6.273992538452148
177   6.314598560333252
178   5.567233085632324
179   5.510324954986572
180   5.772423267364502
181   5.980924606323242
182   5.906411170959473
183   6.286157608032227
184   5.765394687652588
185   6.388866424560547
186   8.033431053161621
187   5.80072021484375
188   6.653552055358887
189   5.5312113761901855
190   6.748004913330078
191   6.934609413146973
192   6.5176849365234375
193   7.794259071350098
194   7.2817535400390625
195   6.349430084228516
196   6.289586067199707
197   5.483558654785156
198   6.105881690979004
199   5.751918792724609
200   5.736759185791016
201   5.549521446228027
202   6.013019561767578
203   6.885376930236816
204   6.707501411437988
205   5.755883693695068
206   6.182795524597168
207   6.2389984130859375
208   6.379388809204102
209   6.996244430541992
210   6.8304572105407715
211   5.926395893096924
212   6.39249849319458
213   5.449216842651367
214   5.507684707641602
1   5.638281345367432
2   5.492038726806641
3   5.697751045227051
4   6.108525276184082
5   6.360957622528076
6   5.183026313781738
7   6.116793155670166
8   4.9729323387146
9   6.182488918304443
10   6.543222904205322
11   5.658346176147461
12   5.986527442932129
13   6.044297218322754
14   6.100235939025879
15   5.506991863250732
16   5.429960250854492
17   5.575114727020264
18   5.1532182693481445
19   5.200054168701172
20   5.994493007659912
1   5.775275230407715
2   6.25592565536499
3   5.551464080810547
4   5.750518321990967
5   6.543640613555908
6   5.32791805267334
7   5.850295066833496
8   5.490528106689453
9   6.07641077041626
10   5.78790807723999
11   6.473451137542725
12   5.5770745277404785
13   5.479253768920898
14   6.238490581512451
15   5.7794623374938965
16   6.304044246673584
17   6.378007411956787
18   6.3562188148498535
19   6.855102062225342
20   5.952600479125977
21   5.782289505004883
22   6.529555320739746
23   5.919974327087402
24   5.961666584014893
25   6.5615057945251465
26   6.284724235534668
27   6.215403079986572
28   6.851139545440674
29   5.66230583190918
30   6.274195194244385
31   6.070570468902588
32   5.860381603240967
33   5.454275608062744
34   5.956933975219727
35   5.8106231689453125
36   5.831837177276611
37   6.040178298950195
38   5.012996196746826
39   5.8466997146606445
40   6.323806285858154
41   6.564125061035156
42   5.741188049316406
43   6.040152072906494
44   6.182399749755859
45   5.793625354766846
46   6.179880619049072
47   6.487922668457031
48   6.196591377258301
49   5.784518241882324
50   6.277251720428467
51   6.614295482635498
52   6.1243486404418945
53   5.341945648193359
54   6.7439093589782715
55   5.668355464935303
56   6.350430488586426
57   6.321466445922852
58   6.588127613067627
59   5.823844909667969
60   7.174032688140869
61   5.502403736114502
62   6.2151079177856445
63   6.078711032867432
64   6.90103816986084
65   6.697785377502441
66   6.4609761238098145
67   6.675144195556641
68   6.1458210945129395
69   6.192817211151123
70   6.0186333656311035
71   6.632131576538086
72   5.979007244110107
73   7.084975719451904
74   7.722120761871338
75   6.236353397369385
76   5.991622447967529
77   7.834071636199951
78   6.032748699188232
79   5.977417945861816
80   7.045355319976807
81   5.372481346130371
82   5.895196914672852
83   5.922772407531738
84   5.697403430938721
85   5.278974533081055
86   4.911294460296631
87   6.044137001037598
88   7.183158874511719
89   7.323027610778809
90   7.182066440582275
91   5.573705196380615
92   6.438702583312988
93   6.773947715759277
94   6.969790458679199
95   5.967609882354736
96   6.678564071655273
97   7.664762020111084
98   6.652449131011963
99   7.216147422790527
100   7.586958408355713
101   6.970020771026611
102   4.659019947052002
103   7.255006790161133
104   5.49917459487915
105   5.4897356033325195
106   5.526063442230225
107   5.62471866607666
108   5.558426380157471
109   7.354857921600342
110   7.505179405212402
111   7.381978988647461
112   7.210628509521484
113   7.404125213623047
114   7.117095947265625
115   7.349615573883057
116   6.40877628326416
117   6.54237174987793
118   7.677867412567139
119   6.604433059692383
120   7.544560432434082
121   7.621506214141846
122   7.661072731018066
123   6.778257369995117
124   7.237493515014648
125   7.658679485321045
126   6.2254791259765625
127   6.027296543121338
128   5.183300018310547
129   6.0764970779418945
130   5.733227252960205
131   6.58247709274292
132   6.364926815032959
133   5.507636547088623
134   6.343539714813232
135   7.020830154418945
136   7.344468593597412
137   7.477342128753662
138   7.579167366027832
139   7.346235275268555
140   7.5639495849609375
141   8.044548034667969
142   6.80243444442749
143   6.419094085693359
144   7.113715171813965
145   7.326776504516602
146   4.951189041137695
147   5.373223781585693
148   5.603943347930908
149   4.149437427520752
150   6.440056324005127
151   5.652883529663086
152   4.1589860916137695
153   5.5749640464782715
154   5.195928573608398
155   6.36235237121582
156   4.421848297119141
157   4.9476637840271
158   5.228036403656006
159   5.481455326080322
160   5.3711676597595215
1   4.437683582305908
2   6.835327625274658
3   6.923959732055664
4   6.043576717376709
5   5.807995319366455
6   7.230043888092041
7   5.471776485443115
8   5.896817207336426
9   5.485527992248535
10   6.184141635894775
11   5.791784763336182
12   5.104332447052002
13   5.800358295440674
14   6.848057270050049
15   6.024604320526123
16   6.64936637878418
17   5.695578575134277
18   6.096078872680664
19   5.537813186645508
20   6.078579425811768
21   5.879669189453125
22   6.574162006378174
23   6.867775917053223
24   5.507602214813232
25   7.1663408279418945
26   6.329339027404785
27   6.288354873657227
28   5.855166912078857
29   5.076016426086426
30   5.609068393707275
31   6.230576515197754
32   6.550323009490967
33   5.814478874206543
34   6.979935646057129
35   7.346499919891357
36   8.342583656311035
37   7.39210319519043
38   7.152738571166992
39   6.209794521331787
40   5.876888751983643
41   7.208611965179443
42   6.496602535247803
43   7.416275501251221
44   7.2059431076049805
45   6.744880676269531
46   5.9507737159729
47   6.641800880432129
48   5.491930961608887
49   5.854438781738281
50   5.47253942489624
51   6.349222660064697
52   6.902236461639404
53   6.710996150970459
54   7.112568378448486
55   5.811730861663818
56   6.386934280395508
57   6.281014442443848
58   5.873195171356201
59   6.6655473709106445
60   6.6289753913879395
61   5.915346145629883
62   5.898031234741211
63   6.798964023590088
64   5.738480567932129
65   5.977916717529297
66   5.519285202026367
67   6.919581413269043
68   6.051628589630127
69   6.602215766906738
70   6.184653282165527
71   5.885734558105469
72   6.2223381996154785
73   6.596390247344971
74   6.623954772949219
75   6.425273418426514
76   7.539051532745361
77   6.447784900665283
78   5.754287242889404
79   7.521934986114502
80   6.190126419067383
81   6.842785358428955
82   6.068798542022705
83   5.047632217407227
84   3.0282626152038574
85   4.542348384857178
86   5.354897975921631
87   4.798727989196777
88   5.174823760986328
89   4.5795578956604
90   6.444057941436768
91   5.687917232513428
92   5.798122406005859
93   5.09221887588501
94   5.869553565979004
95   7.155975341796875
96   5.331850051879883
97   6.086055278778076
98   5.872720241546631
99   5.332817077636719
100   6.64573860168457
101   7.204959869384766
102   7.114471435546875
103   6.9611945152282715
104   4.214344024658203
105   4.236030101776123
106   6.202905654907227
107   6.258607864379883
108   5.644210338592529
109   4.756278038024902
110   4.160792350769043
111   5.0593037605285645
112   6.144710063934326
113   6.161662578582764
114   6.028310775756836
115   5.471097946166992
116   4.7321391105651855
117   5.258563041687012
118   4.655256748199463
119   5.094870567321777
120   5.0366315841674805
121   6.076557159423828
122   4.245731830596924
123   4.9227986335754395
124   5.781707763671875
125   6.706747531890869
126   7.059132099151611
127   6.393482208251953
128   5.969641208648682
129   6.352648735046387
130   5.703855037689209
131   6.4656267166137695
132   5.55703067779541
133   7.267264366149902
134   6.837435722351074
135   6.2874531745910645
136   5.888671398162842
137   5.684803009033203
138   6.523730754852295
139   6.6749701499938965
140   7.09712028503418
141   6.058832168579102
142   5.727804183959961
143   6.155777931213379
144   7.084676265716553
145   7.094806671142578
146   6.498019695281982
147   6.005120277404785
148   5.42767858505249
149   6.671288013458252
150   6.56694221496582
151   5.78318452835083
152   5.400070667266846
153   6.961550712585449
154   6.482829570770264
155   6.415751934051514
156   6.912063121795654
157   5.670400142669678
158   6.508702754974365
159   5.850459575653076
160   6.510709762573242
161   6.451815605163574
162   6.950342655181885
163   6.186684608459473
164   6.9779486656188965
