0   0.0
1   1.242357611656189
2   1.1897903680801392
3   1.3840680122375488
4   1.1502876281738281
5   1.2480113506317139
6   1.1208287477493286
7   1.1832290887832642
8   1.16916823387146
9   1.4117151498794556
10   1.6054266691207886
11   1.2594834566116333
12   1.1863776445388794
13   2.354992628097534
14   1.9556647539138794
15   2.372044801712036
16   2.293207883834839
17   2.368441343307495
18   3.7026782035827637
19   3.715327262878418
20   4.836249828338623
21   3.110746145248413
22   4.642460823059082
23   3.726889133453369
24   3.235264301300049
25   2.384441614151001
26   2.910517930984497
27   2.637270450592041
28   1.4453487396240234
29   2.0765955448150635
30   3.570330858230591
31   3.3758814334869385
32   3.8689653873443604
33   2.2185165882110596
34   1.6258018016815186
35   2.0161099433898926
36   3.033924102783203
37   3.0989503860473633
38   2.3109025955200195
39   3.3621344566345215
40   3.260854721069336
41   3.5385215282440186
42   3.9898793697357178
43   3.535806655883789
44   4.1418256759643555
45   3.789376974105835
46   3.968639612197876
47   3.4566292762756348
48   3.425565481185913
49   3.2183828353881836
50   2.7409965991973877
51   3.8226559162139893
52   3.0781397819519043
53   3.440098762512207
54   3.755070447921753
55   2.841722011566162
56   3.931774139404297
57   3.3988213539123535
58   3.4559104442596436
59   3.4975991249084473
60   3.5573744773864746
61   2.689683675765991
62   3.636481761932373
63   4.345927715301514
64   3.291578531265259
65   3.5441629886627197
66   3.19500470161438
67   3.2221333980560303
68   3.6569135189056396
69   2.977048397064209
70   3.8525331020355225
71   3.935274839401245
72   3.3715953826904297
73   2.9113502502441406
74   3.0988504886627197
75   3.533693552017212
76   3.022848129272461
77   3.2531118392944336
78   3.074902057647705
79   3.1254594326019287
80   3.135072946548462
81   3.958317279815674
82   3.6661524772644043
83   3.2074382305145264
84   4.203751564025879
85   2.912216901779175
86   3.5408263206481934
87   2.849208116531372
88   3.664360284805298
89   3.7927770614624023
90   3.414877414703369
91   3.0865073204040527
92   3.55233097076416
93   4.052680015563965
94   3.547487497329712
95   3.4245598316192627
96   2.744033098220825
97   3.529442071914673
98   4.1081743240356445
99   3.565997362136841
100   3.170053720474243
101   2.80924129486084
102   3.7059450149536133
103   3.9286410808563232
104   3.153569459915161
105   4.498295783996582
106   3.335106611251831
107   3.8088130950927734
108   3.81298565864563
109   3.116032600402832
110   3.911606550216675
111   3.2116873264312744
112   3.8562815189361572
113   3.8371822834014893
114   4.064918041229248
115   3.7859084606170654
116   3.380099296569824
117   3.515190601348877
118   4.04576301574707
119   3.175321578979492
120   3.6469173431396484
121   3.3172659873962402
122   2.9588963985443115
123   4.115434169769287
124   3.288783073425293
125   3.487917423248291
126   3.748624801635742
127   4.0127153396606445
128   4.023568630218506
129   2.91546368598938
130   3.667416572570801
131   4.1774749755859375
132   2.840611219406128
133   2.503070831298828
134   3.8565473556518555
135   3.5882601737976074
136   3.240201950073242
137   3.8071327209472656
138   3.4717049598693848
139   3.972783327102661
140   3.719242811203003
141   3.527221441268921
142   4.00056266784668
143   3.740161180496216
144   3.7287044525146484
145   3.941911458969116
146   3.2009220123291016
147   1.537537693977356
148   3.279306173324585
149   3.000471830368042
150   3.919062376022339
151   3.1084604263305664
152   4.730693817138672
153   2.0310609340667725
154   4.10038423538208
155   2.575885057449341
156   3.3718323707580566
157   2.3740696907043457
158   4.695129871368408
159   3.4965219497680664
160   3.1588940620422363
161   3.9115970134735107
162   3.0588200092315674
163   3.4826228618621826
164   3.074085235595703
165   3.819281578063965
166   3.2130768299102783
167   3.792224645614624
168   2.639673948287964
169   3.2493643760681152
170   3.152669668197632
171   3.0472793579101563
172   4.187713146209717
173   2.734809637069702
174   2.3267478942871094
175   3.085974931716919
176   2.7096736431121826
177   3.0933079719543457
178   3.0784473419189453
179   3.316399574279785
180   3.162651538848877
181   3.56480073928833
182   2.938357353210449
183   3.243500232696533
184   3.1090424060821533
185   3.278508424758911
186   3.6737167835235596
187   3.468545913696289
188   3.1221823692321777
189   2.654707431793213
190   3.0811238288879395
191   3.664121627807617
192   2.668606996536255
193   4.002612590789795
194   3.2010321617126465
195   2.5266706943511963
196   3.410209894180298
197   2.765885591506958
198   2.6767632961273193
199   2.9502155780792236
200   2.138735294342041
201   3.34775972366333
202   2.7167551517486572
203   2.9464914798736572
204   2.858194351196289
205   1.6222028732299805
206   2.373617649078369
207   2.5891060829162598
208   4.133713245391846
209   2.3257665634155273
210   4.080651760101318
211   2.4619576930999756
212   3.5431792736053467
213   3.5531558990478516
214   3.3634626865386963
1   3.281247615814209
2   2.314375162124634
3   2.3502211570739746
4   2.288822650909424
5   2.6146912574768066
6   2.7891440391540527
7   2.3380794525146484
8   2.4639639854431152
9   3.3912813663482666
10   4.421771049499512
11   4.5430169105529785
12   4.890854358673096
13   2.829444646835327
14   3.0165820121765137
15   3.1824076175689697
16   2.9063713550567627
17   2.991464853286743
18   3.199021577835083
19   3.716845989227295
20   3.1802430152893066
1   3.664599657058716
2   3.296367883682251
3   4.013770580291748
4   3.830997943878174
5   3.8418660163879395
6   3.2727348804473877
7   3.378448724746704
8   3.3348193168640137
9   3.8931045532226563
10   3.023934841156006
11   3.2938337326049805
12   3.519388198852539
13   2.9722917079925537
14   2.475297212600708
15   2.499007225036621
16   3.636570692062378
17   1.5883935689926147
18   2.1397223472595215
19   2.8030600547790527
20   1.915390133857727
21   1.661075234413147
22   3.116209030151367
23   2.4475626945495605
24   2.422555923461914
25   1.807946801185608
26   3.511420488357544
27   2.7634117603302
28   3.169558525085449
29   2.545440435409546
30   3.218074321746826
31   3.3853888511657715
32   2.8587193489074707
33   3.2045397758483887
34   3.4962005615234375
35   3.60935378074646
36   2.619645833969116
37   3.3548827171325684
38   3.255709409713745
39   3.404892921447754
40   1.2873886823654175
41   2.2951433658599854
42   3.087895631790161
43   3.576291799545288
44   3.245723247528076
45   3.278308629989624
46   3.487039566040039
47   3.248387336730957
48   3.586871385574341
49   3.5640974044799805
50   3.710885763168335
51   3.708826780319214
52   1.864106297492981
53   3.37185001373291
54   3.419126510620117
55   2.848017692565918
56   3.6810967922210693
57   3.572904348373413
58   3.3724215030670166
59   3.016373872756958
60   3.646214246749878
61   2.745161533355713
62   3.7771670818328857
63   2.669567584991455
64   3.663862705230713
65   3.3765504360198975
66   3.679746150970459
67   2.906459093093872
68   3.2542436122894287
69   3.5911166667938232
70   3.6477198600769043
71   4.1075921058654785
72   2.069974422454834
73   2.706307888031006
74   3.3969881534576416
75   3.825124979019165
76   2.666579246520996
77   4.53515625
78   4.541697978973389
79   2.7462353706359863
80   2.9262964725494385
81   2.745657205581665
82   3.6124377250671387
83   3.2732508182525635
84   3.7661478519439697
85   4.181127071380615
86   3.290499448776245
87   3.1829488277435303
88   4.244539737701416
89   3.791138172149658
90   3.9634768962860107
91   3.2999746799468994
92   3.737671136856079
93   3.7255687713623047
94   3.4993410110473633
95   3.735015869140625
96   3.8803348541259766
97   4.295013427734375
98   2.308974027633667
99   3.6161580085754395
100   4.093131065368652
101   4.529763221740723
102   2.404740810394287
103   3.1230077743530273
104   3.208472967147827
105   2.7551791667938232
106   3.8806533813476563
107   4.145671844482422
108   3.5881316661834717
109   3.668503761291504
110   3.4420583248138428
111   3.3768787384033203
112   3.8474903106689453
113   2.7179393768310547
114   2.8225512504577637
115   3.5855677127838135
116   3.2549095153808594
117   3.0224149227142334
118   3.904205083847046
119   3.7889323234558105
120   3.7707102298736572
121   4.283032417297363
122   4.3515520095825195
123   3.7100741863250732
124   3.2406771183013916
125   3.406832456588745
126   3.736208438873291
127   4.565415859222412
128   3.2565557956695557
129   3.609959840774536
130   3.853172540664673
131   3.3277060985565186
132   3.3800771236419678
133   2.738586187362671
134   3.981806755065918
135   3.491016387939453
136   3.590139389038086
137   4.151062965393066
138   3.333646774291992
139   3.8937299251556396
140   3.3025548458099365
141   2.555087089538574
142   2.5907819271087646
143   2.3352649211883545
144   3.3100483417510986
145   1.9184818267822266
146   3.0095744132995605
147   2.829887628555298
148   2.2746670246124268
149   2.8558719158172607
150   2.4756245613098145
151   2.908637285232544
152   3.6160459518432617
153   3.9181036949157715
154   3.2752139568328857
155   4.28931188583374
156   3.920372486114502
157   3.8683416843414307
158   3.382918357849121
159   3.1035208702087402
160   4.064593315124512
1   3.774346113204956
2   3.494357109069824
3   3.7996432781219482
4   3.1020302772521973
5   2.6514699459075928
6   2.8445076942443848
7   2.6781702041625977
8   3.0383975505828857
9   3.6155154705047607
10   4.139781475067139
11   3.0729727745056152
12   3.4951319694519043
13   3.192535877227783
14   2.8051440715789795
15   2.517348051071167
16   3.0024960041046143
17   4.203972816467285
18   3.474968194961548
19   3.222931385040283
20   4.026143550872803
21   3.290989398956299
22   3.05256724357605
23   3.259559392929077
24   3.297529935836792
25   3.1181108951568604
26   3.558504581451416
27   3.413224220275879
28   3.2440855503082275
29   3.5162036418914795
30   3.176203966140747
31   3.932389974594116
32   3.5950801372528076
33   3.8190953731536865
34   4.65710973739624
35   3.524991750717163
36   3.3294713497161865
37   2.9710071086883545
38   3.5417237281799316
39   3.190997362136841
40   3.5315101146698
41   3.7760629653930664
42   3.2418670654296875
43   3.4478113651275635
44   3.4751088619232178
45   3.4404711723327637
46   3.4561960697174072
47   2.98327898979187
48   4.09395170211792
49   4.727668762207031
50   4.0209269523620605
51   2.7964680194854736
52   3.255547046661377
53   3.4526636600494385
54   3.7330403327941895
55   2.6503994464874268
56   3.2893013954162598
57   3.366302967071533
58   3.0098466873168945
59   3.427783489227295
60   2.7938475608825684
61   4.285084247589111
62   2.2336010932922363
63   2.583178997039795
64   3.619858503341675
65   3.9779155254364014
66   3.0540108680725098
67   3.381653070449829
68   3.888688087463379
69   3.4218177795410156
70   3.694171905517578
71   3.0643069744110107
72   2.9587721824645996
73   3.4910192489624023
74   2.9818077087402344
75   3.248162269592285
76   4.435503959655762
77   3.787794351577759
78   3.266915798187256
79   3.7972781658172607
80   3.661283016204834
81   3.727862596511841
82   3.7674291133880615
83   2.5689518451690674
84   2.7238705158233643
85   2.2786834239959717
86   3.245408535003662
87   1.5434632301330566
88   2.337635040283203
89   4.388031005859375
90   3.941559314727783
91   3.5388705730438232
92   3.4561338424682617
93   3.1241908073425293
94   3.33577561378479
95   2.981886148452759
96   2.8869073390960693
97   3.878831624984741
98   3.0794405937194824
99   3.3925986289978027
100   5.059553623199463
101   4.208090305328369
102   4.251835823059082
103   4.754870891571045
104   5.375363826751709
105   4.28417444229126
106   5.098752021789551
107   2.987684726715088
108   3.821226119995117
109   4.8827338218688965
110   3.1607954502105713
111   4.117918014526367
112   3.465928554534912
113   3.9099488258361816
114   4.977677345275879
115   4.507396221160889
116   2.474591016769409
117   3.8754141330718994
118   2.490342855453491
119   3.7297582626342773
120   4.401854038238525
121   3.690800189971924
122   4.488589286804199
123   4.276823043823242
124   5.429914474487305
125   3.6321074962615967
126   3.8158271312713623
127   3.5142390727996826
128   3.083003520965576
129   1.9322330951690674
130   4.264838695526123
131   3.2685115337371826
132   2.465272903442383
133   3.673969030380249
134   3.206787347793579
135   2.9762232303619385
136   3.1131680011749268
137   3.375844717025757
138   2.6843302249908447
139   2.9263288974761963
140   2.81754469871521
141   3.596713066101074
142   3.3910927772521973
143   3.6078782081604004
144   3.930220127105713
145   3.4822144508361816
146   2.674708843231201
147   3.5994184017181396
148   3.7252464294433594
149   3.34782075881958
150   3.4542362689971924
151   3.5783615112304688
152   2.6689300537109375
153   4.171725749969482
154   3.5031495094299316
155   2.4255869388580322
156   3.14709734916687
157   3.730769157409668
158   4.0407562255859375
159   3.103153705596924
160   4.07781982421875
161   4.048701286315918
162   2.6462559700012207
163   3.435967206954956
164   3.7488605976104736
