0   0.0
1   0.2150178849697113
2   0.1986285299062729
3   0.19392827153205872
4   0.18549157679080963
5   0.1949724704027176
6   0.17552994191646576
7   0.1916150599718094
8   0.18998302519321442
9   0.2563735246658325
10   0.280987411737442
11   0.39769861102104187
12   0.5268945693969727
13   0.9828071594238281
14   1.3055038452148438
15   2.2181005477905273
16   2.384273052215576
17   1.810976266860962
18   2.8826587200164795
19   1.8355647325515747
20   1.686099886894226
21   1.6375828981399536
22   1.880905032157898
23   1.9937247037887573
24   2.610445261001587
25   2.1313376426696777
26   1.6805318593978882
27   2.291167974472046
28   1.8142255544662476
29   2.1106324195861816
30   1.9881919622421265
31   1.9220013618469238
32   1.9564570188522339
33   1.798909068107605
34   2.30389142036438
35   2.24111008644104
36   2.196981430053711
37   2.187225103378296
38   1.6135438680648804
39   2.001451015472412
40   2.1314380168914795
41   2.3760886192321777
42   1.950151801109314
43   1.9397013187408447
44   2.386931896209717
45   2.1760387420654297
46   1.9189589023590088
47   1.737086534500122
48   2.0138304233551025
49   1.9529832601547241
50   1.800674557685852
51   2.522829532623291
52   1.9226187467575073
53   2.4218766689300537
54   2.139693021774292
55   2.146777868270874
56   2.248502254486084
57   2.5608725547790527
58   1.94451105594635
59   1.8820244073867798
60   2.4600272178649902
61   2.3901333808898926
62   1.827873706817627
63   2.4920401573181152
64   1.8713382482528687
65   3.0198559761047363
66   2.1274707317352295
67   1.825727105140686
68   2.386157274246216
69   2.2000393867492676
70   2.0849950313568115
71   2.1876702308654785
72   2.0541152954101563
73   1.9030208587646484
74   2.415070056915283
75   2.7211008071899414
76   1.7107011079788208
77   2.0086050033569336
78   2.2926690578460693
79   1.8865455389022827
80   2.1958625316619873
81   2.3232505321502686
82   2.659196615219116
83   2.228142499923706
84   2.60526442527771
85   2.420588254928589
86   2.4976418018341064
87   2.6384782791137695
88   2.3001174926757813
89   2.60896635055542
90   2.053433656692505
91   2.4679486751556396
92   2.191479444503784
93   2.2660672664642334
94   2.240753650665283
95   2.5271799564361572
96   2.3574423789978027
97   2.1667871475219727
98   1.9913742542266846
99   2.371697187423706
100   2.159717321395874
101   1.9313914775848389
102   2.4343628883361816
103   2.425248861312866
104   1.9988093376159668
105   2.038689136505127
106   2.4406940937042236
107   2.6176741123199463
108   1.9597359895706177
109   2.069416046142578
110   1.961516261100769
111   1.8388614654541016
112   2.186624526977539
113   2.339027166366577
114   2.2279841899871826
115   2.257441282272339
116   2.455939769744873
117   2.470277786254883
118   1.7355672121047974
119   2.1951980590820313
120   2.0575098991394043
121   2.078350067138672
122   2.1912381649017334
123   2.47420334815979
124   1.888986349105835
125   1.9516147375106812
126   1.822159767150879
127   1.7369869947433472
128   1.953225016593933
129   1.6841739416122437
130   2.0180442333221436
131   1.72217857837677
132   2.1052534580230713
133   1.8240283727645874
134   1.812524437904358
135   1.6352647542953491
136   1.4481514692306519
137   1.8243876695632935
138   1.8797558546066284
139   1.871942400932312
140   1.9436476230621338
141   1.7568279504776
142   2.5688865184783936
143   2.154157876968384
144   2.630946397781372
145   2.665994644165039
146   1.7740710973739624
147   1.760801076889038
148   3.454134941101074
149   1.9368444681167603
150   2.133342981338501
151   2.616058826446533
152   2.1874380111694336
153   2.0096371173858643
154   2.43676495552063
155   2.224893569946289
156   2.4392459392547607
157   2.0096278190612793
158   2.9256370067596436
159   2.6589488983154297
160   2.4546658992767334
161   2.417067766189575
162   2.388644218444824
163   2.539238452911377
164   2.478440999984741
165   2.4108235836029053
166   2.268308162689209
167   2.4358575344085693
168   2.656221389770508
169   2.5273096561431885
170   2.281672477722168
171   2.1234934329986572
172   2.839630603790283
173   2.215089797973633
174   2.3685970306396484
175   2.6759984493255615
176   2.2921254634857178
177   2.3408844470977783
178   2.2657206058502197
179   2.2684051990509033
180   2.0552632808685303
181   2.2348532676696777
182   2.2861719131469727
183   2.329758882522583
184   2.275697708129883
185   2.023080587387085
186   2.2550952434539795
187   2.1286022663116455
188   2.4868009090423584
189   2.29722261428833
190   2.1358370780944824
191   2.68506121635437
192   2.017080068588257
193   2.286672830581665
194   2.1607117652893066
195   2.8246328830718994
196   2.2833504676818848
197   2.0300817489624023
198   2.3407797813415527
199   2.5366549491882324
200   2.877413272857666
201   2.474475145339966
202   2.1805577278137207
203   2.4122328758239746
204   2.7316083908081055
205   1.954714059829712
206   2.2954695224761963
207   2.6854238510131836
208   2.989532947540283
209   2.608257293701172
210   2.699838876724243
211   2.2667250633239746
212   2.2196030616760254
213   1.930532693862915
214   2.48572039604187
1   2.4872727394104004
2   1.9474737644195557
3   2.295349359512329
4   2.083181858062744
5   2.264366626739502
6   2.393047332763672
7   2.3155181407928467
8   2.508788585662842
9   2.4780147075653076
10   2.370396614074707
11   2.6249582767486572
12   2.7801151275634766
13   2.6020748615264893
14   2.503591537475586
15   2.2943005561828613
16   2.2411603927612305
17   1.8625506162643433
18   1.6494060754776
19   1.926025629043579
20   2.288490056991577
1   1.7915760278701782
2   2.2943837642669678
3   1.9492861032485962
4   2.0777089595794678
5   2.49412202835083
6   2.263077735900879
7   2.240114450454712
8   2.245290756225586
9   2.1108102798461914
10   2.3053295612335205
11   2.5523617267608643
12   2.357455253601074
13   2.4380593299865723
14   2.596059799194336
15   2.4033327102661133
16   2.603543281555176
17   2.2988877296447754
18   2.559386968612671
19   2.568397045135498
20   2.3528575897216797
21   2.2938027381896973
22   2.6003551483154297
23   2.5148568153381348
24   2.2946622371673584
25   2.420886278152466
26   2.5307624340057373
27   2.6924917697906494
28   2.477745294570923
29   2.373018741607666
30   2.6199734210968018
31   2.5494585037231445
32   2.438410520553589
33   2.6041619777679443
34   2.613924264907837
35   2.388953924179077
36   2.3583929538726807
37   2.3746402263641357
38   2.3511202335357666
39   2.3467326164245605
40   2.390864133834839
41   2.391552686691284
42   2.421450138092041
43   2.4442639350891113
44   2.3412303924560547
45   2.317791223526001
46   2.3678269386291504
47   2.288489580154419
48   2.2926809787750244
49   2.3093998432159424
50   2.5650224685668945
51   2.264425039291382
52   2.7989888191223145
53   2.422031879425049
54   2.3974204063415527
55   2.7377889156341553
56   2.964106321334839
57   2.5589184761047363
58   2.768129587173462
59   2.5273542404174805
60   2.7160842418670654
61   2.438269853591919
62   2.9802443981170654
63   2.817171812057495
64   3.167396068572998
65   2.8495473861694336
66   2.818225622177124
67   2.7586140632629395
68   2.4936983585357666
69   2.6142382621765137
70   2.1412031650543213
71   2.7435286045074463
72   2.4488346576690674
73   2.5641660690307617
74   2.964184045791626
75   2.7340407371520996
76   2.7596333026885986
77   3.873997449874878
78   3.1406631469726563
79   3.0437660217285156
80   3.1677944660186768
81   2.390855312347412
82   2.419321060180664
83   3.6855993270874023
84   3.3107399940490723
85   2.6768534183502197
86   2.3624861240386963
87   2.916555643081665
88   3.250481605529785
89   3.1648361682891846
90   3.596464157104492
91   3.0041863918304443
92   3.3674445152282715
93   2.966036319732666
94   2.9139528274536133
95   2.778047800064087
96   2.7048192024230957
97   3.2150864601135254
98   3.057359218597412
99   2.9232547283172607
100   3.9807491302490234
101   2.9518280029296875
102   1.7615067958831787
103   2.600677728652954
104   2.411931276321411
105   2.4831113815307617
106   2.1920347213745117
107   2.0754945278167725
108   2.526174306869507
109   2.3608381748199463
110   2.752577543258667
111   2.5181758403778076
112   2.33616042137146
113   2.626415252685547
114   2.47187876701355
115   2.418598175048828
116   2.4010579586029053
117   2.187577962875366
118   2.3572816848754883
119   2.2960126399993896
120   2.5078163146972656
121   2.410695791244507
122   2.453472852706909
123   2.3346810340881348
124   2.4710521697998047
125   2.4341161251068115
126   2.566371202468872
127   2.801337718963623
128   1.9863497018814087
129   1.7709687948226929
130   2.0051896572113037
131   2.1706042289733887
132   2.698347330093384
133   2.1213290691375732
134   2.527883768081665
135   2.479342460632324
136   2.8045217990875244
137   2.9876415729522705
138   2.8946125507354736
139   2.9547500610351563
140   2.8577146530151367
141   2.5187788009643555
142   2.6891536712646484
143   2.2812376022338867
144   2.582132339477539
145   2.82240629196167
146   2.163832426071167
147   2.481492757797241
148   2.7988219261169434
149   2.629889726638794
150   2.8409008979797363
151   2.798067092895508
152   2.256070852279663
153   2.295670747756958
154   2.241777181625366
155   2.8514137268066406
156   2.35209584236145
157   2.5076684951782227
158   2.060633659362793
159   2.3340084552764893
160   2.5835928916931152
1   1.9967235326766968
2   1.950931191444397
3   1.9641335010528564
4   2.4316585063934326
5   2.3053946495056152
6   2.4330010414123535
7   2.531001567840576
8   2.3257458209991455
9   2.4903550148010254
10   2.601356029510498
11   2.2921290397644043
12   2.3131892681121826
13   2.44903826713562
14   2.3312602043151855
15   2.4450998306274414
16   2.54017972946167
17   2.2834792137145996
18   2.0924572944641113
19   2.297532081604004
20   2.440305233001709
21   2.5213561058044434
22   2.2221016883850098
23   2.727494716644287
24   2.333326816558838
25   2.1885831356048584
26   2.293391227722168
27   1.9170873165130615
28   1.88612961769104
29   1.739414095878601
30   2.1406314373016357
31   2.4708192348480225
32   2.288766384124756
33   2.360285520553589
34   1.9839998483657837
35   2.230879545211792
36   2.3569605350494385
37   2.2644689083099365
38   2.7965714931488037
39   2.2400896549224854
40   2.4999845027923584
41   2.409170389175415
42   2.1873135566711426
43   2.3804121017456055
44   2.6186327934265137
45   2.5629777908325195
46   2.3020706176757813
47   2.4423234462738037
48   2.4988205432891846
49   2.6151883602142334
50   2.4656643867492676
51   2.471407413482666
52   2.1603615283966064
53   2.0811965465545654
54   2.5553343296051025
55   2.4434871673583984
56   2.5619006156921387
57   2.890814781188965
58   2.445976972579956
59   2.7061164379119873
60   2.570824146270752
61   2.6636581420898438
62   2.5139400959014893
63   2.5103166103363037
64   2.471280336380005
65   2.626728057861328
66   2.3152387142181396
67   2.3879008293151855
68   2.374856948852539
69   2.665370464324951
70   2.356713056564331
71   2.2738561630249023
72   2.381845712661743
73   2.446852922439575
74   2.217942953109741
75   2.8840787410736084
76   2.6564042568206787
77   2.7359678745269775
78   2.3285701274871826
79   2.4292874336242676
80   2.3018462657928467
81   2.566425085067749
82   2.4646174907684326
83   1.9255261421203613
84   1.636165976524353
85   1.3060530424118042
86   1.8656004667282104
87   1.5967463254928589
88   1.7140271663665771
89   2.0198333263397217
90   1.8109729290008545
91   1.4920991659164429
92   1.8815956115722656
93   2.4545390605926514
94   1.8861973285675049
95   2.0112950801849365
96   1.8859522342681885
97   1.8700562715530396
98   1.6361699104309082
99   1.9645798206329346
100   2.599642515182495
101   2.3615643978118896
102   2.446279525756836
103   2.477473735809326
104   2.958383560180664
105   2.2059268951416016
106   2.5873119831085205
107   1.4787254333496094
108   1.859092354774475
109   2.076310396194458
110   1.5333011150360107
111   1.9008489847183228
112   1.8828426599502563
113   1.9767725467681885
114   2.7573013305664063
115   2.1927032470703125
116   1.5859575271606445
117   1.903620719909668
118   1.2708063125610352
119   1.7856422662734985
120   1.3931301832199097
121   1.7575563192367554
122   1.7938883304595947
123   1.4909322261810303
124   2.217327833175659
125   1.548856496810913
126   1.677341341972351
127   1.9709453582763672
128   1.6433194875717163
129   1.8359047174453735
130   2.1336441040039063
131   1.7636058330535889
132   1.4662789106369019
133   2.7380805015563965
134   2.4108939170837402
135   1.98750638961792
136   1.4039665460586548
137   2.204075813293457
138   2.1608331203460693
139   2.2370965480804443
140   2.318424701690674
141   2.352435350418091
142   2.083040952682495
143   2.1718430519104004
144   2.5577762126922607
145   2.2069642543792725
146   2.555539131164551
147   1.9730169773101807
148   2.1909024715423584
149   2.091808795928955
150   2.194197416305542
151   2.0979347229003906
152   2.2281970977783203
153   2.2461066246032715
154   2.2637603282928467
155   2.091996431350708
156   1.9994817972183228
157   2.174913167953491
158   2.2141637802124023
159   2.0140466690063477
160   2.121317148208618
161   2.3187363147735596
162   2.410233736038208
163   2.218303918838501
164   2.3728678226470947
