0   0.0
1   0.22030000388622284
2   0.20467016100883484
3   0.2071201056241989
4   0.1995421051979065
5   0.21468918025493622
6   0.20048393309116364
7   0.20951640605926514
8   0.20749373733997345
9   0.2664642930030823
10   0.3008102774620056
11   0.40224015712738037
12   0.5383661389350891
13   0.9476406574249268
14   1.3672484159469604
15   2.0196139812469482
16   2.211616039276123
17   1.659150242805481
18   2.6752359867095947
19   1.8513319492340088
20   1.598780632019043
21   1.5717326402664185
22   2.0499556064605713
23   2.060424566268921
24   2.4539101123809814
25   2.176460027694702
26   1.7627214193344116
27   2.1648409366607666
28   2.0857994556427
29   2.0993337631225586
30   2.247328281402588
31   2.2031280994415283
32   2.193624258041382
33   1.8577405214309692
34   2.1998953819274902
35   2.2164840698242188
36   2.1910946369171143
37   2.255880355834961
38   1.7102327346801758
39   2.190704107284546
40   2.246173858642578
41   2.414886951446533
42   2.067660331726074
43   2.0469627380371094
44   2.467272996902466
45   2.3361361026763916
46   2.037797212600708
47   2.0641422271728516
48   1.977999210357666
49   1.9683146476745605
50   1.9335846900939941
51   2.428694009780884
52   1.9383001327514648
53   2.3742287158966064
54   2.1931955814361572
55   2.303276777267456
56   2.3276894092559814
57   2.3948814868927
58   1.844422698020935
59   1.9052422046661377
60   2.318028688430786
61   2.35892915725708
62   2.0673625469207764
63   2.517118453979492
64   1.8804271221160889
65   2.832584857940674
66   2.1452698707580566
67   1.9790458679199219
68   2.291672468185425
69   2.037716865539551
70   2.2542693614959717
71   2.3792061805725098
72   2.201263189315796
73   2.069357395172119
74   2.2924108505249023
75   2.5796163082122803
76   1.697642207145691
77   2.007716655731201
78   2.227694272994995
79   1.9020706415176392
80   2.0724477767944336
81   2.232078790664673
82   2.6513309478759766
83   2.2652170658111572
84   2.591776132583618
85   2.3506648540496826
86   2.4530272483825684
87   2.5308008193969727
88   2.3075170516967773
89   2.585599184036255
90   2.0457427501678467
91   2.36529278755188
92   2.153151035308838
93   2.2778759002685547
94   2.1807701587677
95   2.4600439071655273
96   2.2693324089050293
97   2.2095696926116943
98   2.187831163406372
99   2.1464264392852783
100   2.1663708686828613
101   2.001286029815674
102   2.2032511234283447
103   2.2733757495880127
104   2.0605671405792236
105   2.173269271850586
106   2.3772382736206055
107   2.535295248031616
108   2.0330698490142822
109   2.075984239578247
110   1.9218751192092896
111   1.9099379777908325
112   2.2478160858154297
113   2.4436514377593994
114   2.2154088020324707
115   2.2493197917938232
116   2.371164321899414
117   2.5192012786865234
118   1.8434994220733643
119   2.2917091846466064
120   2.289297342300415
121   2.0489845275878906
122   2.2785725593566895
123   2.468095541000366
124   1.8486167192459106
125   1.9399858713150024
126   1.8916704654693604
127   1.9611965417861938
128   2.0667855739593506
129   1.8384195566177368
130   2.3419079780578613
131   1.884007215499878
132   2.149106025695801
133   1.6035208702087402
134   1.6930917501449585
135   1.6649163961410522
136   1.40642249584198
137   1.8319289684295654
138   1.7389962673187256
139   1.8221064805984497
140   1.8501479625701904
141   1.834660530090332
142   2.3975841999053955
143   2.0785439014434814
144   2.5698862075805664
145   2.4588794708251953
146   1.6821938753128052
147   1.6115525960922241
148   3.0808610916137695
149   1.8895446062088013
150   2.047351360321045
151   2.459097146987915
152   2.2460598945617676
153   2.0484459400177
154   2.496459722518921
155   2.153390884399414
156   2.3536791801452637
157   2.0676655769348145
158   2.7868642807006836
159   2.5609848499298096
160   2.4153735637664795
161   2.414903163909912
162   2.464538812637329
163   2.535419225692749
164   2.450545310974121
165   2.3242969512939453
166   2.2677464485168457
167   2.3474509716033936
168   2.4608471393585205
169   2.3859784603118896
170   2.201230764389038
171   2.1297051906585693
172   2.6886579990386963
173   2.2049973011016846
174   2.3727545738220215
175   2.572338104248047
176   2.2474186420440674
177   2.2620434761047363
178   2.1605217456817627
179   2.39180064201355
180   2.1451494693756104
181   2.1558120250701904
182   2.2878942489624023
183   2.26301908493042
184   2.18142032623291
185   1.9674556255340576
186   2.3224101066589355
187   2.2344958782196045
188   2.5143728256225586
189   2.3012490272521973
190   2.1834535598754883
191   2.5993573665618896
192   1.9748039245605469
193   2.4080662727355957
194   2.187995195388794
195   2.7712790966033936
196   2.3769307136535645
197   2.113335609436035
198   2.338956594467163
199   2.385341167449951
200   2.62522029876709
201   2.3585610389709473
202   2.2702524662017822
203   2.397562265396118
204   2.581479787826538
205   2.023005485534668
206   2.290214776992798
207   2.5370442867279053
208   2.8780901432037354
209   2.5245163440704346
210   2.7787914276123047
211   2.295358180999756
212   2.2365026473999023
213   2.079770565032959
214   2.429042100906372
1   2.383206844329834
2   1.9356911182403564
3   2.302147388458252
4   2.163311243057251
5   2.2955355644226074
6   2.3696582317352295
7   2.3218555450439453
8   2.4502668380737305
9   2.397733688354492
10   2.3424952030181885
11   2.5697762966156006
12   2.7256617546081543
13   2.5910792350769043
14   2.512753486633301
15   2.1250956058502197
16   2.0981433391571045
17   2.0153770446777344
18   1.7156052589416504
19   1.9670790433883667
20   2.3352596759796143
1   1.8612828254699707
2   2.3236958980560303
3   1.9429243803024292
4   2.112630844116211
5   2.498096466064453
6   2.236022710800171
7   2.2590250968933105
8   2.2591896057128906
9   2.070403814315796
10   2.2620162963867188
11   2.5086653232574463
12   2.322675943374634
13   2.37593936920166
14   2.449707269668579
15   2.366420269012451
16   2.557650089263916
17   2.2524967193603516
18   2.384105682373047
19   2.5104668140411377
20   2.236499309539795
21   2.3304357528686523
22   2.5075173377990723
23   2.4008092880249023
24   2.300272226333618
25   2.3073854446411133
26   2.4175362586975098
27   2.581470489501953
28   2.3969807624816895
29   2.321687936782837
30   2.4959118366241455
31   2.48364520072937
32   2.44628643989563
33   2.5278468132019043
34   2.5396037101745605
35   2.34078311920166
36   2.369786500930786
37   2.3207132816314697
38   2.291311264038086
39   2.334808349609375
40   2.369148015975952
41   2.3980069160461426
42   2.3679752349853516
43   2.37553071975708
44   2.3308658599853516
45   2.2742836475372314
46   2.3589062690734863
47   2.284409284591675
48   2.3016622066497803
49   2.316741704940796
50   2.546433925628662
51   2.2752938270568848
52   2.711317777633667
53   2.424546003341675
54   2.4193317890167236
55   2.6415934562683105
56   2.888265371322632
57   2.622375965118408
58   2.729764938354492
59   2.4841437339782715
60   2.57479190826416
61   2.351679801940918
62   2.8934097290039063
63   2.7372214794158936
64   3.0273706912994385
65   2.703488826751709
66   2.7962377071380615
67   2.683483123779297
68   2.455749988555908
69   2.6389307975769043
70   2.2654409408569336
71   2.7447075843811035
72   2.4698047637939453
73   2.4950649738311768
74   2.9012398719787598
75   2.663947582244873
76   2.852613925933838
77   3.6975514888763428
78   3.2152862548828125
79   2.9561047554016113
80   3.0599160194396973
81   2.4078454971313477
82   2.4630579948425293
83   3.403634548187256
84   3.1576952934265137
85   2.621098518371582
86   2.458183526992798
87   2.7840497493743896
88   3.053983449935913
89   3.097736120223999
90   3.5283024311065674
91   2.8451082706451416
92   3.234424352645874
93   2.9617702960968018
94   2.88511061668396
95   2.7481794357299805
96   2.752173662185669
97   3.2607948780059814
98   2.902287483215332
99   2.836181163787842
100   3.7230024337768555
101   2.769510269165039
102   1.9509317874908447
103   2.582200527191162
104   2.395268440246582
105   2.526632308959961
106   2.3683178424835205
107   2.303452253341675
108   2.613854169845581
109   2.587106227874756
110   2.743164300918579
111   2.632593870162964
112   2.4088239669799805
113   2.740159749984741
114   2.549776554107666
115   2.4317381381988525
116   2.4100706577301025
117   2.272554397583008
118   2.400975227355957
119   2.335059404373169
120   2.5885798931121826
121   2.488419532775879
122   2.553518772125244
123   2.408859968185425
124   2.562072515487671
125   2.5327742099761963
126   2.6362149715423584
127   2.617121696472168
128   2.0421090126037598
129   1.8613892793655396
130   2.035726547241211
131   2.268361806869507
132   2.748821258544922
133   2.258491277694702
134   2.7110135555267334
135   2.2943830490112305
136   2.6808149814605713
137   2.8151559829711914
138   2.7477688789367676
139   2.8040971755981445
140   2.750455617904663
141   2.4080989360809326
142   2.6113922595977783
143   2.1924965381622314
144   2.447012186050415
145   2.7466320991516113
146   2.1047513484954834
147   2.373960494995117
148   2.6208856105804443
149   2.500001907348633
150   2.6600453853607178
151   2.608992099761963
152   2.1079177856445313
153   2.3031210899353027
154   2.2211105823516846
155   2.751453399658203
156   2.276918649673462
157   2.543231248855591
158   2.0459001064300537
159   2.200352430343628
160   2.4745380878448486
1   2.1056649684906006
2   1.8221572637557983
3   2.0269381999969482
4   2.4183449745178223
5   2.249049186706543
6   2.3744101524353027
7   2.4809410572052
8   2.320213556289673
9   2.4682350158691406
10   2.524078845977783
11   2.2337894439697266
12   2.277360677719116
13   2.4490468502044678
14   2.3521859645843506
15   2.370195150375366
16   2.439596176147461
17   2.285079002380371
18   2.025775194168091
19   2.276716947555542
20   2.411609172821045
21   2.50203013420105
22   2.221609354019165
23   2.6579244136810303
24   2.321889877319336
25   2.1589419841766357
26   2.2746565341949463
27   1.9703850746154785
28   1.8296393156051636
29   1.792474627494812
30   2.1426901817321777
31   2.6218807697296143
32   2.4197497367858887
33   2.37971830368042
34   2.1667473316192627
35   2.4878337383270264
36   2.6111602783203125
37   2.345092535018921
38   2.672420024871826
39   2.3056232929229736
40   2.349928140640259
41   2.432218551635742
42   2.1838481426239014
43   2.2928619384765625
44   2.5388360023498535
45   2.553152322769165
46   2.278388261795044
47   2.419682741165161
48   2.5022518634796143
49   2.6215577125549316
50   2.4119722843170166
51   2.3745405673980713
52   2.1656641960144043
53   2.107649564743042
54   2.4784083366394043
55   2.457991123199463
56   2.485281229019165
57   2.7943177223205566
58   2.4374444484710693
59   2.5289838314056396
60   2.5320799350738525
61   2.5879125595092773
62   2.484006643295288
63   2.3883187770843506
64   2.453883409500122
65   2.6032521724700928
66   2.3034234046936035
67   2.383002996444702
68   2.4482545852661133
69   2.625565528869629
70   2.316513776779175
71   2.268498659133911
72   2.3766722679138184
73   2.3457727432250977
74   2.1377711296081543
75   2.8241147994995117
76   2.535998821258545
77   2.6212170124053955
78   2.261702537536621
79   2.394737720489502
80   2.2303993701934814
81   2.5162267684936523
82   2.4204821586608887
83   1.947997808456421
84   1.71286141872406
85   1.2392826080322266
86   1.7803117036819458
87   1.5209108591079712
88   1.7324581146240234
89   1.933896780014038
90   1.7255430221557617
91   1.4455941915512085
92   1.794443964958191
93   2.141775608062744
94   1.8482868671417236
95   1.9091867208480835
96   2.079922676086426
97   2.1453614234924316
98   1.8617461919784546
99   2.059138298034668
100   2.7645645141601563
101   2.5847346782684326
102   2.691124677658081
103   2.6925694942474365
104   2.973726987838745
105   2.1851696968078613
106   2.6454639434814453
107   1.68830406665802
108   1.927826166152954
109   2.1071183681488037
110   1.4159455299377441
111   2.0949621200561523
112   2.068498373031616
113   2.0754342079162598
114   2.917351007461548
115   2.3192670345306396
116   1.711830973625183
117   2.022270917892456
118   1.4547799825668335
119   1.7864749431610107
120   1.3724831342697144
121   1.72566819190979
122   1.7635663747787476
123   1.545782446861267
124   2.143646478652954
125   1.56916081905365
126   1.6250673532485962
127   1.8175239562988281
128   1.8577642440795898
129   1.749272108078003
130   1.951098084449768
131   1.6774264574050903
132   1.3511137962341309
133   2.521038293838501
134   2.1694061756134033
135   1.9040148258209229
136   1.371355652809143
137   2.1179237365722656
138   2.08166766166687
139   2.0728251934051514
140   2.265540361404419
141   2.4423718452453613
142   2.2050914764404297
143   2.248389720916748
144   2.6746432781219482
145   2.361686944961548
146   2.6082441806793213
147   2.10852313041687
148   2.316739797592163
149   2.1397221088409424
150   2.3662891387939453
151   2.216026782989502
152   2.246854066848755
153   2.3216612339019775
154   2.408859968185425
155   2.1475021839141846
156   2.0890145301818848
157   2.2283265590667725
158   2.272601842880249
159   2.0670840740203857
160   2.2190113067626953
161   2.3566672801971436
162   2.396602153778076
163   2.2415544986724854
164   2.419379711151123
