0   0.0
1   0.23336085677146912
2   0.25471746921539307
3   0.2432047426700592
4   0.1881175935268402
5   0.16016030311584473
6   0.1676321178674698
7   0.13535350561141968
8   0.17080780863761902
9   0.24818246066570282
10   0.3528423607349396
11   0.44653213024139404
12   0.5279871225357056
13   0.587104856967926
14   0.8668690919876099
15   1.5918217897415161
16   1.8271058797836304
17   0.8690279722213745
18   1.879860758781433
19   4.022853374481201
20   2.9400217533111572
21   2.103074789047241
22   2.286928415298462
23   2.075288772583008
24   2.5879998207092285
25   1.9470598697662354
26   1.742431879043579
27   1.6825884580612183
28   1.8431648015975952
29   2.3219494819641113
30   1.21031653881073
31   2.169149160385132
32   1.5233598947525024
33   2.0821452140808105
34   1.5084587335586548
35   2.3431313037872314
36   2.0034024715423584
37   1.5754735469818115
38   1.938488483428955
39   1.1354331970214844
40   2.2546451091766357
41   1.5857021808624268
42   1.1344406604766846
43   1.1012040376663208
44   1.9494576454162598
45   1.7651950120925903
46   0.947467565536499
47   0.3100641667842865
48   1.5836738348007202
49   1.8856362104415894
50   1.8136279582977295
51   1.7096893787384033
52   1.7150441408157349
53   1.3466167449951172
54   1.2312191724777222
55   1.5160471200942993
56   1.5310972929000854
57   2.618788480758667
58   1.9540988206863403
59   1.9299973249435425
60   1.6407225131988525
61   1.4536155462265015
62   1.9016672372817993
63   1.6854887008666992
64   1.8749383687973022
65   1.3733694553375244
66   1.7678098678588867
67   2.2697064876556396
68   1.88719642162323
69   2.1056087017059326
70   2.222860097885132
71   1.9941823482513428
72   1.247314691543579
73   2.3416404724121094
74   1.3396000862121582
75   2.939129114151001
76   1.6716809272766113
77   2.0107760429382324
78   3.984165668487549
79   3.6512296199798584
80   1.920630931854248
81   3.1643474102020264
82   4.302706241607666
83   4.456441879272461
84   2.3995845317840576
85   1.795039415359497
86   2.0306015014648438
87   2.1832528114318848
88   2.6118364334106445
89   2.1808130741119385
90   2.1642332077026367
91   2.0756213665008545
92   2.087568521499634
93   2.787947177886963
94   2.9963130950927734
95   1.7073204517364502
96   1.7045561075210571
97   2.167311668395996
98   1.3914620876312256
99   1.9265626668930054
100   1.5077178478240967
101   2.273897409439087
102   1.4841384887695313
103   2.351532459259033
104   2.17708158493042
105   1.509014368057251
106   2.1627707481384277
107   1.2040281295776367
108   1.8591995239257813
109   1.6423532962799072
110   1.0591896772384644
111   1.5001968145370483
112   2.031108856201172
113   1.3416281938552856
114   2.2421321868896484
115   1.99925696849823
116   1.7296245098114014
117   2.6217501163482666
118   2.846088409423828
119   1.6852887868881226
120   2.0314719676971436
121   1.446734070777893
122   2.0861010551452637
123   3.587568998336792
124   1.4139418601989746
125   0.6737149953842163
126   1.3461041450500488
127   2.5500247478485107
128   2.7368290424346924
129   2.337510585784912
130   2.1262319087982178
131   2.3522377014160156
132   2.8562679290771484
133   1.865416407585144
134   2.480457305908203
135   2.087399482727051
136   2.126699686050415
137   2.5991504192352295
138   2.064466953277588
139   1.9246848821640015
140   2.463188409805298
141   2.534801483154297
142   1.6186816692352295
143   2.130613088607788
144   2.770345687866211
145   2.3824923038482666
146   1.9341377019882202
147   2.7842442989349365
148   2.0877883434295654
149   1.8736705780029297
150   2.111733913421631
151   2.6591312885284424
152   1.971980333328247
153   2.4056291580200195
154   2.4099550247192383
155   2.0434443950653076
156   2.3026843070983887
157   2.4108383655548096
158   1.688582420349121
159   3.0372817516326904
160   2.205381393432617
161   2.346259593963623
162   2.7106707096099854
163   1.7581366300582886
164   1.6459711790084839
165   2.3719160556793213
166   2.4532241821289063
167   2.446295976638794
168   1.4362796545028687
169   2.641822576522827
170   2.153716802597046
171   2.402294874191284
172   2.414630889892578
173   2.468273401260376
174   2.7556025981903076
175   2.436291456222534
176   1.8705952167510986
177   2.536842107772827
178   2.3503010272979736
179   2.501840591430664
180   2.360846519470215
181   2.0966718196868896
182   1.8269513845443726
183   2.3483927249908447
184   2.667052984237671
185   3.985161542892456
186   3.5815980434417725
187   1.8314497470855713
188   2.359597682952881
189   2.0674426555633545
190   1.4165526628494263
191   2.084486961364746
192   1.8283400535583496
193   1.1697754859924316
194   0.7403095960617065
195   1.8201875686645508
196   1.3339264392852783
197   1.6422556638717651
198   2.0276613235473633
199   2.631396770477295
200   2.435286045074463
201   2.1360576152801514
202   1.6923952102661133
203   2.849189519882202
204   2.605285882949829
205   1.9197689294815063
206   2.207834005355835
207   2.421973705291748
208   1.6406785249710083
209   1.8008229732513428
210   1.6915011405944824
211   1.758180856704712
212   1.7274025678634644
213   1.3778820037841797
1   1.3982160091400146
2   1.5745673179626465
3   1.4648898839950562
4   1.5509432554244995
5   1.5929259061813354
6   1.2280282974243164
7   1.8145776987075806
8   1.6546510457992554
9   1.5227923393249512
10   1.6108289957046509
11   1.4419162273406982
12   1.2363083362579346
13   2.1072564125061035
14   1.2782952785491943
15   1.6022523641586304
16   1.8969744443893433
17   1.5201653242111206
18   1.9427732229232788
19   1.8580853939056396
20   2.0797181129455566
1   1.3354768753051758
2   1.4336376190185547
3   1.6028668880462646
4   1.4220385551452637
5   1.38640296459198
6   1.543541669845581
7   1.2988128662109375
8   1.6776355504989624
9   1.434421181678772
10   1.43095064163208
11   1.7133210897445679
12   1.636726975440979
13   1.582231044769287
14   1.5240514278411865
15   1.4992350339889526
16   1.5699305534362793
17   1.5002853870391846
18   1.4002795219421387
19   1.3134350776672363
20   1.6963025331497192
21   1.5138633251190186
22   1.5927423238754272
23   1.4216190576553345
24   1.4479701519012451
25   1.6595542430877686
26   1.6724454164505005
27   1.6345765590667725
28   1.3983395099639893
29   1.720828890800476
30   1.6156350374221802
31   1.5925569534301758
32   1.3910201787948608
33   1.6653589010238647
34   1.2873746156692505
35   1.6318049430847168
36   1.7566074132919312
37   1.7660971879959106
38   1.6273658275604248
39   1.6317501068115234
40   1.6700266599655151
41   1.6027920246124268
42   1.4780361652374268
43   1.739153265953064
44   1.5662109851837158
45   1.7591543197631836
46   1.28435218334198
47   1.561963438987732
48   1.5913100242614746
49   1.5660614967346191
50   1.7696070671081543
51   1.5738399028778076
52   1.3927174806594849
53   1.4223055839538574
54   1.3455785512924194
55   1.6666291952133179
56   1.5605326890945435
57   1.537164568901062
58   1.4767553806304932
59   1.3990147113800049
60   1.5027010440826416
61   1.5654575824737549
62   1.5277340412139893
63   1.5890508890151978
64   1.5106089115142822
65   1.4816253185272217
66   1.5235223770141602
67   1.5429589748382568
68   1.5161131620407104
69   1.43475341796875
70   1.3726279735565186
71   1.4911893606185913
72   1.5421475172042847
73   1.5979076623916626
74   1.5965887308120728
75   1.4225934743881226
76   1.5280085802078247
77   1.429251790046692
78   1.3842438459396362
79   1.4838417768478394
80   1.3638728857040405
81   1.3977559804916382
82   1.474851131439209
83   1.4772093296051025
84   1.3927860260009766
85   1.3258309364318848
86   1.4825361967086792
87   1.4952563047409058
88   1.3751468658447266
89   1.4038242101669312
90   1.429335117340088
91   1.491100549697876
92   1.6315652132034302
93   1.5262433290481567
94   1.4745579957962036
95   1.4110925197601318
96   1.6536566019058228
97   1.4816222190856934
98   1.6018716096878052
99   1.603732943534851
100   1.709740400314331
101   1.6244295835494995
102   1.5130939483642578
103   1.504954218864441
104   1.5212494134902954
105   1.5359253883361816
106   1.7930431365966797
107   1.4759691953659058
108   1.5627059936523438
109   1.6607270240783691
110   1.523856520652771
111   1.4774665832519531
112   1.3841264247894287
113   1.4515658617019653
114   1.6195166110992432
115   1.5080015659332275
116   1.554549217224121
117   1.514647364616394
118   1.4871271848678589
119   1.435717225074768
120   1.5471240282058716
121   1.306408166885376
122   1.446373462677002
123   1.5345412492752075
124   1.5535733699798584
125   1.4440621137619019
126   1.7061724662780762
127   1.5387364625930786
128   1.4186285734176636
129   1.4070616960525513
130   1.418175458908081
131   1.5143157243728638
132   1.592907190322876
133   1.6085577011108398
134   1.7069318294525146
135   1.5899085998535156
136   1.4064754247665405
137   1.6653469800949097
138   1.6330419778823853
139   1.6163930892944336
140   1.4626421928405762
141   1.4720838069915771
142   1.5284677743911743
143   1.4187124967575073
144   1.5306155681610107
145   1.377506971359253
146   1.4890213012695313
147   1.5566387176513672
148   1.4714049100875854
149   1.5093860626220703
150   1.6077723503112793
151   1.5497850179672241
152   1.691999077796936
153   1.3723516464233398
154   1.3904541730880737
155   1.696859359741211
156   1.676554799079895
157   1.6559531688690186
158   1.476084589958191
159   1.3600094318389893
160   1.4615399837493896
1   1.693160057067871
2   1.3902204036712646
3   1.6705793142318726
4   1.5216315984725952
5   1.5247504711151123
6   1.4187859296798706
7   1.4391515254974365
8   1.4786256551742554
9   1.6330610513687134
10   1.4660652875900269
11   1.465304970741272
12   1.7518467903137207
13   1.2667893171310425
14   1.3809338808059692
15   1.695712685585022
16   1.3676508665084839
17   1.5961377620697021
18   1.557359218597412
19   1.4066795110702515
20   1.6350518465042114
21   1.42657470703125
22   1.4338161945343018
23   1.4035558700561523
24   1.3028491735458374
25   1.576583743095398
26   1.2422739267349243
27   1.571684718132019
28   1.4692491292953491
29   1.3637644052505493
30   1.6913937330245972
31   1.6803003549575806
32   1.6267175674438477
33   1.548134684562683
34   1.6894617080688477
35   1.3001596927642822
36   1.3750003576278687
37   1.466957688331604
38   1.7280060052871704
39   1.6048855781555176
40   1.381676197052002
41   1.4791615009307861
42   1.3463321924209595
43   1.5129153728485107
44   1.373930811882019
45   1.7620415687561035
46   1.3046261072158813
47   1.8659539222717285
48   1.2983759641647339
49   1.8218439817428589
50   1.6911817789077759
51   2.099151134490967
52   1.8459616899490356
53   1.137694001197815
54   1.5301531553268433
55   1.9167622327804565
56   1.384749174118042
57   1.5045496225357056
58   1.678894281387329
59   1.6717441082000732
60   1.884389877319336
61   1.6255042552947998
62   1.8856172561645508
63   1.5890166759490967
64   1.6985981464385986
65   1.4227653741836548
66   1.6646839380264282
67   1.5245325565338135
68   1.671461582183838
69   1.8040034770965576
70   1.4498028755187988
71   1.9833993911743164
72   1.5722956657409668
73   1.6241165399551392
74   2.010772943496704
75   1.7306780815124512
76   1.6405704021453857
77   1.845772385597229
78   1.935888648033142
79   2.1132307052612305
80   1.3296481370925903
81   1.5661556720733643
82   1.3086968660354614
83   1.5124820470809937
84   1.7539740800857544
85   1.5403739213943481
86   1.5525578260421753
87   1.8663545846939087
88   1.6081383228302002
89   2.1932430267333984
90   1.5219810009002686
91   1.8258954286575317
92   2.177816152572632
93   1.633191704750061
94   1.7585339546203613
95   1.5033692121505737
96   2.350116729736328
97   2.4066364765167236
98   1.717042088508606
99   2.0754282474517822
100   2.9607255458831787
101   1.9520444869995117
102   2.0386834144592285
103   1.5457124710083008
104   1.942234754562378
105   1.5333735942840576
106   1.589243769645691
107   1.5755972862243652
108   1.7472234964370728
109   2.0368964672088623
110   1.976231336593628
111   2.164966106414795
112   2.065218210220337
113   1.7821794748306274
114   1.5067172050476074
115   1.7781983613967896
116   1.8402159214019775
117   1.4022613763809204
118   1.60779869556427
119   1.7232805490493774
120   1.4639297723770142
121   1.5850169658660889
122   1.3322179317474365
123   1.6635398864746094
124   1.136296033859253
125   1.6798202991485596
126   1.569797158241272
127   1.4103823900222778
128   1.6618478298187256
129   1.6272586584091187
130   1.498233675956726
131   1.8196876049041748
132   1.621482253074646
133   1.6904234886169434
134   1.4478691816329956
135   1.6627544164657593
136   1.452974796295166
137   1.275370717048645
138   1.2355008125305176
139   1.4587723016738892
140   1.5583276748657227
141   1.7068531513214111
142   1.9103515148162842
143   1.5460922718048096
144   1.376249074935913
145   1.7901506423950195
146   1.4170504808425903
147   1.6393470764160156
148   1.5272364616394043
149   1.5284533500671387
150   1.436868667602539
151   1.4498945474624634
152   1.5217777490615845
153   1.4196727275848389
154   1.2808278799057007
155   1.7841795682907104
156   1.333238124847412
157   1.4746575355529785
158   1.3102645874023438
159   1.5246940851211548
160   1.4929771423339844
161   1.5967884063720703
162   1.6286579370498657
163   1.7053039073944092
164   1.4895392656326294
