0   0.0
1   0.1695730835199356
2   0.184234619140625
3   0.18442189693450928
4   0.18206942081451416
5   0.18281519412994385
6   0.1823187619447708
7   0.1817159801721573
8   0.18817666172981262
9   0.21955254673957825
10   0.29534247517585754
11   0.40759313106536865
12   0.4516642987728119
13   0.9503037333488464
14   1.5159705877304077
15   1.80038583278656
16   1.5774950981140137
17   1.8461087942123413
18   2.3833866119384766
19   1.666504144668579
20   2.4568376541137695
21   1.8761401176452637
22   1.4139325618743896
23   1.9507300853729248
24   1.93985915184021
25   2.414621114730835
26   2.533231019973755
27   2.2005231380462646
28   2.3313405513763428
29   2.0032224655151367
30   2.220055103302002
31   2.1855456829071045
32   1.9249831438064575
33   2.06523060798645
34   1.824217677116394
35   2.3572137355804443
36   1.879711389541626
37   1.630918025970459
38   1.6608632802963257
39   1.406665325164795
40   1.9579904079437256
41   1.8156126737594604
42   1.7204846143722534
43   1.872881531715393
44   2.163689613342285
45   1.653892159461975
46   1.4342139959335327
47   1.8305259943008423
48   1.7529795169830322
49   1.9127987623214722
50   2.1711246967315674
51   1.424185872077942
52   1.4389822483062744
53   1.6656882762908936
54   1.6643747091293335
55   1.4035542011260986
56   1.390663743019104
57   1.9401438236236572
58   1.2672662734985352
59   1.776666283607483
60   1.5690547227859497
61   1.4670321941375732
62   1.4054449796676636
63   1.439544916152954
64   1.2766200304031372
65   1.3813303709030151
66   1.5328552722930908
67   1.8549162149429321
68   1.762977123260498
69   2.0744359493255615
70   1.7112330198287964
71   1.5820997953414917
72   1.9452964067459106
73   1.6000429391860962
74   1.5643713474273682
75   1.7127041816711426
76   1.600294589996338
77   1.2908469438552856
78   2.044015645980835
79   1.9736886024475098
80   1.717342734336853
81   1.733994960784912
82   1.4864763021469116
83   1.6040033102035522
84   1.7028465270996094
85   1.7170690298080444
86   2.031975507736206
87   1.9335089921951294
88   2.1269335746765137
89   2.4033827781677246
90   2.7274017333984375
91   2.0428950786590576
92   2.092341661453247
93   2.6406047344207764
94   2.1232779026031494
95   1.5105769634246826
96   1.709726095199585
97   2.4161524772644043
98   2.2226061820983887
99   1.6597399711608887
100   1.747941017150879
101   2.836535930633545
102   1.7506929636001587
103   2.7815563678741455
104   2.0843865871429443
105   2.163534164428711
106   1.9600838422775269
107   1.9373289346694946
108   2.0846076011657715
109   2.2241368293762207
110   2.2687571048736572
111   2.2303245067596436
112   2.4158709049224854
113   2.427417278289795
114   2.074611186981201
115   2.7887909412384033
116   1.7465308904647827
117   1.879668116569519
118   2.319424867630005
119   2.0757346153259277
120   2.4636542797088623
121   1.6210441589355469
122   2.5403900146484375
123   3.291727066040039
124   1.8647674322128296
125   2.6041836738586426
126   2.4875357151031494
127   3.0399880409240723
128   2.9597535133361816
129   2.735795259475708
130   2.878734588623047
131   2.4099841117858887
132   2.760882616043091
133   1.94986093044281
134   2.4752018451690674
135   2.3925557136535645
136   2.4365034103393555
137   3.2988786697387695
138   2.699601411819458
139   2.266024112701416
140   1.999091625213623
141   2.3553452491760254
142   2.614894151687622
143   2.8235366344451904
144   2.215700387954712
145   2.7894773483276367
146   2.5174105167388916
147   2.1254994869232178
148   2.3169236183166504
149   2.411965847015381
150   2.781412124633789
151   2.6730687618255615
152   2.7633707523345947
153   2.3541510105133057
154   2.44525146484375
155   2.5028793811798096
156   2.3957927227020264
157   2.342289686203003
158   2.520195245742798
159   2.0816006660461426
160   2.4636051654815674
161   2.7736079692840576
162   2.9671096801757813
163   2.9642603397369385
164   2.5228705406188965
165   2.573734760284424
166   2.275075674057007
167   2.474982976913452
168   1.8936933279037476
169   2.5274441242218018
170   2.424149751663208
171   2.577308177947998
172   2.662269353866577
173   2.9042932987213135
174   2.6368567943573
175   2.1508028507232666
176   2.3908872604370117
177   2.54419207572937
178   2.6664412021636963
179   2.5634524822235107
180   2.6175615787506104
181   2.9836997985839844
182   2.3226559162139893
183   2.454935312271118
184   2.577136993408203
185   2.1784465312957764
186   2.592867136001587
187   3.009861946105957
188   2.5119316577911377
189   2.2154316902160645
190   2.381913423538208
191   2.2751736640930176
192   2.656639575958252
193   1.30702543258667
194   1.9367128610610962
195   1.654141902923584
196   1.8211041688919067
197   2.3394775390625
198   2.177443027496338
199   2.3358750343322754
200   2.097336530685425
201   2.4466519355773926
202   1.813437819480896
203   2.224811315536499
204   2.0850183963775635
205   2.322796106338501
206   2.291687488555908
207   1.6848913431167603
208   1.7217185497283936
209   1.54283607006073
210   1.79286527633667
211   1.6063402891159058
212   1.7521331310272217
213   1.9807157516479492
1   1.742449164390564
2   2.1656832695007324
3   1.5759708881378174
4   1.9081735610961914
5   1.7171236276626587
6   1.5141348838806152
7   1.4745984077453613
8   1.6888080835342407
9   1.6473891735076904
10   1.6002352237701416
11   1.900501012802124
12   1.2662761211395264
13   1.6781212091445923
14   1.4432700872421265
15   1.7084887027740479
16   1.5750173330307007
17   1.3148223161697388
18   1.7538412809371948
19   1.9257173538208008
20   1.7211158275604248
1   2.060415267944336
2   1.6940021514892578
3   1.5180217027664185
4   1.355769157409668
5   1.5662492513656616
6   1.5035053491592407
7   1.4932434558868408
8   1.680012583732605
9   1.7587096691131592
10   1.5971453189849854
11   1.417197585105896
12   1.628093957901001
13   1.4574912786483765
14   1.5825910568237305
15   1.4291623830795288
16   1.831281065940857
17   1.6488479375839233
18   1.545615792274475
19   1.6332638263702393
20   1.7225250005722046
21   2.211472988128662
22   1.6238361597061157
23   1.6203124523162842
24   1.6683036088943481
25   2.0395405292510986
26   1.882485270500183
27   1.5924104452133179
28   2.3814141750335693
29   1.6250666379928589
30   1.95929753780365
31   1.5932923555374146
32   1.7031147480010986
33   1.5258582830429077
34   2.006420135498047
35   1.4660300016403198
36   1.6944020986557007
37   1.5023194551467896
38   1.5875712633132935
39   1.668747067451477
40   1.5370891094207764
41   1.8993651866912842
42   1.7928078174591064
43   1.437793493270874
44   1.799380898475647
45   1.5287857055664063
46   1.5251837968826294
47   1.5587570667266846
48   1.9004175662994385
49   1.6816633939743042
50   1.926781177520752
51   1.7020093202590942
52   1.5503301620483398
53   1.4931472539901733
54   1.7880516052246094
55   1.630979061126709
56   1.7785451412200928
57   2.1101951599121094
58   1.6805131435394287
59   1.4031089544296265
60   1.421386480331421
61   1.8487329483032227
62   1.8178282976150513
63   1.9950015544891357
64   1.7530934810638428
65   1.8878499269485474
66   1.687233567237854
67   1.543649673461914
68   1.8433860540390015
69   1.6709239482879639
70   1.9311702251434326
71   1.9190857410430908
72   1.7680829763412476
73   1.8982641696929932
74   2.047053337097168
75   2.4153220653533936
76   2.257927894592285
77   1.7689852714538574
78   1.738442301750183
79   1.892444133758545
80   2.0446667671203613
81   1.8900752067565918
82   2.1201462745666504
83   2.2752459049224854
84   1.7291713953018188
85   2.320401430130005
86   1.9773615598678589
87   2.2254204750061035
88   2.3347904682159424
89   1.7091695070266724
90   2.073234796524048
91   2.0588455200195313
92   1.3702778816223145
93   1.8966925144195557
94   2.0343289375305176
95   1.9832481145858765
96   1.7414299249649048
97   1.6820465326309204
98   1.723736047744751
99   1.6620731353759766
100   2.0776424407958984
101   1.9328663349151611
102   1.4941784143447876
103   2.1932802200317383
104   1.6722790002822876
105   1.568905234336853
106   1.8381308317184448
107   2.043887138366699
108   2.0900003910064697
109   1.514565348625183
110   1.7370268106460571
111   1.4636578559875488
112   1.6402361392974854
113   1.4390254020690918
114   1.3938883543014526
115   1.351757526397705
116   1.3325893878936768
117   1.6188074350357056
118   1.5150240659713745
119   2.3356220722198486
120   1.6019823551177979
121   1.5429356098175049
122   1.2962781190872192
123   1.8699886798858643
124   1.5712132453918457
125   1.4529322385787964
126   2.1563358306884766
127   1.9166512489318848
128   1.735015630722046
129   1.7843480110168457
130   1.9500633478164673
131   1.9113729000091553
132   2.149278163909912
133   1.570633888244629
134   2.107895851135254
135   1.5769633054733276
136   1.9551693201065063
137   1.9506711959838867
138   2.1975810527801514
139   1.8220305442810059
140   1.359666109085083
141   1.5726994276046753
142   1.3778780698776245
143   1.5544146299362183
144   1.701779842376709
145   1.313167929649353
146   1.312578558921814
147   1.5314350128173828
148   1.791918158531189
149   1.470455527305603
150   1.6032441854476929
151   1.5166354179382324
152   1.4233754873275757
153   1.3804540634155273
154   1.5643409490585327
155   1.311869502067566
156   1.5385442972183228
157   1.6954941749572754
158   1.7437758445739746
159   1.9053730964660645
160   1.7869679927825928
1   1.6164205074310303
2   1.799359679222107
3   1.7621071338653564
4   1.5927654504776
5   1.5471951961517334
6   1.839537501335144
7   1.577834963798523
8   1.514888048171997
9   2.06384539604187
10   1.7995283603668213
11   1.4793809652328491
12   1.478272795677185
13   1.7238669395446777
14   1.8708020448684692
15   1.7696179151535034
16   1.7652841806411743
17   1.6794123649597168
18   1.6039432287216187
19   1.6128429174423218
20   1.557795763015747
21   1.619966983795166
22   1.5719952583312988
23   1.8756085634231567
24   1.6787707805633545
25   1.3721246719360352
26   2.0916452407836914
27   1.5820857286453247
28   1.520875334739685
29   1.432069182395935
30   1.6477954387664795
31   1.5590249300003052
32   1.7243685722351074
33   1.558853030204773
34   1.4701578617095947
35   1.6156539916992188
36   1.7920745611190796
37   1.4756492376327515
38   1.684158205986023
39   1.8250796794891357
40   1.7046775817871094
41   1.6780478954315186
42   1.4393970966339111
43   1.825166940689087
44   1.7726939916610718
45   1.880125641822815
46   1.7954596281051636
47   2.249148368835449
48   1.8979443311691284
49   1.92230224609375
50   2.0093345642089844
51   1.723886489868164
52   2.0257041454315186
53   1.821959137916565
54   1.8497978448867798
55   2.138350248336792
56   1.5971003770828247
57   1.671331524848938
58   1.7304445505142212
59   1.3061513900756836
60   1.6941231489181519
61   2.244908332824707
62   1.559714913368225
63   1.8665390014648438
64   1.644402265548706
65   1.6472724676132202
66   1.731462001800537
67   1.7044347524642944
68   1.6373096704483032
69   1.5594987869262695
70   2.060555934906006
71   1.7312313318252563
72   1.4765052795410156
73   1.4322013854980469
74   1.2481855154037476
75   2.368373394012451
76   1.7654755115509033
77   1.6966524124145508
78   1.8666847944259644
79   1.7003883123397827
80   1.4078885316848755
81   1.3749804496765137
82   1.3447134494781494
83   1.4255025386810303
84   1.9369094371795654
85   1.7801001071929932
86   1.5016883611679077
87   2.120948553085327
88   1.71500825881958
89   1.8724820613861084
90   1.67914617061615
91   1.401706576347351
92   1.4235154390335083
93   2.0321831703186035
94   1.8973808288574219
95   1.2540463209152222
96   2.102327346801758
97   1.5254461765289307
98   1.6175223588943481
99   2.0355772972106934
100   1.399903655052185
101   1.897807002067566
102   2.1226038932800293
103   1.4783817529678345
104   1.9217758178710938
105   1.9568760395050049
106   1.6556832790374756
107   1.4523274898529053
108   1.8741884231567383
109   1.509743094444275
110   1.5040868520736694
111   1.9665096998214722
112   1.9550684690475464
113   1.8320802450180054
114   1.8601921796798706
115   1.8983334302902222
116   1.8626242876052856
117   1.3314672708511353
118   1.4030147790908813
119   1.3016295433044434
120   1.8487118482589722
121   1.3283554315567017
122   1.8933420181274414
123   1.7876856327056885
124   1.8992986679077148
125   1.3890057802200317
126   1.9451477527618408
127   1.6961095333099365
128   1.9123636484146118
129   1.309075117111206
130   1.3704180717468262
131   1.605098009109497
132   1.4508247375488281
133   1.5731289386749268
134   1.66433846950531
135   1.8642369508743286
136   1.3462210893630981
137   1.5914301872253418
138   1.4525617361068726
139   1.5443735122680664
140   1.7728981971740723
141   1.434116005897522
142   1.7871415615081787
143   1.8290623426437378
144   1.5420790910720825
145   1.5810226202011108
146   1.8312263488769531
147   1.3511641025543213
148   1.7103837728500366
149   1.5753448009490967
150   1.803610920906067
151   1.682873010635376
152   1.9481792449951172
153   2.027890920639038
154   1.5553895235061646
155   1.2619205713272095
156   1.8523566722869873
157   1.4237903356552124
158   1.8696025609970093
159   1.7642024755477905
160   1.5873757600784302
161   1.4584503173828125
162   1.6079771518707275
163   1.6981884241104126
164   1.9741452932357788
