0   0.0
1   0.19506308436393738
2   0.20552055537700653
3   0.20142830908298492
4   0.1959119737148285
5   0.20019422471523285
6   0.19999925792217255
7   0.19662152230739594
8   0.19631846249103546
9   0.24806825816631317
10   0.30353206396102905
11   0.4312382936477661
12   0.4834924340248108
13   0.9669287800788879
14   1.5489853620529175
15   1.6848554611206055
16   1.4914402961730957
17   1.6934024095535278
18   2.3231277465820313
19   1.7017525434494019
20   2.357363224029541
21   1.9979896545410156
22   1.5314680337905884
23   2.019660472869873
24   1.8414939641952515
25   2.49894380569458
26   2.5156383514404297
27   2.1590375900268555
28   2.296445846557617
29   2.0050323009490967
30   2.173043727874756
31   2.2019598484039307
32   2.1198792457580566
33   2.0265023708343506
34   1.6674433946609497
35   2.254389762878418
36   1.9303873777389526
37   1.5818839073181152
38   1.5745707750320435
39   1.3343006372451782
40   1.758865475654602
41   1.7011781930923462
42   1.8769583702087402
43   2.1649575233459473
44   2.099421739578247
45   1.7013168334960938
46   1.3551642894744873
47   1.766305685043335
48   1.8506227731704712
49   2.0054454803466797
50   2.164649486541748
51   1.306552529335022
52   1.409923791885376
53   1.562923789024353
54   1.5819487571716309
55   1.3785498142242432
56   1.3181911706924438
57   1.6973989009857178
58   1.200850486755371
59   1.6615811586380005
60   1.3862048387527466
61   1.428271770477295
62   1.4317597150802612
63   1.3733971118927002
64   1.4149116277694702
65   1.343170404434204
66   1.478195071220398
67   1.7203272581100464
68   1.6557841300964355
69   2.0596225261688232
70   1.596834659576416
71   1.503361463546753
72   1.799540400505066
73   1.769944667816162
74   1.5598758459091187
75   1.7401591539382935
76   1.5725958347320557
77   1.2720152139663696
78   1.9189064502716064
79   1.991884708404541
80   1.5569123029708862
81   1.7277140617370605
82   1.539209008216858
83   1.6224167346954346
84   1.7441495656967163
85   1.7784359455108643
86   2.132220506668091
87   2.0099151134490967
88   2.047027587890625
89   2.3503196239471436
90   2.597019910812378
91   2.00301194190979
92   2.11143159866333
93   2.521219253540039
94   1.9995396137237549
95   1.5153756141662598
96   1.6617026329040527
97   2.265409469604492
98   2.112929105758667
99   1.561388373374939
100   1.8616777658462524
101   2.5787410736083984
102   1.7115342617034912
103   2.6418497562408447
104   1.9680806398391724
105   2.2877047061920166
106   2.1446778774261475
107   1.9851149320602417
108   2.170804738998413
109   2.2309930324554443
110   2.1248579025268555
111   2.2742488384246826
112   2.25818133354187
113   2.365614652633667
114   2.172030210494995
115   2.6048998832702637
116   1.9280246496200562
117   2.053164482116699
118   2.371541976928711
119   2.2446236610412598
120   2.2958977222442627
121   1.5472651720046997
122   2.390899419784546
123   3.0976057052612305
124   1.7791993618011475
125   2.527984142303467
126   2.4108126163482666
127   2.859875440597534
128   2.8347606658935547
129   2.5830297470092773
130   2.711381673812866
131   2.4444265365600586
132   2.775993824005127
133   2.0774941444396973
134   2.399343729019165
135   2.376952648162842
136   2.4151418209075928
137   3.1644375324249268
138   2.6611392498016357
139   2.376859188079834
140   2.0491552352905273
141   2.315304756164551
142   2.4492969512939453
143   2.7020909786224365
144   2.1901144981384277
145   2.6127512454986572
146   2.5759329795837402
147   2.1157195568084717
148   2.3318281173706055
149   2.3317036628723145
150   2.664323568344116
151   2.4967567920684814
152   2.5593910217285156
153   2.370958089828491
154   2.5318562984466553
155   2.533217430114746
156   2.2729604244232178
157   2.3020238876342773
158   2.3921611309051514
159   2.1261751651763916
160   2.4484410285949707
161   2.6856513023376465
162   2.8923256397247314
163   2.788649320602417
164   2.4651756286621094
165   2.427975654602051
166   2.2570507526397705
167   2.4439377784729004
168   1.9361352920532227
169   2.4576590061187744
170   2.284562349319458
171   2.383821964263916
172   2.450782299041748
173   2.8013417720794678
174   2.5527751445770264
175   2.239119052886963
176   2.3047258853912354
177   2.4815115928649902
178   2.597747325897217
179   2.5280089378356934
180   2.6227426528930664
181   2.7760536670684814
182   2.182248592376709
183   2.3989431858062744
184   2.4370172023773193
185   2.2530124187469482
186   2.389833688735962
187   2.893390655517578
188   2.4608266353607178
189   2.251535177230835
190   2.3474438190460205
191   2.26944899559021
192   2.5381009578704834
193   1.349623441696167
194   1.793121099472046
195   1.5883368253707886
196   1.7998483180999756
197   2.1611647605895996
198   2.0222930908203125
199   2.1573832035064697
200   2.0829384326934814
201   2.3581061363220215
202   1.7171266078948975
203   2.0685501098632813
204   1.912847876548767
205   2.1224708557128906
206   2.197899103164673
207   1.51891028881073
208   1.6376516819000244
209   1.4056249856948853
210   1.7244682312011719
211   1.701339602470398
212   1.7044434547424316
213   1.9331138134002686
1   1.6720093488693237
2   2.0963964462280273
3   1.5841403007507324
4   1.8428398370742798
5   1.8833481073379517
6   1.3868935108184814
7   1.299772024154663
8   1.4695932865142822
9   1.5239323377609253
10   1.436705470085144
11   1.728619933128357
12   1.2075436115264893
13   1.5732272863388062
14   1.3314132690429688
15   1.5687683820724487
16   1.3769965171813965
17   1.2547454833984375
18   1.6894198656082153
19   1.6670423746109009
20   1.5934759378433228
1   2.092590808868408
2   1.7601585388183594
3   1.4310871362686157
4   1.4011820554733276
5   1.4782556295394897
6   1.571278691291809
7   1.5590500831604004
8   1.7414097785949707
9   1.7843044996261597
10   1.6524244546890259
11   1.3097690343856812
12   1.5135000944137573
13   1.3569856882095337
14   1.4210561513900757
15   1.399747610092163
16   1.7072833776474
17   1.5863193273544312
18   1.3973112106323242
19   1.6758229732513428
20   1.6997181177139282
21   1.95273756980896
22   1.6552895307540894
23   1.496335506439209
24   1.5659258365631104
25   2.0338521003723145
26   1.8993144035339355
27   1.5497899055480957
28   2.1805412769317627
29   1.5050932168960571
30   2.041057825088501
31   1.6309270858764648
32   1.764057993888855
33   1.6302121877670288
34   2.004072666168213
35   1.5111244916915894
36   1.8334029912948608
37   1.5928113460540771
38   1.670278787612915
39   1.6804124116897583
40   1.5756826400756836
41   1.8124175071716309
42   1.6830341815948486
43   1.4060256481170654
44   1.77785062789917
45   1.5774692296981812
46   1.6204522848129272
47   1.597170114517212
48   1.8821688890457153
49   1.652193307876587
50   1.9163745641708374
51   1.7265263795852661
52   1.6484431028366089
53   1.4992939233779907
54   1.7503962516784668
55   1.7975565195083618
56   1.9421123266220093
57   2.0876736640930176
58   1.620255470275879
59   1.4825081825256348
60   1.4202522039413452
61   1.8243050575256348
62   1.830972671508789
63   1.926951289176941
64   1.7973994016647339
65   1.8829492330551147
66   1.7409915924072266
67   1.5863642692565918
68   1.8428438901901245
69   1.849151849746704
70   2.0772790908813477
71   1.9983962774276733
72   1.8614503145217896
73   1.9838733673095703
74   2.1726763248443604
75   2.3096723556518555
76   2.367514133453369
77   1.9329347610473633
78   1.8034578561782837
79   1.9341000318527222
80   2.005746364593506
81   1.9207216501235962
82   2.171224355697632
83   2.25765061378479
84   1.741356372833252
85   2.4089367389678955
86   2.070742607116699
87   2.1281325817108154
88   2.547522783279419
89   1.8469319343566895
90   2.17569899559021
91   2.166127920150757
92   1.4097909927368164
93   1.9276864528656006
94   2.0967791080474854
95   2.133913040161133
96   1.7288410663604736
97   1.7147107124328613
98   1.8628039360046387
99   1.6142034530639648
100   2.010714530944824
101   1.9356077909469604
102   1.558198094367981
103   2.1618776321411133
104   1.6559267044067383
105   1.5874446630477905
106   1.7448333501815796
107   2.0217983722686768
108   2.1064698696136475
109   1.5420883893966675
110   1.7537751197814941
111   1.4305620193481445
112   1.7276333570480347
113   1.4304693937301636
114   1.4095066785812378
115   1.400884985923767
116   1.426818609237671
117   1.5616683959960938
118   1.5024750232696533
119   2.3006842136383057
120   1.7216109037399292
121   1.5513019561767578
122   1.332558512687683
123   1.9092144966125488
124   1.6614357233047485
125   1.5872340202331543
126   2.221261978149414
127   1.9946290254592896
128   1.7965091466903687
129   1.9125570058822632
130   1.9515305757522583
131   1.917188048362732
132   2.141306161880493
133   1.7021794319152832
134   2.3126699924468994
135   1.8630367517471313
136   1.9255921840667725
137   1.9545165300369263
138   2.219923734664917
139   1.8066658973693848
140   1.4130609035491943
141   1.4907468557357788
142   1.3467358350753784
143   1.499255657196045
144   1.6248046159744263
145   1.2994418144226074
146   1.3819257020950317
147   1.5928865671157837
148   1.7522143125534058
149   1.3651580810546875
150   1.52598237991333
151   1.5386024713516235
152   1.4725754261016846
153   1.405045509338379
154   1.5035679340362549
155   1.411655306816101
156   1.4570412635803223
157   1.6816157102584839
158   1.7806706428527832
159   1.8271201848983765
160   1.8802717924118042
1   1.5802841186523438
2   1.818057656288147
3   1.7917665243148804
4   1.611537218093872
5   1.605911135673523
6   1.871902346611023
7   1.4948197603225708
8   1.5258501768112183
9   1.8883713483810425
10   1.7458398342132568
11   1.4930471181869507
12   1.4461530447006226
13   1.5320963859558105
14   1.8131407499313354
15   1.8889790773391724
16   1.6902070045471191
17   1.4744701385498047
18   1.5551445484161377
19   1.4919321537017822
20   1.5512304306030273
21   1.6966986656188965
22   1.491641640663147
23   1.7437140941619873
24   1.497198462486267
25   1.2001389265060425
26   1.9774863719940186
27   1.5188632011413574
28   1.4748847484588623
29   1.3028651475906372
30   1.497231364250183
31   1.4718663692474365
32   1.6420347690582275
33   1.5898663997650146
34   1.4783480167388916
35   1.5252727270126343
36   1.6604180335998535
37   1.3570150136947632
38   1.6605150699615479
39   1.6133779287338257
40   1.679123044013977
41   1.6529287099838257
42   1.3346583843231201
43   1.7980164289474487
44   1.7887078523635864
45   1.9892878532409668
46   1.8192830085754395
47   2.20986270904541
48   1.8315869569778442
49   1.9682427644729614
50   2.0275630950927734
51   1.6908988952636719
52   1.9707026481628418
53   1.7284973859786987
54   1.7761883735656738
55   2.0279581546783447
56   1.7043755054473877
57   1.5074443817138672
58   1.6485800743103027
59   1.2290724515914917
60   1.5830018520355225
61   2.05598521232605
62   1.4760663509368896
63   1.7541285753250122
64   1.4983571767807007
65   1.5321952104568481
66   1.6400648355484009
67   1.533786416053772
68   1.3941854238510132
69   1.4856237173080444
70   1.9353927373886108
71   1.5519723892211914
72   1.3827277421951294
73   1.2727174758911133
74   1.239444375038147
75   2.214094400405884
76   1.592157244682312
77   1.5682384967803955
78   1.8658524751663208
79   1.6326366662979126
80   1.329992413520813
81   1.3673958778381348
82   1.3312047719955444
83   1.397883653640747
84   1.7888598442077637
85   1.6831914186477661
86   1.3534436225891113
87   1.921330451965332
88   1.5777859687805176
89   1.8432765007019043
90   1.532559871673584
91   1.3032294511795044
92   1.4119330644607544
93   1.872724175453186
94   1.8849148750305176
95   1.262259840965271
96   1.9032623767852783
97   1.3975611925125122
98   1.6060041189193726
99   2.0765504837036133
100   1.4752576351165771
101   1.8412820100784302
102   2.116661787033081
103   1.6704208850860596
104   1.9507393836975098
105   2.16312313079834
106   1.8034018278121948
107   1.5823254585266113
108   1.9132527112960815
109   1.6216484308242798
110   1.692291498184204
111   2.248887777328491
112   1.9835234880447388
113   1.8082984685897827
114   1.848839521408081
115   1.9585278034210205
116   1.9018640518188477
117   1.3635756969451904
118   1.4560229778289795
119   1.4507099390029907
120   1.9324629306793213
121   1.339609146118164
122   1.9956821203231812
123   1.8477121591567993
124   1.7468469142913818
125   1.6017684936523438
126   1.891819953918457
127   1.8002920150756836
128   2.0764074325561523
129   1.3539787530899048
130   1.4033361673355103
131   1.663102149963379
132   1.4962352514266968
133   1.5762426853179932
134   1.7047446966171265
135   1.9552562236785889
136   1.2688629627227783
137   1.5928024053573608
138   1.6299934387207031
139   1.7070376873016357
140   1.8838354349136353
141   1.5845515727996826
142   1.958221673965454
143   1.9765818119049072
144   1.646681547164917
145   1.722009301185608
146   1.8614916801452637
147   1.3896123170852661
148   1.7009665966033936
149   1.6016452312469482
150   1.9904524087905884
151   1.923017978668213
152   2.181687831878662
153   2.148158311843872
154   1.6029049158096313
155   1.3435050249099731
156   1.8902851343154907
157   1.3617504835128784
158   1.9334183931350708
159   1.8454959392547607
160   1.607265591621399
161   1.6319859027862549
162   1.7403626441955566
163   1.8082149028778076
164   1.8966693878173828
