1   3.063107490539551
2   2.7809948921203613
3   2.2983806133270264
4   2.415487289428711
5   2.907954454421997
6   2.7205631732940674
7   2.6730105876922607
8   2.548478126525879
9   2.440595865249634
10   2.5496599674224854
11   2.875271797180176
12   2.8309357166290283
13   2.785769462585449
14   2.4722297191619873
15   2.533203601837158
16   2.746070384979248
17   3.0001251697540283
18   2.8525326251983643
19   2.647822380065918
20   2.739262104034424
21   2.3919339179992676
22   2.587773084640503
23   2.50539231300354
24   2.7882330417633057
25   2.487044095993042
26   2.5521435737609863
27   2.6713857650756836
28   2.74542236328125
29   2.8406715393066406
30   2.8712499141693115
31   2.8297863006591797
32   2.3738672733306885
33   2.61720609664917
34   2.4530117511749268
35   2.6104233264923096
36   2.489183187484741
37   2.66907000541687
38   2.1382391452789307
39   2.508272886276245
40   2.6732287406921387
41   2.3633744716644287
42   2.3697376251220703
43   2.3536553382873535
44   2.582400321960449
45   2.50981068611145
46   2.3916165828704834
47   1.991715908050537
48   2.3212757110595703
49   2.9570274353027344
50   2.374502420425415
51   2.6362149715423584
52   2.891828775405884
53   2.4548401832580566
54   3.0300815105438232
55   2.754483938217163
56   2.9739503860473633
57   3.3597660064697266
58   2.6339943408966064
59   2.75065016746521
60   2.327626943588257
61   2.2006285190582275
62   2.3059635162353516
63   2.52836275100708
64   2.680332660675049
65   2.4773976802825928
66   2.33451247215271
67   2.6275603771209717
68   2.9689834117889404
69   2.9481184482574463
70   2.1239101886749268
71   2.653285503387451
72   2.333984851837158
73   2.599353551864624
74   2.3964459896087646
75   2.5031185150146484
76   2.54832124710083
77   2.4209351539611816
78   2.516308307647705
79   2.1452689170837402
80   2.093722105026245
81   2.145700693130493
82   2.3250343799591064
83   1.8198970556259155
84   2.1795060634613037
85   2.9574077129364014
86   2.3758299350738525
87   1.9939489364624023
88   2.31565260887146
89   2.4198520183563232
90   2.1038589477539063
91   2.241847038269043
92   2.267721176147461
93   2.3650612831115723
94   1.8894484043121338
95   2.1122374534606934
96   1.9570366144180298
97   2.500852108001709
98   1.8197803497314453
99   2.0893828868865967
100   1.9739230871200562
101   1.946074366569519
102   2.137920618057251
103   2.107579231262207
104   2.3479580879211426
105   1.9598020315170288
106   2.241960287094116
107   2.877825975418091
108   2.0745320320129395
109   2.005384922027588
110   2.390791416168213
111   2.2006680965423584
112   1.993123173713684
113   2.131652355194092
114   1.859013557434082
115   1.8330703973770142
116   2.0793347358703613
117   1.8412156105041504
118   2.1332736015319824
119   2.131251811981201
120   1.856400489807129
121   2.4757473468780518
122   1.9543086290359497
123   2.6652767658233643
124   2.222813606262207
125   1.8250806331634521
126   2.6404106616973877
127   2.62748122215271
128   2.4665467739105225
129   2.2314608097076416
130   2.393134832382202
131   1.719521403312683
132   1.8569585084915161
133   1.9511905908584595
134   1.838463544845581
135   2.149331569671631
136   2.0020604133605957
137   1.9927585124969482
138   1.7143750190734863
139   2.310102939605713
140   2.0497701168060303
141   2.5078861713409424
142   2.079700231552124
143   2.421190023422241
144   2.450309991836548
145   2.2164266109466553
146   2.343475818634033
147   1.8700635433197021
148   1.828694462776184
149   2.056288719177246
150   1.643580675125122
151   1.797189474105835
152   2.3135592937469482
153   2.1389644145965576
154   1.8726955652236938
155   2.1342437267303467
156   1.820919394493103
157   1.6767293214797974
158   1.8467966318130493
159   2.211354970932007
160   2.08138370513916
