1   3.110187292098999
2   2.9703726768493652
3   2.582170248031616
4   2.7338104248046875
5   2.9437003135681152
6   2.8638193607330322
7   3.0408389568328857
8   2.8225297927856445
9   2.8649678230285645
10   2.8119843006134033
11   2.9967291355133057
12   2.9996955394744873
13   2.950294017791748
14   2.77630615234375
15   2.901252031326294
16   2.909074306488037
17   3.107767343521118
18   3.0704739093780518
19   2.9597012996673584
20   2.859386920928955
21   2.728632926940918
22   2.8658945560455322
23   2.747450828552246
24   2.9064109325408936
25   2.832017660140991
26   2.7103912830352783
27   2.8738036155700684
28   2.891585350036621
29   3.0396041870117188
30   2.9812557697296143
31   2.9868786334991455
32   2.7562994956970215
33   2.949019432067871
34   2.7718114852905273
35   2.8694770336151123
36   2.762747287750244
37   2.8759448528289795
38   2.7351133823394775
39   2.8703994750976563
40   2.96181321144104
41   2.7282826900482178
42   2.8320188522338867
43   2.8024027347564697
44   2.8670692443847656
45   2.8061764240264893
46   2.799813747406006
47   2.7789530754089355
48   2.9090728759765625
49   3.0830812454223633
50   2.80033278465271
51   2.8324835300445557
52   3.1226515769958496
53   2.923795461654663
54   3.275190830230713
55   3.0376439094543457
56   3.1467955112457275
57   3.3892250061035156
58   2.9327659606933594
59   3.1088614463806152
60   2.7054898738861084
61   2.586984634399414
62   2.6392462253570557
63   2.8599355220794678
64   2.894195318222046
65   2.9193999767303467
66   2.941697835922241
67   2.897467613220215
68   3.1424038410186768
69   3.1128146648406982
70   2.84456729888916
71   2.922693967819214
72   2.7413346767425537
73   2.93886661529541
74   2.790466785430908
75   2.9230363368988037
76   2.974383592605591
77   2.909365177154541
78   2.8248133659362793
79   2.6843507289886475
80   2.6063880920410156
81   2.578291177749634
82   2.8282852172851563
83   2.547543525695801
84   2.8805460929870605
85   3.1256775856018066
86   3.003775119781494
87   2.7768218517303467
88   3.003990650177002
89   2.838087320327759
90   2.898439884185791
91   3.0931296348571777
92   2.9937045574188232
93   3.184537410736084
94   2.358182191848755
95   2.7605645656585693
96   2.7216594219207764
97   2.9872047901153564
98   2.6790828704833984
99   2.9617762565612793
100   2.6140310764312744
101   2.7953009605407715
102   2.8445093631744385
103   2.622577428817749
104   2.984495162963867
105   2.5368640422821045
106   2.9493634700775146
107   3.1186647415161133
108   2.8274078369140625
109   2.666414260864258
110   2.997321367263794
111   2.630682945251465
112   2.7019073963165283
113   2.735123634338379
114   2.3884165287017822
115   2.498713493347168
116   2.6554408073425293
117   2.609351873397827
118   2.7367920875549316
119   2.9823267459869385
120   2.6607778072357178
121   2.773926019668579
122   2.3607327938079834
123   2.907578468322754
124   2.5735833644866943
125   2.465898036956787
126   2.763443946838379
127   2.763730764389038
128   2.6327223777770996
129   2.6292166709899902
130   2.4253597259521484
131   2.1233675479888916
132   2.0077431201934814
133   1.9072381258010864
134   1.9741089344024658
135   2.2676610946655273
136   2.121567726135254
137   2.0277352333068848
138   1.848793625831604
139   2.4154701232910156
140   2.114490509033203
141   2.82787823677063
142   2.440260171890259
143   2.554826259613037
144   2.5648539066314697
145   2.5061302185058594
146   2.457491636276245
147   1.947723388671875
148   1.9186028242111206
149   2.169116258621216
150   1.8241046667099
151   1.9715665578842163
152   2.4879355430603027
153   2.338998794555664
154   2.0664045810699463
155   2.103537082672119
156   1.973996639251709
157   1.8741252422332764
158   1.9037864208221436
159   2.337728977203369
160   2.2980756759643555
