0   0.0
1   0.20424628257751465
2   0.22156687080860138
3   0.22416016459465027
4   0.20510879158973694
5   0.1988256573677063
6   0.2345675677061081
7   0.1870492547750473
8   0.27895283699035645
9   0.2541472315788269
10   0.523334264755249
11   0.3513282835483551
12   1.044219970703125
13   0.8487640023231506
14   1.486191987991333
15   1.4113678932189941
16   1.6281163692474365
17   1.896498680114746
18   1.3972116708755493
19   1.163444995880127
20   1.4993692636489868
21   1.1115244626998901
22   2.57796311378479
23   1.9130123853683472
24   2.6062848567962646
25   2.1507210731506348
26   2.0916805267333984
27   2.932401418685913
28   2.9181909561157227
29   2.419006109237671
30   2.102112293243408
31   2.0951409339904785
32   2.9096791744232178
33   2.0239806175231934
34   2.0422797203063965
35   1.1363528966903687
36   1.0707204341888428
37   1.5073646306991577
38   1.7143691778182983
39   0.7599331140518188
40   1.4498497247695923
41   1.158935308456421
42   0.970294713973999
43   0.8174625635147095
44   1.070690393447876
45   1.2568683624267578
46   1.0145657062530518
47   1.1843734979629517
48   1.536891222000122
49   1.434577226638794
50   0.8951046466827393
51   1.5625615119934082
52   1.3076332807540894
53   1.1598187685012817
54   1.0581363439559937
55   1.4265244007110596
56   0.7327317595481873
57   1.303235411643982
58   1.2471188306808472
59   1.5140726566314697
60   2.0996670722961426
61   2.2537968158721924
62   2.3662848472595215
63   1.5586051940917969
64   1.302866816520691
65   1.3097623586654663
66   1.504085659980774
67   1.982707142829895
68   1.9053893089294434
69   2.34411358833313
70   2.1068625450134277
71   2.5376999378204346
72   2.194821357727051
73   1.537805438041687
74   2.2175960540771484
75   1.962383508682251
76   1.3029839992523193
77   2.0250985622406006
78   1.5683948993682861
79   1.3024595975875854
80   2.4154739379882813
81   2.2466375827789307
82   1.659912109375
83   2.0900216102600098
84   1.0639280080795288
85   1.0006439685821533
86   1.1962828636169434
87   2.1516964435577393
88   2.2663586139678955
89   2.922959804534912
90   1.340041995048523
91   2.366683006286621
92   2.0890634059906006
93   1.8343524932861328
94   2.1824259757995605
95   2.095951795578003
96   1.684714674949646
97   2.29777455329895
98   1.537514567375183
99   2.4480631351470947
100   2.3009657859802246
101   1.9330004453659058
102   1.932094693183899
103   2.1787190437316895
104   1.7775729894638062
105   1.6571619510650635
106   2.7349095344543457
107   2.386594772338867
108   1.7921419143676758
109   1.9778715372085571
110   1.7768915891647339
111   2.543424129486084
112   1.9535223245620728
113   1.6816521883010864
114   2.386542320251465
115   2.390626907348633
116   2.697932004928589
117   1.7434098720550537
118   1.6707514524459839
119   2.151397228240967
120   2.1439311504364014
121   1.3000249862670898
122   1.2404817342758179
123   1.7366057634353638
124   2.0778653621673584
125   1.730096697807312
126   2.7348451614379883
127   1.98837411403656
128   2.511057138442993
129   1.7717491388320923
130   2.2062389850616455
131   2.2418572902679443
132   1.321567177772522
133   1.779548168182373
134   2.403064489364624
135   1.581889271736145
136   1.7007023096084595
137   2.5343215465545654
138   1.4353904724121094
139   2.5315873622894287
140   2.278791904449463
141   1.022779941558838
142   1.0867849588394165
143   1.373278021812439
144   2.416651964187622
145   2.1894357204437256
146   2.340315580368042
147   1.9850753545761108
148   2.263993501663208
149   2.380507469177246
150   2.4528982639312744
151   2.4181666374206543
152   2.65452241897583
153   2.945664167404175
154   2.8132550716400146
155   2.191340446472168
156   1.8725327253341675
157   2.1218605041503906
158   1.7920989990234375
159   1.468630075454712
160   1.2544257640838623
161   1.898573398590088
162   1.5175952911376953
163   1.9083058834075928
164   1.910961627960205
165   2.78137469291687
166   2.124488353729248
167   1.9827191829681396
168   1.8627568483352661
169   1.0126416683197021
170   2.3547656536102295
171   1.845337152481079
172   1.667886734008789
173   1.3924446105957031
174   1.0629523992538452
175   1.6756927967071533
176   1.9669424295425415
177   1.0839250087738037
178   1.98037850856781
179   2.201869249343872
180   2.461118221282959
181   1.6004427671432495
182   1.6270265579223633
183   1.7689775228500366
184   1.6156260967254639
185   2.480360746383667
186   1.4502854347229004
187   1.995024561882019
188   2.5152931213378906
189   2.708955764770508
190   2.6895322799682617
191   2.0082921981811523
192   1.8824769258499146
193   1.9661113023757935
194   2.2216193675994873
195   1.9711965322494507
196   2.390820264816284
197   1.7937638759613037
198   1.5832507610321045
199   3.181077718734741
200   2.404515027999878
201   1.5648064613342285
202   2.566761016845703
203   2.306074619293213
204   1.4637590646743774
205   1.3754370212554932
206   1.1696360111236572
207   0.802621603012085
208   1.1883888244628906
209   0.9945558309555054
210   1.274462103843689
211   1.2891730070114136
212   1.5465800762176514
213   1.459032654762268
