0   0.0
1   1.2520076036453247
2   1.0968314409255981
3   1.427960753440857
4   1.0600279569625854
5   1.4924614429473877
6   1.4135147333145142
7   1.2033507823944092
8   1.2360894680023193
9   1.1025117635726929
10   1.2742286920547485
11   1.8123230934143066
12   1.489290475845337
13   1.592455267906189
14   2.428626298904419
15   4.202292442321777
16   5.119556903839111
17   4.766706943511963
18   3.272519588470459
19   2.8840882778167725
20   3.108618974685669
21   3.138716459274292
22   3.456281900405884
23   2.9489386081695557
24   3.0002238750457764
25   3.504589557647705
26   5.242103576660156
27   3.11456298828125
28   2.4385178089141846
29   1.692991018295288
30   2.2275943756103516
31   3.8035478591918945
32   2.808950424194336
33   2.3308968544006348
34   1.5332897901535034
35   2.0510733127593994
36   2.4842751026153564
37   1.9435274600982666
38   3.3094818592071533
39   2.9813294410705566
40   3.4902567863464355
41   3.6899046897888184
42   4.558670520782471
43   2.4794108867645264
44   3.2838070392608643
45   2.4875919818878174
46   3.5138607025146484
47   3.688062906265259
48   2.807621479034424
49   3.9731123447418213
50   2.778209686279297
51   4.394457817077637
52   3.454389810562134
53   2.474561929702759
54   2.897014856338501
55   3.470590829849243
56   2.8673195838928223
57   3.0091946125030518
58   3.9906325340270996
59   3.8045217990875244
60   3.269718885421753
61   3.2981348037719727
62   4.011215686798096
63   4.718073844909668
64   3.351480484008789
65   2.988825559616089
66   5.121285915374756
67   2.4128077030181885
68   3.0516715049743652
69   3.1851768493652344
70   2.9489927291870117
71   2.819117784500122
72   3.706401824951172
73   2.6574997901916504
74   3.797980308532715
75   3.266733407974243
76   3.2858049869537354
77   3.268702507019043
78   3.2308425903320313
79   3.1562845706939697
80   2.374135732650757
81   3.5305421352386475
82   2.8588991165161133
83   4.263453006744385
84   2.526848554611206
85   3.3405704498291016
86   3.275052070617676
87   3.3713247776031494
88   2.4447450637817383
89   2.3038647174835205
90   1.9135395288467407
91   1.5487927198410034
92   2.5674021244049072
93   2.212040662765503
94   1.8542901277542114
95   0.859584629535675
96   2.2606282234191895
97   2.8789825439453125
98   1.5410106182098389
99   1.3395004272460938
100   1.5694236755371094
101   1.7452812194824219
102   1.0892329216003418
103   2.980116367340088
104   1.6779484748840332
105   3.9378364086151123
106   5.189633369445801
107   3.5512349605560303
108   4.0015411376953125
109   2.2558157444000244
110   3.033475399017334
111   4.546658039093018
112   3.7596728801727295
113   3.534663200378418
114   3.6921308040618896
115   4.817259788513184
116   3.7417211532592773
117   3.361347198486328
118   3.2428061962127686
119   3.23124098777771
120   4.428043365478516
121   2.430988311767578
122   2.471862554550171
123   2.7633402347564697
124   3.451313018798828
125   3.072798490524292
126   4.793524265289307
127   3.620750904083252
128   2.523076057434082
129   3.767252206802368
130   1.9140987396240234
131   2.1823477745056152
132   1.6896743774414063
133   1.2503979206085205
134   3.524094820022583
135   1.9734259843826294
136   2.0841994285583496
137   1.7116007804870605
138   1.6967384815216064
139   2.4208719730377197
140   3.3051350116729736
141   1.932802438735962
142   1.7431919574737549
143   1.6698107719421387
144   3.2159080505371094
145   2.5203704833984375
146   1.695352554321289
147   1.0512267351150513
148   1.4876359701156616
149   1.654626488685608
150   2.180852174758911
151   2.249427556991577
152   4.4091997146606445
153   2.856213331222534
154   3.9594035148620605
155   4.911454677581787
156   3.5196118354797363
157   3.665271759033203
158   3.3703131675720215
159   3.002211570739746
160   1.8203567266464233
161   4.250471115112305
162   1.495500922203064
163   1.409314751625061
164   2.0383193492889404
165   1.190929651260376
166   1.670807957649231
167   1.2991653680801392
168   2.1445138454437256
169   1.3780053853988647
170   1.9968852996826172
171   3.5215272903442383
172   2.3938558101654053
173   2.9225990772247314
174   4.276278972625732
175   3.5366647243499756
176   2.0162312984466553
177   3.1744563579559326
178   3.526150703430176
179   3.968890905380249
180   3.049373149871826
181   3.4532105922698975
182   1.244687557220459
183   2.9379656314849854
184   2.4355146884918213
185   4.514686107635498
186   3.9092938899993896
187   3.1086032390594482
188   3.128384590148926
189   4.524035453796387
190   3.9073052406311035
191   4.123054504394531
192   3.782318353652954
193   2.8080368041992188
194   3.6759135723114014
195   2.3333420753479004
196   3.0786383152008057
197   4.153546333312988
198   3.7463161945343018
199   4.750448703765869
200   3.5529911518096924
201   2.294304370880127
202   3.285705804824829
203   3.939302921295166
204   3.5131139755249023
205   3.604520797729492
206   1.9595465660095215
207   2.7428338527679443
208   3.5678064823150635
209   2.8110408782958984
210   3.55356502532959
211   3.631502151489258
212   4.47784423828125
213   3.966306447982788
