0   0.0
1   2.0391180515289307
2   2.1369450092315674
3   2.197345495223999
4   2.1126978397369385
5   2.401280403137207
6   1.788610816001892
7   2.2897815704345703
8   1.7539558410644531
9   2.3678464889526367
10   3.114225149154663
11   3.6059517860412598
12   3.6089818477630615
13   3.575476884841919
14   4.554450988769531
15   3.8953042030334473
16   3.752293109893799
17   4.541406154632568
18   5.631221771240234
19   5.6227946281433105
20   6.1560282707214355
21   6.301721572875977
22   4.513739585876465
23   6.371642112731934
24   5.4734883308410645
25   5.919520854949951
26   4.1930060386657715
27   3.733017921447754
28   4.295504093170166
29   3.906008243560791
30   5.219637393951416
31   5.805394649505615
32   4.987003803253174
33   3.075958251953125
34   2.880420207977295
35   2.710392951965332
36   3.520730972290039
37   4.284505367279053
38   3.9713656902313232
39   3.6018049716949463
40   4.530709266662598
41   5.233249664306641
42   4.878996849060059
43   3.582510232925415
44   4.653571128845215
45   4.849949836730957
46   3.6137752532958984
47   3.1867783069610596
48   4.017990589141846
49   3.5057802200317383
50   3.53378963470459
51   3.7650303840637207
52   4.2073588371276855
53   3.82519793510437
54   3.9849565029144287
55   4.744451522827148
56   4.89596700668335
57   4.601602554321289
58   4.0807952880859375
59   4.502523899078369
60   5.380548477172852
61   3.3197762966156006
62   4.505400657653809
63   2.566647529602051
64   4.315935134887695
65   4.376978397369385
66   5.901834964752197
67   6.033531665802002
68   6.126091480255127
69   4.286877155303955
70   5.910036087036133
71   6.209471702575684
72   5.72593879699707
73   5.804919242858887
74   4.631046295166016
75   4.848660469055176
76   4.871706485748291
77   5.766165733337402
78   4.778493404388428
79   4.374149322509766
80   4.850313186645508
81   5.376018047332764
82   5.474672317504883
83   5.332341194152832
84   5.193394660949707
85   5.9042181968688965
86   5.909361362457275
87   5.309220790863037
88   3.6558470726013184
89   5.132687091827393
90   4.376035690307617
91   5.204264163970947
92   5.89298677444458
93   6.119783401489258
94   4.709314346313477
95   5.716554641723633
96   5.987368106842041
97   5.354891300201416
98   6.0511393547058105
99   5.632322311401367
100   5.803133964538574
101   5.687626838684082
102   5.353951454162598
103   5.983827114105225
104   6.395264148712158
105   5.761166095733643
106   4.965425491333008
107   4.318458557128906
108   4.849747180938721
109   5.404501914978027
110   4.554956436157227
111   5.176981449127197
112   4.5646185874938965
113   4.468161106109619
114   5.067089080810547
115   3.8595285415649414
116   4.98214864730835
117   5.838822841644287
118   5.583224773406982
119   5.034446716308594
120   5.730616092681885
121   5.074573040008545
122   4.418426036834717
123   6.161001205444336
124   6.173050880432129
125   5.926484107971191
126   5.429330348968506
127   4.154061317443848
128   5.1736369132995605
129   4.601231098175049
130   3.909268617630005
131   4.003612518310547
132   4.816505432128906
133   5.187108993530273
134   4.737491607666016
135   5.413519859313965
136   4.951539516448975
137   5.740436553955078
138   5.4923415184021
139   4.135098457336426
140   4.910379409790039
141   4.4132981300354
142   3.740809917449951
143   4.649913787841797
144   3.5438790321350098
145   5.129360675811768
146   6.08960485458374
147   5.518333911895752
148   4.781152725219727
149   5.572685718536377
150   3.3726680278778076
151   4.86090087890625
152   5.521816730499268
153   5.471112251281738
154   3.730544328689575
155   4.76224946975708
156   4.612560272216797
157   6.378892421722412
158   4.799986362457275
159   5.48766565322876
160   5.936680316925049
161   6.1000657081604
162   5.382627010345459
163   6.520984649658203
164   5.234843730926514
165   4.966418743133545
166   5.187342166900635
167   6.405923843383789
168   6.433578014373779
169   6.54770040512085
170   4.122097492218018
171   4.08377742767334
172   5.566040992736816
173   5.774476528167725
174   5.2368998527526855
175   5.442358016967773
176   5.0344367027282715
177   4.620173454284668
178   4.720035076141357
179   4.090740203857422
180   5.858529090881348
181   4.625899791717529
182   3.1481213569641113
183   3.984886407852173
184   6.298806190490723
185   5.229076862335205
186   4.773261070251465
187   4.472121715545654
188   6.162137508392334
189   5.306408882141113
190   4.673895835876465
191   4.975640296936035
192   6.435544967651367
193   5.82875919342041
194   4.6155476570129395
195   5.2458367347717285
196   4.554833889007568
197   5.889407634735107
198   4.656540870666504
199   4.157748699188232
200   4.528909206390381
201   4.559704780578613
202   4.670477867126465
203   4.978714466094971
204   6.099055767059326
205   4.568842887878418
206   4.080049991607666
207   4.6967668533325195
208   4.43672513961792
209   5.983195781707764
210   3.5457444190979004
211   4.265864372253418
212   3.612245798110962
213   3.554626703262329
