0   0.0
1   0.19428525865077972
2   0.21658551692962646
3   0.2038901001214981
4   0.21212495863437653
5   0.2000308334827423
6   0.20698505640029907
7   0.2036372870206833
8   0.21082435548305511
9   0.25725430250167847
10   0.31247615814208984
11   0.3943096399307251
12   0.5223335027694702
13   1.1091389656066895
14   1.8621782064437866
15   1.9651908874511719
16   2.367668390274048
17   2.4571919441223145
18   1.9217294454574585
19   1.5422548055648804
20   1.5552427768707275
21   1.8686561584472656
22   2.055144786834717
23   1.840814232826233
24   1.8440979719161987
25   1.7750661373138428
26   2.1543726921081543
27   1.9211452007293701
28   2.167001247406006
29   2.0384891033172607
30   1.7591145038604736
31   1.8032772541046143
32   1.8522849082946777
33   2.3972418308258057
34   1.9685319662094116
35   1.8225120306015015
36   1.7386349439620972
37   1.722798228263855
38   1.5552898645401
39   1.3727885484695435
40   1.9566062688827515
41   1.7649251222610474
42   1.7493553161621094
43   1.4682502746582031
44   1.381881594657898
45   1.8718140125274658
46   1.782098650932312
47   1.8413490056991577
48   1.5852891206741333
49   1.5896189212799072
50   1.8210763931274414
51   1.7447808980941772
52   1.8265318870544434
53   1.6674566268920898
54   1.8365974426269531
55   2.0766022205352783
56   1.5025995969772339
57   1.7043657302856445
58   2.1443991661071777
59   2.1008999347686768
60   1.6213228702545166
61   2.1125261783599854
62   1.8535312414169312
63   2.192750930786133
64   2.002819299697876
65   1.685272216796875
66   1.709137201309204
67   1.8901309967041016
68   1.6552178859710693
69   1.9923627376556396
70   1.6369731426239014
71   1.6768163442611694
72   1.56172513961792
73   1.8600150346755981
74   1.5467761754989624
75   1.961921215057373
76   1.9393236637115479
77   2.0608575344085693
78   1.781172752380371
79   1.7061817646026611
80   1.6638864278793335
81   1.904004693031311
82   1.7677981853485107
83   2.431117057800293
84   1.7236199378967285
85   1.6071587800979614
86   1.903186559677124
87   1.723227858543396
88   1.861045002937317
89   2.6495308876037598
90   2.007051467895508
91   2.0682196617126465
92   1.9419091939926147
93   1.9092079401016235
94   2.1816816329956055
95   1.9944813251495361
96   1.7205071449279785
97   2.1094484329223633
98   1.6933094263076782
99   1.7594550848007202
100   1.6919677257537842
101   1.766465663909912
102   1.8181036710739136
103   1.8447598218917847
104   1.7910375595092773
105   1.730229139328003
106   2.0692780017852783
107   1.8936614990234375
108   1.8605360984802246
109   1.8191453218460083
110   2.021820306777954
111   2.0813393592834473
112   1.9381564855575562
113   1.7179914712905884
114   1.8093971014022827
115   1.6505231857299805
116   1.95619535446167
117   1.681158423423767
118   1.7716357707977295
119   1.8742011785507202
120   1.8597570657730103
121   1.613953948020935
122   1.9142097234725952
123   1.5534946918487549
124   1.5224064588546753
125   1.892956256866455
126   2.1876015663146973
127   1.7122762203216553
128   1.9486198425292969
129   1.5293656587600708
130   1.7471208572387695
131   1.8129349946975708
132   1.5280388593673706
133   1.6424616575241089
134   1.7811145782470703
135   1.8894176483154297
136   1.7778313159942627
137   1.9086099863052368
138   1.6871376037597656
139   2.483362913131714
140   2.0569097995758057
141   1.812669038772583
142   2.044581174850464
143   1.6631362438201904
144   2.4733688831329346
145   1.6733078956604004
146   1.871264934539795
147   1.6241564750671387
148   1.7734594345092773
149   1.8617963790893555
150   2.170318603515625
151   2.1398298740386963
152   2.3840408325195313
153   2.4529833793640137
154   2.04768967628479
155   1.932237148284912
156   1.871382236480713
157   1.9178428649902344
158   1.8672791719436646
159   1.6041202545166016
160   1.835547685623169
161   1.7136300802230835
162   1.7844778299331665
163   1.6746464967727661
164   1.5233745574951172
165   2.180104970932007
166   1.8253085613250732
167   1.7355657815933228
168   1.6622633934020996
169   1.609110951423645
170   1.4876892566680908
171   1.292838454246521
172   1.723558783531189
173   1.8076071739196777
174   1.71797513961792
175   2.3280937671661377
176   1.9484541416168213
177   1.5555907487869263
178   1.6156327724456787
179   2.043233633041382
180   1.658244252204895
181   1.7420388460159302
182   1.651424527168274
183   1.7073134183883667
184   1.5945452451705933
185   2.1475636959075928
186   1.5936359167099
187   1.2869855165481567
188   1.7109858989715576
189   2.080108165740967
190   2.2676913738250732
191   1.7850511074066162
192   1.802457332611084
193   1.6911342144012451
194   1.7851600646972656
195   1.8054982423782349
196   2.432832717895508
197   2.048208236694336
198   1.764965295791626
199   2.674239158630371
200   2.5499534606933594
201   1.718849539756775
202   1.9909926652908325
203   1.8935035467147827
204   2.0098533630371094
205   1.7184723615646362
206   1.6569323539733887
207   1.778946876525879
208   1.873219609260559
209   1.346787691116333
210   1.9231820106506348
211   2.1498539447784424
212   2.0928955078125
213   2.3244619369506836
