0   0.0
1   0.1957806944847107
2   0.19845876097679138
3   0.19708728790283203
4   0.18423029780387878
5   0.18936000764369965
6   0.20368707180023193
7   0.19230125844478607
8   0.19633400440216064
9   0.25679829716682434
10   0.29767468571662903
11   0.35474324226379395
12   0.5171356201171875
13   1.017000675201416
14   2.0636863708496094
15   1.9998120069503784
16   2.4826900959014893
17   2.5430757999420166
18   1.8365495204925537
19   1.4804798364639282
20   1.5991036891937256
21   1.8551230430603027
22   2.128873109817505
23   1.8906407356262207
24   1.9072191715240479
25   1.9061137437820435
26   2.171773910522461
27   1.973389983177185
28   2.097123146057129
29   2.0885825157165527
30   1.6519376039505005
31   1.7541788816452026
32   1.7694648504257202
33   2.4046170711517334
34   2.13057804107666
35   1.793657898902893
36   1.7215684652328491
37   1.7503838539123535
38   1.638885498046875
39   1.4730552434921265
40   2.0841193199157715
41   1.8158823251724243
42   1.8343746662139893
43   1.4972764253616333
44   1.4713548421859741
45   1.8482452630996704
46   1.8279157876968384
47   1.785706639289856
48   1.6406830549240112
49   1.5962127447128296
50   1.8316839933395386
51   1.7675846815109253
52   1.8766064643859863
53   1.585493564605713
54   2.015002489089966
55   2.191412925720215
56   1.6476689577102661
57   1.8324040174484253
58   2.2457423210144043
59   2.2848212718963623
60   1.5964404344558716
61   2.136188268661499
62   1.9131733179092407
63   2.119473457336426
64   2.073906421661377
65   1.6916085481643677
66   1.8496404886245728
67   1.9689977169036865
68   1.723609209060669
69   2.019111156463623
70   1.686922311782837
71   1.7792413234710693
72   1.6663545370101929
73   2.017141342163086
74   1.515116810798645
75   1.9816776514053345
76   1.9776848554611206
77   2.1327896118164063
78   1.8519642353057861
79   1.8604007959365845
80   1.7907854318618774
81   1.9472720623016357
82   1.8865351676940918
83   2.52797532081604
84   1.8317571878433228
85   1.6992050409317017
86   1.987015724182129
87   1.8629982471466064
88   1.907401442527771
89   2.4858968257904053
90   2.0681145191192627
91   2.0991649627685547
92   1.9491822719573975
93   1.9272007942199707
94   2.2121899127960205
95   2.0441129207611084
96   1.7621151208877563
97   2.254812717437744
98   1.8881603479385376
99   1.9244849681854248
100   1.7815754413604736
101   1.83928382396698
102   2.0025765895843506
103   1.9755265712738037
104   1.919252872467041
105   1.9485564231872559
106   2.332986831665039
107   2.0158534049987793
108   1.9844133853912354
109   2.003178358078003
110   2.073803424835205
111   2.1377696990966797
112   2.0578229427337646
113   1.8515856266021729
114   1.890279769897461
115   1.6727334260940552
116   1.9492262601852417
117   1.876853346824646
118   1.9134167432785034
119   2.0754127502441406
120   1.9684609174728394
121   1.7227481603622437
122   2.013017177581787
123   1.7191557884216309
124   1.670512318611145
125   1.9302310943603516
126   2.248000144958496
127   1.7479078769683838
128   2.0960545539855957
129   1.5348080396652222
130   1.861090898513794
131   1.8307782411575317
132   1.6158115863800049
133   1.6793285608291626
134   1.9177846908569336
135   2.101867437362671
136   1.850150465965271
137   2.0681116580963135
138   1.8213210105895996
139   2.5358242988586426
140   2.1926167011260986
141   1.941780686378479
142   2.2218568325042725
143   1.7669354677200317
144   2.6200644969940186
145   1.6896764039993286
146   2.0614116191864014
147   1.7350618839263916
148   1.8982083797454834
149   1.9308981895446777
150   2.261859655380249
151   2.2498059272766113
152   2.5409996509552
153   2.526080369949341
154   2.231182813644409
155   2.1027755737304688
156   2.0581231117248535
157   2.02254319190979
158   2.0425987243652344
159   1.7211120128631592
160   1.9648847579956055
161   1.92689847946167
162   1.7821779251098633
163   1.7877863645553589
164   1.5830600261688232
165   2.2054872512817383
166   1.9197241067886353
167   1.861337661743164
168   1.769487977027893
169   1.7684705257415771
170   1.5229765176773071
171   1.2982299327850342
172   1.8513926267623901
173   1.921188473701477
174   1.8789350986480713
175   2.4122135639190674
176   2.0958211421966553
177   1.5962822437286377
178   1.5955843925476074
179   2.188584327697754
180   1.7460227012634277
181   1.9083325862884521
182   1.8357590436935425
183   1.8382313251495361
184   1.7696597576141357
185   2.2699646949768066
186   1.698275089263916
187   1.4574339389801025
188   1.9031461477279663
189   2.1417346000671387
190   2.356217861175537
191   1.9264601469039917
192   1.9339525699615479
193   1.8779791593551636
194   1.8699650764465332
195   1.9308918714523315
196   2.541745901107788
197   2.1768674850463867
198   1.895892858505249
199   2.7194039821624756
200   2.6112043857574463
201   1.9279056787490845
202   2.056504726409912
203   1.999253511428833
204   2.1532440185546875
205   1.9117523431777954
206   1.7571641206741333
207   2.0121073722839355
208   1.9926984310150146
209   1.4881701469421387
210   1.9241455793380737
211   2.2022945880889893
212   2.196533679962158
213   2.4309334754943848
