1   1.3375780582427979
2   1.3764193058013916
3   1.3176870346069336
4   1.324544906616211
5   1.279172420501709
6   1.4987372159957886
7   1.2752934694290161
8   1.2978858947753906
9   1.1545443534851074
10   1.3405637741088867
11   1.4381608963012695
12   1.6204415559768677
13   1.3205580711364746
14   1.2290433645248413
15   1.5027207136154175
16   1.169092059135437
17   1.2564154863357544
18   1.376067042350769
19   1.4974501132965088
20   1.335504174232483
21   1.3300433158874512
22   1.2099075317382813
23   1.5857532024383545
24   1.064381718635559
25   1.0620430707931519
26   1.2793561220169067
27   1.3896840810775757
28   1.4245305061340332
29   1.459511399269104
30   1.2098126411437988
31   1.060780644416809
32   1.3533871173858643
33   1.4930860996246338
34   1.300145149230957
35   1.242537021636963
36   1.4196462631225586
37   1.3517097234725952
38   1.3493376970291138
39   1.4748271703720093
40   1.430406093597412
41   1.2783321142196655
42   1.2906938791275024
43   1.1283907890319824
44   1.3949421644210815
45   1.274600625038147
46   1.345121145248413
47   1.0938507318496704
48   1.2690163850784302
49   1.4338700771331787
50   1.1044034957885742
51   1.7057125568389893
52   1.3642054796218872
53   1.2745890617370605
54   1.2837388515472412
55   1.3173772096633911
56   0.8636025190353394
57   1.2449321746826172
58   1.2528018951416016
59   1.2852023839950562
60   1.3531385660171509
61   1.1822625398635864
62   1.5081887245178223
63   1.1993612051010132
64   1.3202534914016724
65   1.2735226154327393
66   1.4102519750595093
67   1.0078622102737427
68   1.2551274299621582
69   1.1998863220214844
70   0.9203862547874451
71   1.3650093078613281
72   1.332614779472351
73   1.2159336805343628
74   1.0876820087432861
75   1.0784450769424438
76   1.0544512271881104
77   1.1822296380996704
78   1.3837491273880005
79   1.2343875169754028
80   1.0885170698165894
81   1.2129186391830444
82   1.2574925422668457
83   1.8182950019836426
84   1.1583607196807861
85   1.3084923028945923
86   1.2059839963912964
87   1.25004243850708
88   1.510615348815918
89   1.4133868217468262
90   1.2463079690933228
91   1.1147252321243286
92   1.2256133556365967
93   1.3003921508789063
94   1.0093821287155151
95   1.3242040872573853
96   1.1167950630187988
97   1.5704320669174194
98   1.132514476776123
99   1.3244128227233887
100   1.3807563781738281
101   1.3225948810577393
102   1.0575131177902222
103   1.206803321838379
104   1.2251847982406616
105   1.1250791549682617
106   1.2996081113815308
107   1.49212646484375
108   1.5287060737609863
109   1.3605726957321167
110   1.525962471961975
111   1.206070065498352
112   1.2943271398544312
113   1.0185121297836304
114   1.4118311405181885
115   1.1095833778381348
116   1.0084738731384277
117   1.2850797176361084
118   1.6443454027175903
119   1.3757503032684326
120   1.232378363609314
121   1.8375693559646606
122   1.130029320716858
123   1.270933985710144
124   1.2470544576644897
125   1.4914153814315796
126   1.0928148031234741
127   1.180436134338379
128   1.1974639892578125
129   1.0684282779693604
130   1.6824523210525513
131   1.4155293703079224
132   1.5205273628234863
133   1.054547905921936
134   1.1560256481170654
135   1.286726474761963
136   1.2147376537322998
137   1.1436537504196167
138   1.2985092401504517
139   1.2439059019088745
140   1.2917840480804443
141   1.1305791139602661
142   1.1378673315048218
143   1.1241265535354614
144   0.9356029629707336
145   1.0688105821609497
146   1.5398248434066772
147   1.30111563205719
148   1.2722105979919434
149   1.3471465110778809
150   1.402327299118042
151   1.2570217847824097
152   1.1659632921218872
153   1.2226145267486572
154   1.2885864973068237
155   1.3125258684158325
156   1.4209296703338623
157   1.4105138778686523
158   1.3562829494476318
159   1.3489786386489868
160   1.551474690437317
