1   4.1128973960876465
2   4.405222415924072
3   5.2636260986328125
4   4.043332099914551
5   4.094351291656494
6   4.485249996185303
7   4.502685070037842
8   4.138881206512451
9   3.919569253921509
10   4.550239086151123
11   4.305079460144043
12   4.9225687980651855
13   4.538977146148682
14   3.8070871829986572
15   3.992976188659668
16   3.877270460128784
17   4.560225963592529
18   4.120018005371094
19   4.797938346862793
20   4.467602729797363
21   4.021623134613037
22   4.318610668182373
23   3.885643720626831
24   4.452723503112793
25   4.295168399810791
26   3.472423791885376
27   4.831807613372803
28   4.431861400604248
29   3.946390390396118
30   3.3083901405334473
31   4.147433757781982
32   3.0767180919647217
33   5.129862308502197
34   4.189581394195557
35   5.0172953605651855
36   4.062434673309326
37   5.411739826202393
38   5.157777786254883
39   5.78850793838501
40   6.507328510284424
41   3.9865901470184326
42   5.231834888458252
43   5.7183685302734375
44   6.127668380737305
45   5.346397876739502
46   3.4568030834198
47   3.8211171627044678
48   4.308758735656738
49   4.451720714569092
50   3.624565362930298
51   4.3084845542907715
52   4.424264430999756
53   4.082951068878174
54   5.215980052947998
55   4.541362762451172
56   4.326320171356201
57   4.478178977966309
58   5.018630027770996
59   5.015800476074219
60   4.6701979637146
61   5.6451735496521
62   6.493290424346924
63   5.9187912940979
64   5.120314121246338
65   5.365910053253174
66   5.81512451171875
67   3.5895836353302
68   4.2675461769104
69   3.910170316696167
70   4.059360980987549
71   3.9605138301849365
72   4.645082950592041
73   3.2554991245269775
74   3.2822659015655518
75   3.9398610591888428
76   4.138885498046875
77   3.5710318088531494
78   3.61273455619812
79   3.6641499996185303
80   4.223614692687988
81   4.1994709968566895
82   4.190572738647461
83   3.5485498905181885
84   3.6314568519592285
85   4.086987018585205
86   4.1982927322387695
87   6.392640113830566
88   3.915347099304199
89   4.456395149230957
90   3.6820602416992188
91   4.867818355560303
92   5.475040435791016
93   4.935786247253418
94   6.374876976013184
95   4.918769359588623
96   4.838785648345947
97   4.67277717590332
98   4.949410438537598
99   4.706029415130615
100   3.30924916267395
101   4.952358722686768
102   5.427633285522461
103   4.435781955718994
104   5.27628755569458
105   4.842410087585449
106   5.1954026222229
107   6.218786239624023
108   4.626857757568359
109   4.732605457305908
110   4.684510231018066
111   5.436341762542725
112   4.504754543304443
113   4.986903667449951
114   4.694907188415527
115   5.708266258239746
116   4.1870880126953125
117   4.319591999053955
118   4.602608680725098
119   3.8465733528137207
120   4.017037868499756
121   3.400174140930176
122   4.689461708068848
123   3.859135866165161
124   3.6582016944885254
125   3.8445937633514404
126   4.220109462738037
127   5.380585670471191
128   5.189897060394287
129   5.656688690185547
130   4.911806583404541
131   4.207468509674072
132   5.235935211181641
133   5.567986488342285
134   6.2364912033081055
135   5.907625675201416
136   5.5519185066223145
137   5.976315975189209
138   5.7832136154174805
139   6.155087471008301
140   4.53624153137207
141   4.997711181640625
142   4.592347145080566
143   5.000096797943115
144   5.556822299957275
145   3.566591501235962
146   3.1696090698242188
147   4.464847087860107
148   4.120192050933838
149   4.12612771987915
150   4.715217590332031
151   4.86426305770874
152   5.735817909240723
153   4.787988662719727
154   5.525338649749756
155   4.278743267059326
156   3.996943235397339
157   4.721722602844238
158   6.083570957183838
159   4.754525661468506
160   5.680495262145996
