1   1.8159186840057373
2   1.6547104120254517
3   1.3299641609191895
4   1.759738564491272
5   1.835172176361084
6   2.2382700443267822
7   1.5708410739898682
8   1.7316973209381104
9   1.588287591934204
10   1.9024300575256348
11   2.1190390586853027
12   2.160205602645874
13   1.8372642993927002
14   1.8652220964431763
15   2.046114444732666
16   1.817280650138855
17   1.8265206813812256
18   1.7820512056350708
19   1.7330292463302612
20   1.9633585214614868
21   1.8132895231246948
22   1.6588757038116455
23   2.053875684738159
24   1.6185096502304077
25   1.604376196861267
26   1.8042328357696533
27   1.8717906475067139
28   1.907395601272583
29   1.7465888261795044
30   1.9437685012817383
31   1.516623854637146
32   1.7592717409133911
33   2.349808692932129
34   1.6542034149169922
35   1.7691081762313843
36   2.009408473968506
37   1.832788348197937
38   1.785151481628418
39   1.7523488998413086
40   1.6618095636367798
41   2.0384035110473633
42   1.8273372650146484
43   1.7029192447662354
44   1.8203842639923096
45   2.1663215160369873
46   1.8060163259506226
47   1.8889615535736084
48   1.8423891067504883
49   2.0590381622314453
50   2.3642985820770264
51   2.4142115116119385
52   1.837559700012207
53   2.416840076446533
54   2.217473268508911
55   2.248579740524292
56   2.0025863647460938
57   1.9323753118515015
58   2.0446012020111084
59   1.9964414834976196
60   1.9653058052062988
61   2.0374858379364014
62   1.782141923904419
63   1.820878267288208
64   2.2112820148468018
65   2.091387987136841
66   2.130337953567505
67   2.381727695465088
68   2.1770565509796143
69   2.5627622604370117
70   1.8061600923538208
71   2.0724806785583496
72   2.1326141357421875
73   2.1118063926696777
74   2.5323874950408936
75   2.078763246536255
76   2.262640953063965
77   2.042137861251831
78   1.9982068538665771
79   2.8508377075195313
80   1.921054482460022
81   1.6988940238952637
82   2.1576764583587646
83   2.037233352661133
84   1.9440101385116577
85   1.887454867362976
86   1.699387550354004
87   2.383540391921997
88   2.7024173736572266
89   2.913656711578369
90   2.6544251441955566
91   2.1796717643737793
92   1.669642686843872
93   1.9867812395095825
94   2.156979560852051
95   2.2492356300354004
96   2.226374626159668
97   2.255746841430664
98   2.347815990447998
99   2.592886447906494
100   2.4713754653930664
101   2.186168670654297
102   1.9665573835372925
103   2.0982935428619385
104   2.0156660079956055
105   1.982612133026123
106   2.2144649028778076
107   1.6179190874099731
108   2.222287893295288
109   1.6373625993728638
110   1.9193682670593262
111   1.7441649436950684
112   1.670274257659912
113   1.791150450706482
114   2.4157278537750244
115   1.93654465675354
116   1.7795623540878296
117   1.9815807342529297
118   1.8050438165664673
119   1.9869873523712158
120   1.8436427116394043
121   2.9376864433288574
122   2.032970905303955
123   2.198544979095459
124   2.077941656112671
125   2.2701125144958496
126   1.750380039215088
127   1.8400908708572388
128   1.5045297145843506
129   1.8173964023590088
130   2.1825509071350098
131   2.1142115592956543
132   1.8197122812271118
133   1.616753339767456
134   1.5504964590072632
135   1.7228434085845947
136   1.811318278312683
137   1.6400400400161743
138   1.7663410902023315
139   2.188417673110962
140   1.7150566577911377
141   1.7546064853668213
142   1.9088311195373535
143   1.9248102903366089
144   1.596396803855896
145   1.586050271987915
146   1.841858148574829
147   1.8384121656417847
148   2.2122395038604736
149   1.8224769830703735
150   1.7416828870773315
151   1.588348388671875
152   1.6811147928237915
153   1.509371280670166
154   1.6747417449951172
155   1.9219849109649658
156   1.8867300748825073
157   1.7671915292739868
158   1.811590313911438
159   1.6537472009658813
160   1.9119997024536133
