1   1.9180266857147217
2   1.814125657081604
3   1.4483329057693481
4   1.9133362770080566
5   1.9629278182983398
6   2.388333559036255
7   1.6249185800552368
8   1.8218376636505127
9   1.7219284772872925
10   1.910405158996582
11   2.3130455017089844
12   2.0945534706115723
13   1.8714981079101563
14   1.9678804874420166
15   2.1722521781921387
16   1.9782214164733887
17   1.8122587203979492
18   1.910315752029419
19   1.7867379188537598
20   1.935878872871399
21   1.8707284927368164
22   1.7075501680374146
23   2.170698881149292
24   1.7042031288146973
25   1.6533366441726685
26   1.938502311706543
27   1.8958803415298462
28   1.9905699491500854
29   1.7780272960662842
30   2.093581199645996
31   1.5851291418075562
32   1.8856855630874634
33   2.465754747390747
34   1.7496970891952515
35   1.937237024307251
36   2.127441167831421
37   1.9817063808441162
38   1.9585529565811157
39   1.8315099477767944
40   1.737066388130188
41   2.2067484855651855
42   2.0041141510009766
43   1.8631428480148315
44   1.9576178789138794
45   2.2993550300598145
46   2.0269882678985596
47   1.984869360923767
48   1.933724284172058
49   2.1888771057128906
50   2.5278608798980713
51   2.5848822593688965
52   1.925799012184143
53   2.633136510848999
54   2.3951327800750732
55   2.3085951805114746
56   2.099646806716919
57   2.042729377746582
58   2.2828896045684814
59   2.1156294345855713
60   2.02609920501709
61   2.079936981201172
62   1.9306542873382568
63   1.9388585090637207
64   2.4525563716888428
65   2.231140613555908
66   2.2001235485076904
67   2.5412702560424805
68   2.2221460342407227
69   2.6509830951690674
70   1.8274608850479126
71   2.1079089641571045
72   2.160412073135376
73   1.9957221746444702
74   2.6157524585723877
75   2.1209657192230225
76   2.339027166366577
77   2.0525333881378174
78   2.0894739627838135
79   2.935671329498291
80   1.9812629222869873
81   1.767399549484253
82   2.3075110912323
83   2.0751237869262695
84   2.005181312561035
85   1.994842529296875
86   1.8284649848937988
87   2.4580905437469482
88   2.6845035552978516
89   2.905062437057495
90   2.6588923931121826
91   2.255122423171997
92   1.7751470804214478
93   2.0204386711120605
94   2.119161605834961
95   2.193321943283081
96   2.0811588764190674
97   2.237527847290039
98   2.351484537124634
99   2.517397403717041
100   2.490417957305908
101   2.1494369506835938
102   1.9094557762145996
103   2.03637957572937
104   1.9190754890441895
105   1.9514790773391724
106   2.309342622756958
107   1.700317144393921
108   2.2343332767486572
109   1.8036407232284546
110   1.9359920024871826
111   1.7987592220306396
112   1.7753825187683105
113   1.9737204313278198
114   2.576568365097046
115   2.0701024532318115
116   1.9376983642578125
117   1.9686925411224365
118   1.8559560775756836
119   2.1297976970672607
120   1.9206091165542603
121   3.1330432891845703
122   2.1425023078918457
123   2.2793939113616943
124   2.1333823204040527
125   2.417146682739258
126   1.9152698516845703
127   1.9777438640594482
128   1.670264720916748
129   1.9824674129486084
130   2.250565767288208
131   2.247715950012207
132   1.916640281677246
133   1.7606638669967651
134   1.7137502431869507
135   1.8901195526123047
136   2.036857843399048
137   1.7903540134429932
138   1.931154727935791
139   2.065931797027588
140   1.9141110181808472
141   1.868256688117981
142   2.059856414794922
143   2.0899658203125
144   1.7163569927215576
145   1.6079864501953125
146   1.91004478931427
147   1.8542033433914185
148   2.3291993141174316
149   1.9394538402557373
150   1.8930672407150269
151   1.626983880996704
152   1.8268754482269287
153   1.6561956405639648
154   1.8888212442398071
155   1.9681611061096191
156   2.058474540710449
157   1.828765869140625
158   1.9642829895019531
159   1.8841689825057983
160   2.0630054473876953
