1   1.2755922079086304
2   1.3640632629394531
3   1.3668107986450195
4   1.0789316892623901
5   1.3990380764007568
6   1.5181289911270142
7   1.341355562210083
8   1.3507980108261108
9   1.3061078786849976
10   1.1887086629867554
11   1.2970227003097534
12   1.056774616241455
13   1.6547383069992065
14   1.4271284341812134
15   1.3718570470809937
16   1.3172669410705566
17   1.0195478200912476
18   0.9731895923614502
19   1.0433225631713867
20   1.5022954940795898
21   1.0963469743728638
22   1.2114853858947754
23   1.2500367164611816
24   1.2875887155532837
25   1.4596383571624756
26   1.2913161516189575
27   1.3241114616394043
28   1.4983927011489868
29   1.1264907121658325
30   1.1472258567810059
31   0.9753342866897583
32   0.9966438412666321
33   0.8279872536659241
34   1.3479372262954712
35   1.6430941820144653
36   1.3790470361709595
37   1.0323526859283447
38   1.445526361465454
39   1.2435044050216675
40   1.6028435230255127
41   1.2927037477493286
42   2.1063663959503174
43   1.3885911703109741
44   1.2341163158416748
45   0.9386535882949829
46   0.9749731421470642
47   1.222530484199524
48   1.6877853870391846
49   0.9846565127372742
50   1.308722734451294
51   1.879605770111084
52   1.0876327753067017
53   1.7451684474945068
54   1.6341562271118164
55   0.9886491298675537
56   1.154058575630188
57   1.090212106704712
58   1.481097936630249
59   1.384385347366333
60   1.1421570777893066
61   1.0955915451049805
62   1.1691375970840454
63   1.4438689947128296
64   1.1734062433242798
65   1.0159586668014526
66   2.5400853157043457
67   1.0508731603622437
68   2.5001232624053955
69   2.611339807510376
70   1.9487370252609253
71   1.9877727031707764
72   2.0191826820373535
73   2.5756399631500244
74   1.4574140310287476
75   1.2645223140716553
76   1.7230896949768066
77   1.6102489233016968
78   2.48598313331604
79   2.502363920211792
80   1.5005499124526978
81   1.7967616319656372
82   1.7919220924377441
83   1.6428639888763428
84   2.5646517276763916
85   1.7318897247314453
86   1.7299995422363281
87   2.2197325229644775
88   1.641357421875
89   2.058377504348755
90   2.611837863922119
91   2.6932899951934814
92   2.6686348915100098
93   0.7896642088890076
94   0.7445997595787048
95   1.1445879936218262
96   0.8886891603469849
97   0.7338659167289734
98   0.883854866027832
99   1.9477758407592773
100   0.747879147529602
101   0.9613511562347412
102   3.07151198387146
103   1.9626984596252441
104   0.8845551013946533
105   0.9974207878112793
106   1.0179967880249023
107   1.1265839338302612
108   0.5130112171173096
109   1.2753887176513672
110   0.9744065999984741
111   1.1738076210021973
112   0.6116644740104675
113   0.7957887649536133
114   0.8858853578567505
115   1.0808573961257935
116   0.9532171487808228
117   1.5915220975875854
118   1.5753099918365479
119   1.050119400024414
120   1.2837955951690674
121   1.7568143606185913
122   1.4634571075439453
123   1.3251702785491943
124   0.8471847772598267
125   0.8296382427215576
126   1.1409395933151245
127   1.2725841999053955
128   1.2076243162155151
129   1.0416582822799683
130   1.1519355773925781
131   1.200430989265442
132   1.1778732538223267
133   1.0350579023361206
134   1.5130419731140137
135   1.0647823810577393
136   1.3292672634124756
137   1.3013465404510498
138   1.9126689434051514
139   0.981580376625061
140   1.4839612245559692
141   0.7760066986083984
142   1.1674602031707764
143   1.636273980140686
144   0.9618395566940308
145   1.3859845399856567
146   1.3200621604919434
147   1.2937686443328857
148   1.1537188291549683
149   1.2168911695480347
150   1.3468542098999023
151   1.3284904956817627
152   1.1257151365280151
153   1.2645418643951416
154   1.8641982078552246
155   1.1855310201644897
156   1.3489223718643188
157   1.1593159437179565
158   1.255080223083496
159   1.3191858530044556
160   1.6077834367752075
161   1.4097357988357544
162   1.0843939781188965
163   1.0771570205688477
164   1.452697992324829
