1   0.5666888952255249
2   2.7038118839263916
3   2.0188889503479004
4   3.0618302822113037
5   3.6144635677337646
6   3.824211359024048
7   3.957000255584717
8   3.149941921234131
9   4.718508720397949
10   3.655290126800537
11   3.6955487728118896
12   3.911925792694092
13   3.707303524017334
14   4.123861312866211
15   4.109121799468994
16   3.849905014038086
17   4.304225921630859
18   1.512774109840393
19   2.334998846054077
20   3.245360851287842
21   2.972951650619507
22   3.620727300643921
23   3.507222890853882
24   3.166088104248047
25   4.138267517089844
26   3.9244115352630615
27   4.09678840637207
28   2.8272135257720947
29   3.6138532161712646
30   4.2462873458862305
31   3.2450430393218994
32   2.975148916244507
33   2.8341562747955322
34   2.8232126235961914
35   3.691657543182373
36   3.294761896133423
37   5.981132507324219
38   3.7731919288635254
39   3.319322109222412
40   3.879650115966797
41   3.704230546951294
42   4.881697177886963
43   3.996485710144043
44   4.063961029052734
45   1.2694963216781616
46   3.2349870204925537
47   3.27063250541687
48   2.726067543029785
49   4.302076816558838
50   3.6335980892181396
51   3.038867473602295
52   2.4569175243377686
53   2.196877956390381
54   1.524500846862793
55   3.719013214111328
56   4.128599166870117
57   3.345397710800171
58   4.10998010635376
59   3.8903849124908447
60   2.7663955688476563
61   2.767183542251587
62   3.0180420875549316
63   4.430683135986328
64   2.555922269821167
65   4.417303085327148
66   3.9193058013916016
67   2.8330235481262207
68   3.9655373096466064
69   3.76579213142395
70   3.9170053005218506
71   3.065897226333618
72   3.331591844558716
73   4.121679782867432
74   3.355120897293091
75   2.8913087844848633
76   4.462998867034912
77   3.2942326068878174
78   3.995107650756836
79   2.5999085903167725
80   2.9195103645324707
81   1.264768362045288
82   3.1957976818084717
83   3.4220948219299316
84   2.022346019744873
85   3.0127556324005127
86   2.447269916534424
87   3.561255931854248
88   4.155547142028809
89   3.3102245330810547
90   3.518906831741333
91   3.7262160778045654
92   4.408608436584473
93   3.6611688137054443
94   3.2848949432373047
95   3.8486528396606445
96   2.644360303878784
97   2.8459627628326416
98   3.039100170135498
99   3.705275058746338
100   3.791867256164551
101   1.2928789854049683
102   3.4549546241760254
103   3.289241075515747
104   2.430645227432251
105   3.058387041091919
106   3.1255202293395996
107   2.8627567291259766
108   4.425692558288574
109   3.6467716693878174
110   2.72890043258667
111   3.7468621730804443
112   2.992995262145996
113   2.3439221382141113
114   2.8509700298309326
115   2.842764139175415
116   3.0192363262176514
117   4.19435453414917
118   3.372101068496704
119   3.7699546813964844
120   3.1425015926361084
121   3.811124086380005
122   3.25968074798584
123   2.3348336219787598
124   1.910184383392334
125   1.558719515800476
126   2.830559253692627
127   1.8313919305801392
128   1.7644392251968384
129   2.014108419418335
130   1.3346905708312988
131   1.8947328329086304
132   1.4715818166732788
133   2.092806100845337
134   1.3756510019302368
135   1.5551680326461792
136   2.074583053588867
137   0.8764213919639587
138   4.078483581542969
139   3.017796754837036
140   5.208954334259033
141   3.365859270095825
142   3.2433295249938965
143   4.28082275390625
144   2.83547306060791
145   3.0766217708587646
146   3.785278797149658
147   2.54024338722229
148   3.556122303009033
149   2.722698211669922
150   4.385882377624512
151   3.7150254249572754
152   3.6063218116760254
153   2.4831717014312744
154   3.9194064140319824
155   3.5741708278656006
156   2.5630428791046143
157   3.71107816696167
158   3.4496347904205322
159   4.120609760284424
160   3.790586471557617
161   4.20468282699585
162   2.930546998977661
163   3.5067098140716553
164   3.3697800636291504
