1   4.25110387802124
2   4.46690559387207
3   4.743226051330566
4   4.2237958908081055
5   4.77945613861084
6   4.441558361053467
7   4.293340682983398
8   3.8456437587738037
9   4.00288724899292
10   4.1457414627075195
11   4.129960060119629
12   4.230090618133545
13   4.341779708862305
14   3.872840166091919
15   5.775506973266602
16   4.753912448883057
17   4.439260005950928
18   4.422927379608154
19   4.53913688659668
20   4.917086601257324
21   4.791107654571533
22   4.25798225402832
23   5.253355503082275
24   4.446972846984863
25   3.7793290615081787
26   4.383963108062744
27   4.3155341148376465
28   4.606377124786377
29   2.9686880111694336
30   5.43360710144043
31   5.419738292694092
32   4.8429951667785645
33   4.369003772735596
34   3.9665348529815674
35   3.2674925327301025
36   5.1159892082214355
37   5.244853973388672
38   5.641960620880127
39   4.563147068023682
40   5.488476753234863
41   2.499056577682495
42   3.9457433223724365
43   3.5187435150146484
44   4.177430629730225
45   4.248773574829102
46   3.8455047607421875
47   4.93958044052124
48   4.736483573913574
49   4.360877513885498
50   3.9003984928131104
51   4.250260829925537
52   4.3267502784729
53   4.559621810913086
54   4.538376331329346
55   4.561263561248779
56   3.2483294010162354
57   4.759843826293945
58   5.14933967590332
59   4.4299468994140625
60   4.88203239440918
61   2.604642152786255
62   3.7852325439453125
63   4.911802768707275
64   4.981473922729492
65   5.9312849044799805
66   5.528041839599609
67   5.091221809387207
68   4.459300994873047
69   4.773519992828369
70   5.543820858001709
71   4.392536163330078
72   4.417068958282471
73   4.473179340362549
74   5.6858086585998535
75   4.954885005950928
76   5.341451168060303
77   5.711318492889404
78   5.954057216644287
79   6.486715793609619
80   6.436408519744873
81   6.07127571105957
82   4.737255096435547
83   5.271299839019775
84   3.546013355255127
85   4.272602558135986
86   5.501724720001221
87   4.96235466003418
88   6.292747974395752
89   4.758177757263184
90   4.626511573791504
91   5.010878562927246
92   2.6292200088500977
93   3.7384321689605713
94   4.439814567565918
95   3.4410035610198975
96   3.7823328971862793
97   4.150645732879639
98   4.167140960693359
99   1.7128032445907593
100   4.272298336029053
101   3.834414482116699
102   3.120032787322998
103   3.89300537109375
104   4.0744500160217285
105   4.1668620109558105
106   3.6611084938049316
107   3.7879159450531006
108   4.6866326332092285
109   4.08095645904541
110   4.330684185028076
111   4.088107585906982
112   4.187023639678955
113   4.803309917449951
114   4.727077484130859
115   3.5232112407684326
116   4.765344619750977
117   5.351243019104004
118   5.323704242706299
119   4.426873207092285
120   4.519822120666504
121   3.4040141105651855
122   4.983187198638916
123   4.182913303375244
124   4.315069675445557
125   4.574939727783203
126   4.823576927185059
127   4.454792022705078
128   6.1417012214660645
129   4.131435871124268
130   4.952447414398193
131   5.1089372634887695
132   5.6366987228393555
133   4.452017784118652
134   5.333699703216553
135   5.369227886199951
136   4.37891960144043
137   5.633705139160156
138   4.660778522491455
139   5.388288497924805
140   5.995056629180908
141   5.823331832885742
142   4.862218379974365
143   4.738304138183594
144   3.772406578063965
145   4.988804817199707
146   5.392457962036133
147   5.388038635253906
148   5.381039142608643
149   6.4454665184021
150   5.815860271453857
151   5.7029571533203125
152   5.653686046600342
153   5.479745864868164
154   4.419732093811035
155   4.253201484680176
156   4.798167705535889
157   6.141214847564697
158   5.356883525848389
159   5.654677391052246
160   5.659478187561035
161   4.553260326385498
162   5.636777877807617
163   4.001432418823242
164   4.689053058624268
