1   1.5421831607818604
2   1.780104637145996
3   2.0634007453918457
4   1.6125582456588745
5   1.6139241456985474
6   1.6715036630630493
7   1.6776069402694702
8   1.8394256830215454
9   1.8713561296463013
10   1.5861092805862427
11   1.6740790605545044
12   1.6727906465530396
13   1.896756649017334
14   2.0674781799316406
15   1.7095516920089722
16   1.9016441106796265
17   1.7196542024612427
18   1.675828218460083
19   1.644619107246399
20   1.8576446771621704
21   1.5404901504516602
22   1.7419588565826416
23   1.5248066186904907
24   1.6234338283538818
25   1.8034404516220093
26   1.8380322456359863
27   1.707423448562622
28   1.686237096786499
29   1.600756287574768
30   1.9179877042770386
31   1.4197771549224854
32   1.5195246934890747
33   1.3668240308761597
34   1.8071370124816895
35   2.311091423034668
36   1.8475202322006226
37   1.998899221420288
38   1.88247811794281
39   1.676018238067627
40   1.9240169525146484
41   1.7659204006195068
42   2.670923948287964
43   2.103214979171753
44   2.12375545501709
45   1.7706568241119385
46   1.7081024646759033
47   2.0876402854919434
48   1.7467821836471558
49   1.6085021495819092
50   1.6849274635314941
51   2.336848258972168
52   1.8214412927627563
53   2.1477468013763428
54   2.2677078247070313
55   1.876406192779541
56   2.1770567893981934
57   2.0772414207458496
58   1.8065482378005981
59   2.036587953567505
60   1.6010234355926514
61   1.3221851587295532
62   1.5638395547866821
63   2.0532851219177246
64   1.8252252340316772
65   1.8127405643463135
66   1.907095193862915
67   1.8047590255737305
68   2.0108439922332764
69   2.0692739486694336
70   2.303302764892578
71   1.8297309875488281
72   2.1946184635162354
73   1.9950850009918213
74   1.8271623849868774
75   1.7317781448364258
76   2.1297829151153564
77   1.7676599025726318
78   1.8119858503341675
79   1.5041362047195435
80   1.8038771152496338
81   1.8813420534133911
82   2.0404934883117676
83   1.923416256904602
84   1.8778660297393799
85   1.8202135562896729
86   2.0223350524902344
87   1.7015644311904907
88   2.1001689434051514
89   1.737937331199646
90   1.9733855724334717
91   2.0475215911865234
92   2.2999446392059326
93   1.6989327669143677
94   1.9205971956253052
95   1.7810603380203247
96   1.6769815683364868
97   1.6800711154937744
98   1.9376100301742554
99   2.2495920658111572
100   1.813689947128296
101   1.8664661645889282
102   2.5033438205718994
103   2.048706531524658
104   2.06862211227417
105   2.2088019847869873
106   1.7961184978485107
107   1.8391321897506714
108   2.060004234313965
109   1.662684679031372
110   1.7896368503570557
111   1.7788268327713013
112   1.645534873008728
113   1.8915607929229736
114   1.823390245437622
115   1.8979448080062866
116   1.6594817638397217
117   2.1055595874786377
118   1.887473225593567
119   1.6694297790527344
120   1.8708420991897583
121   1.8500102758407593
122   1.8967869281768799
123   1.7594072818756104
124   1.6866172552108765
125   1.5451724529266357
126   1.4781123399734497
127   1.7774786949157715
128   1.6518127918243408
129   1.784382939338684
130   1.3709073066711426
131   2.0059869289398193
132   1.7661200761795044
133   1.7249938249588013
134   1.6318212747573853
135   1.8094195127487183
136   1.9794131517410278
137   1.7407443523406982
138   1.952006459236145
139   1.7864081859588623
140   1.949416995048523
141   1.8081406354904175
142   1.8453810214996338
143   2.220125198364258
144   1.3506118059158325
145   1.992580771446228
146   1.8198624849319458
147   1.8881921768188477
148   1.596490502357483
149   1.6962896585464478
150   2.310520887374878
151   1.678512454032898
152   1.6613414287567139
153   1.7110012769699097
154   2.0762972831726074
155   1.714342713356018
156   1.9707573652267456
157   1.9440288543701172
158   2.123915672302246
159   1.9725456237792969
160   2.176142454147339
161   1.7803058624267578
162   1.7240980863571167
163   1.8092551231384277
164   2.062567710876465
