0   0.0
1   3.156883716583252
2   2.459639072418213
3   2.3864197731018066
4   2.534371852874756
5   2.4257352352142334
6   2.3665974140167236
7   2.347233295440674
8   2.3247900009155273
9   2.3715386390686035
10   2.401582717895508
11   2.379189968109131
12   2.391468048095703
13   2.5990216732025146
14   2.4721872806549072
15   2.541935920715332
16   2.440871000289917
17   2.575212001800537
18   2.475457191467285
19   2.663004159927368
20   2.4427106380462646
21   2.3331422805786133
22   2.449470043182373
23   2.4875826835632324
24   2.322800874710083
25   2.1375133991241455
26   1.962668776512146
27   2.182835102081299
28   2.2689831256866455
29   2.496892213821411
30   2.3576512336730957
31   2.290719509124756
32   2.576070785522461
33   2.5515294075012207
34   2.4613351821899414
35   2.576530933380127
36   2.486704111099243
37   2.5391461849212646
38   2.442775011062622
39   2.6248550415039063
40   2.547274351119995
41   2.6094377040863037
42   2.745918035507202
43   2.4577620029449463
44   2.700261354446411
45   2.5943443775177
46   2.3777987957000732
47   2.289848804473877
48   2.612570285797119
49   2.420942544937134
50   2.453491687774658
51   2.2023816108703613
52   2.5191099643707275
53   2.29093074798584
54   2.259857416152954
55   2.4893248081207275
56   2.3726260662078857
57   2.6510820388793945
58   2.735999822616577
59   2.5730600357055664
60   2.5099809169769287
61   2.6496171951293945
62   2.6065595149993896
63   2.696141242980957
64   2.537574291229248
65   3.095033645629883
66   2.699042558670044
67   2.8038954734802246
68   2.8478777408599854
69   2.7494516372680664
70   2.7438271045684814
71   2.2984628677368164
72   2.0760610103607178
73   2.181514263153076
74   2.4342191219329834
75   2.3608338832855225
76   2.8232831954956055
77   3.0503008365631104
78   2.8237218856811523
79   3.3733322620391846
80   3.0401298999786377
81   2.887946128845215
82   2.6361043453216553
83   3.1514618396759033
84   3.116349220275879
85   2.700249671936035
86   2.8414201736450195
87   2.974900245666504
88   3.4922451972961426
89   3.188636302947998
90   3.2307844161987305
91   2.960223913192749
92   2.96999192237854
93   3.5629429817199707
94   2.9331414699554443
95   2.9222068786621094
96   3.5549299716949463
97   3.3158936500549316
98   2.7550249099731445
99   3.248514175415039
100   2.6259052753448486
101   3.1671226024627686
102   2.7346761226654053
103   2.774350643157959
104   2.670517921447754
105   2.6626083850860596
106   2.2495810985565186
107   2.5806875228881836
108   2.4863288402557373
109   2.6480929851531982
110   2.871368169784546
111   2.587625503540039
112   2.444575309753418
113   2.541794776916504
114   2.436753034591675
115   2.2114758491516113
116   2.4302165508270264
117   2.292938709259033
118   2.348870277404785
119   2.3649823665618896
120   2.4180526733398438
121   2.4279088973999023
122   2.3514978885650635
123   2.4615495204925537
124   2.246896743774414
125   2.564178466796875
126   2.3927433490753174
127   2.2874038219451904
128   2.382321834564209
129   2.4881937503814697
130   2.439362049102783
131   2.3504815101623535
132   2.3622934818267822
133   2.3231520652770996
134   2.5806643962860107
135   2.378020763397217
136   2.3833532333374023
137   2.426635980606079
138   2.4511711597442627
139   2.2770960330963135
140   2.5285024642944336
141   2.3787014484405518
142   2.517911434173584
143   2.1802873611450195
144   2.139486789703369
145   2.2576427459716797
146   2.305649757385254
147   1.9160834550857544
148   2.3345048427581787
149   2.0275018215179443
150   2.0270073413848877
151   2.060026168823242
152   2.4095191955566406
153   2.3595786094665527
154   2.2800283432006836
155   2.268291711807251
156   2.093291759490967
157   2.1442110538482666
158   2.2443299293518066
159   2.353126049041748
160   2.5943658351898193
161   2.9380548000335693
162   2.369908094406128
163   2.4929041862487793
164   2.6507363319396973
165   2.4920408725738525
166   2.4139676094055176
167   2.6122872829437256
168   2.214186429977417
169   2.4590227603912354
170   2.4931724071502686
171   2.3996238708496094
172   2.4296061992645264
173   2.3401708602905273
174   2.6676621437072754
175   2.37274432182312
176   2.631696939468384
177   2.3801350593566895
178   2.382335662841797
179   2.42547607421875
180   2.170387029647827
181   1.8007597923278809
182   1.8828163146972656
183   2.4691078662872314
184   2.29483962059021
185   2.4589920043945313
186   1.9457157850265503
187   2.1527154445648193
188   2.506890058517456
189   2.1092300415039063
190   2.120424509048462
191   2.3913822174072266
192   2.8610854148864746
193   2.3963816165924072
194   2.1821064949035645
195   2.2931580543518066
196   2.890880823135376
197   2.5616583824157715
198   2.4405603408813477
199   2.6791739463806152
200   2.344991445541382
201   2.2157349586486816
202   2.4770476818084717
203   2.589285373687744
204   2.3836886882781982
205   2.401294708251953
206   2.4261302947998047
207   2.4472575187683105
208   2.468606948852539
209   2.4401142597198486
210   2.430983304977417
211   2.2247188091278076
212   2.419973611831665
213   2.386901617050171
214   2.272448778152466
215   2.265763282775879
216   2.488295078277588
217   2.373932361602783
218   2.5915565490722656
219   2.589932441711426
220   2.03255295753479
221   2.6302735805511475
222   2.3805644512176514
223   2.4418342113494873
224   2.3649282455444336
225   2.432701349258423
226   2.453361749649048
227   2.289062023162842
228   2.1770830154418945
229   2.2421746253967285
230   2.1814208030700684
231   2.43796443939209
232   2.52480149269104
233   2.356853723526001
234   2.2398507595062256
235   2.3342292308807373
236   2.374450206756592
237   2.0849502086639404
238   2.338988780975342
239   2.453913688659668
240   2.41068959236145
241   2.248300552368164
242   2.623591423034668
243   2.3166589736938477
244   2.564918041229248
245   2.636370897293091
246   2.2805569171905518
247   2.2543697357177734
248   2.533550977706909
249   2.449502468109131
250   2.7236571311950684
251   2.393552780151367
252   2.3770384788513184
253   2.2706239223480225
254   2.5267701148986816
255   2.337283134460449
256   2.453920602798462
257   2.5724291801452637
258   2.4112377166748047
259   2.005574941635132
260   1.664689064025879
261   1.45319664478302
262   1.4574328660964966
263   1.7879359722137451
264   1.6265616416931152
265   1.4079408645629883
266   1.7075608968734741
267   1.9754823446273804
268   1.8549970388412476
269   1.5268043279647827
270   1.4906020164489746
271   2.282787799835205
272   1.9415489435195923
273   2.00268816947937
274   1.7191221714019775
275   1.6537984609603882
276   1.9401185512542725
277   1.959445834159851
278   2.236849308013916
279   2.135775566101074
280   1.9493123292922974
281   2.656248092651367
282   2.089789867401123
283   2.3287110328674316
284   2.548685073852539
285   2.4408462047576904
286   2.573591947555542
287   2.5101633071899414
288   2.353224039077759
289   2.4847898483276367
290   2.352219581604004
291   2.394685745239258
292   2.5073890686035156
293   2.3370003700256348
294   2.3356385231018066
295   2.383413791656494
296   2.284332275390625
297   2.382035732269287
298   2.3674843311309814
299   2.657529592514038
300   2.393900156021118
301   2.5166120529174805
302   2.4595298767089844
303   2.346433639526367
304   2.4164235591888428
305   2.416083335876465
306   2.4575843811035156
307   2.4448490142822266
308   2.3669700622558594
309   2.543591022491455
310   2.737912178039551
311   2.6506223678588867
312   2.6200649738311768
313   2.560384750366211
314   2.529911518096924
315   2.3454182147979736
316   2.3137426376342773
317   2.3851161003112793
318   2.5257222652435303
319   2.411926507949829
320   2.1653730869293213
321   2.207303285598755
322   2.37687087059021
323   2.1860997676849365
324   2.464358329772949
