0   0.0
1   3.350537061691284
2   2.578468084335327
3   2.3315773010253906
4   2.517204523086548
5   2.4736247062683105
6   2.445491075515747
7   2.3650240898132324
8   2.2850208282470703
9   2.281956672668457
10   2.408632516860962
11   2.433814764022827
12   2.379392385482788
13   2.6858839988708496
14   2.4045865535736084
15   2.540081024169922
16   2.4410181045532227
17   2.5242130756378174
18   2.4490373134613037
19   2.652388334274292
20   2.455932378768921
21   2.342120885848999
22   2.482600212097168
23   2.3746187686920166
24   2.3443002700805664
25   2.1452584266662598
26   1.8808609247207642
27   2.1291909217834473
28   2.2090556621551514
29   2.462390422821045
30   2.353930711746216
31   2.275111675262451
32   2.767239809036255
33   2.6519131660461426
34   2.371631145477295
35   2.6613800525665283
36   2.5348167419433594
37   2.5602166652679443
38   2.4239187240600586
39   2.7052836418151855
40   2.515470027923584
41   2.5751612186431885
42   2.8737642765045166
43   2.5069241523742676
44   2.7521989345550537
45   2.620190382003784
46   2.4298698902130127
47   2.457655191421509
48   2.714848279953003
49   2.438481569290161
50   2.5183870792388916
51   2.2830021381378174
52   2.6225526332855225
53   2.2186837196350098
54   2.2254927158355713
55   2.548513174057007
56   2.4009265899658203
57   2.702819585800171
58   2.7326323986053467
59   2.624523878097534
60   2.63213849067688
61   2.724785566329956
62   2.7537286281585693
63   2.7527530193328857
64   2.591402530670166
65   3.165576457977295
66   2.8728134632110596
67   2.9992356300354004
68   3.003831148147583
69   2.8567183017730713
70   2.8569905757904053
71   2.297154426574707
72   2.146595001220703
73   2.237823724746704
74   2.5114755630493164
75   2.256296157836914
76   2.8590049743652344
77   2.9248108863830566
78   2.864203453063965
79   3.523033857345581
80   3.0822927951812744
81   3.0243570804595947
82   2.8072776794433594
83   3.3804564476013184
84   3.455026149749756
85   2.815263032913208
86   2.9642622470855713
87   3.1663644313812256
88   3.7930545806884766
89   3.385545492172241
90   3.373544216156006
91   2.86968994140625
92   2.9976508617401123
93   3.717505931854248
94   3.0769283771514893
95   3.1692237854003906
96   3.693056344985962
97   3.482322931289673
98   2.730363607406616
99   3.361118793487549
100   2.6291658878326416
101   3.426661491394043
102   2.972158908843994
103   2.7809715270996094
104   2.7652430534362793
105   2.7185797691345215
106   2.2375431060791016
107   2.7759406566619873
108   2.5101475715637207
109   2.6175153255462646
110   2.8534696102142334
111   2.4868004322052
112   2.277081251144409
113   2.4488627910614014
114   2.447801351547241
115   2.324756145477295
116   2.4498629570007324
117   2.2497806549072266
118   2.3609559535980225
119   2.330960512161255
120   2.4378483295440674
121   2.429438591003418
122   2.305771589279175
123   2.5469777584075928
124   2.2668349742889404
125   2.5810375213623047
126   2.4227747917175293
127   2.323687791824341
128   2.340886354446411
129   2.5629055500030518
130   2.5090830326080322
131   2.359065055847168
132   2.289867401123047
133   2.2621023654937744
134   2.638241767883301
135   2.365544557571411
136   2.4539711475372314
137   2.4722208976745605
138   2.510894536972046
139   2.2524123191833496
140   2.469905376434326
141   2.3293986320495605
142   2.5117075443267822
143   2.2123770713806152
144   2.259134292602539
145   2.3493189811706543
146   2.391627073287964
147   2.0012621879577637
148   2.4313714504241943
149   2.105004072189331
150   2.082859516143799
151   2.081155300140381
152   2.417479991912842
153   2.40451979637146
154   2.2820093631744385
155   2.2507236003875732
156   2.120790719985962
157   2.152355194091797
158   2.261413335800171
159   2.3939266204833984
160   2.599395275115967
161   3.1058950424194336
162   2.3773248195648193
163   2.5422146320343018
164   2.8050239086151123
165   2.5754990577697754
166   2.5479817390441895
167   2.655977964401245
168   2.3624885082244873
169   2.554887533187866
170   2.4160919189453125
171   2.446193218231201
172   2.4298574924468994
173   2.322715997695923
174   2.732083797454834
175   2.3528852462768555
176   2.7341525554656982
177   2.3963091373443604
178   2.5005435943603516
179   2.3749990463256836
180   2.1283490657806396
181   1.775804042816162
182   2.010957717895508
183   2.5068628787994385
184   2.205838680267334
185   2.4728853702545166
186   1.919425129890442
187   2.1881816387176514
188   2.391639232635498
189   2.0730152130126953
190   2.156350612640381
191   2.479254961013794
192   2.8950493335723877
193   2.503974437713623
194   2.2429146766662598
195   2.2982940673828125
196   3.0419392585754395
197   2.648817300796509
198   2.501737117767334
199   2.7653326988220215
200   2.335211992263794
201   2.243948221206665
202   2.4909093379974365
203   2.703855276107788
204   2.4129931926727295
205   2.415567398071289
206   2.4654998779296875
207   2.4965248107910156
208   2.5369229316711426
209   2.587765693664551
210   2.5022261142730713
211   2.2855331897735596
212   2.4606986045837402
213   2.5456812381744385
214   2.2909724712371826
215   2.3206732273101807
216   2.594852924346924
217   2.423410415649414
218   2.5746588706970215
219   2.5949606895446777
220   1.979288101196289
221   2.7154653072357178
222   2.4872686862945557
223   2.453307628631592
224   2.413473606109619
225   2.5064949989318848
226   2.5587446689605713
227   2.4531233310699463
228   2.221921682357788
229   2.2936675548553467
230   2.122527837753296
231   2.473235607147217
232   2.5897786617279053
233   2.431516408920288
234   2.332446575164795
235   2.352797508239746
236   2.351865530014038
237   2.123264789581299
238   2.3454461097717285
239   2.4217047691345215
240   2.4187331199645996
241   2.3036184310913086
242   2.749950408935547
243   2.416429281234741
244   2.552184581756592
245   2.593869686126709
246   2.2739548683166504
247   2.3368680477142334
248   2.6444473266601563
249   2.4939024448394775
250   2.7456977367401123
251   2.5046467781066895
252   2.4067418575286865
253   2.278373956680298
254   2.5147664546966553
255   2.3385791778564453
256   2.455301284790039
257   2.5847628116607666
258   2.4814229011535645
259   2.2006027698516846
260   1.7977603673934937
261   1.5607640743255615
262   1.4021813869476318
263   1.7906380891799927
264   1.5114834308624268
265   1.3021950721740723
266   1.7240804433822632
267   2.069200038909912
268   1.919830560684204
269   1.491234302520752
270   1.4954044818878174
271   2.178314208984375
272   1.6915887594223022
273   1.8583922386169434
274   1.6554677486419678
275   1.5406500101089478
276   2.034416437149048
277   1.9264590740203857
278   2.350245952606201
279   2.108076810836792
280   2.0717382431030273
281   2.755019187927246
282   2.0591845512390137
283   2.4302608966827393
284   2.598806142807007
285   2.624481439590454
286   2.5540928840637207
287   2.5836377143859863
288   2.339806318283081
289   2.5795483589172363
290   2.3656370639801025
291   2.446812391281128
292   2.6616897583007813
293   2.3231077194213867
294   2.3120665550231934
295   2.4431889057159424
296   2.327719211578369
297   2.4365007877349854
298   2.3822925090789795
299   2.6866300106048584
300   2.4559078216552734
301   2.6489200592041016
302   2.456406354904175
303   2.372488021850586
304   2.4617409706115723
305   2.390629768371582
306   2.4464712142944336
307   2.2947983741760254
308   2.303535223007202
309   2.5377233028411865
310   2.6547188758850098
311   2.6472086906433105
312   2.6239442825317383
313   2.521228790283203
314   2.5786900520324707
315   2.4611709117889404
316   2.352003335952759
317   2.4064126014709473
318   2.490509510040283
319   2.483930826187134
320   2.1487395763397217
321   2.323099136352539
322   2.353741407394409
323   2.2336580753326416
324   2.4378645420074463
0   0.0
1   3.350537061691284
2   2.578468084335327
3   2.3315773010253906
4   2.517204523086548
5   2.4736247062683105
6   2.445491075515747
7   2.3650240898132324
8   2.2850208282470703
9   2.281956672668457
10   2.408632516860962
11   2.433814764022827
12   2.379392385482788
13   2.6858839988708496
14   2.4045865535736084
15   2.540081024169922
16   2.4410181045532227
17   2.5242130756378174
18   2.4490373134613037
19   2.652388334274292
20   2.455932378768921
21   2.342120885848999
22   2.482600212097168
23   2.3746187686920166
24   2.3443002700805664
25   2.1452584266662598
26   1.8808609247207642
27   2.1291909217834473
28   2.2090556621551514
29   2.462390422821045
30   2.353930711746216
31   2.275111675262451
32   2.767239809036255
33   2.6519131660461426
34   2.371631145477295
35   2.6613800525665283
36   2.5348167419433594
37   2.5602166652679443
38   2.4239187240600586
39   2.7052836418151855
40   2.515470027923584
41   2.5751612186431885
42   2.8737642765045166
43   2.5069241523742676
44   2.7521989345550537
45   2.620190382003784
46   2.4298698902130127
47   2.457655191421509
48   2.714848279953003
49   2.438481569290161
50   2.5183870792388916
51   2.2830021381378174
52   2.6225526332855225
53   2.2186837196350098
54   2.2254927158355713
55   2.548513174057007
56   2.4009265899658203
57   2.702819585800171
58   2.7326323986053467
59   2.624523878097534
60   2.63213849067688
61   2.724785566329956
62   2.7537286281585693
63   2.7527530193328857
64   2.591402530670166
65   3.165576457977295
66   2.8728134632110596
67   2.9992356300354004
68   3.003831148147583
69   2.8567183017730713
70   2.8569905757904053
71   2.297154426574707
72   2.146595001220703
73   2.237823724746704
74   2.5114755630493164
75   2.256296157836914
76   2.8590049743652344
77   2.9248108863830566
78   2.864203453063965
79   3.523033857345581
80   3.0822927951812744
81   3.0243570804595947
82   2.8072776794433594
83   3.3804564476013184
84   3.455026149749756
85   2.815263032913208
86   2.9642622470855713
87   3.1663644313812256
88   3.7930545806884766
89   3.385545492172241
90   3.373544216156006
91   2.86968994140625
92   2.9976508617401123
93   3.717505931854248
94   3.0769283771514893
95   3.1692237854003906
96   3.693056344985962
97   3.482322931289673
98   2.730363607406616
99   3.361118793487549
100   2.6291658878326416
101   3.426661491394043
102   2.972158908843994
103   2.7809715270996094
104   2.7652430534362793
105   2.7185797691345215
106   2.2375431060791016
107   2.7759406566619873
108   2.5101475715637207
109   2.6175153255462646
110   2.8534696102142334
111   2.4868004322052
112   2.277081251144409
113   2.4488627910614014
114   2.447801351547241
115   2.324756145477295
116   2.4498629570007324
117   2.2497806549072266
118   2.3609559535980225
119   2.330960512161255
120   2.4378483295440674
121   2.429438591003418
122   2.305771589279175
123   2.5469777584075928
124   2.2668349742889404
125   2.5810375213623047
126   2.4227747917175293
127   2.323687791824341
128   2.340886354446411
129   2.5629055500030518
130   2.5090830326080322
131   2.359065055847168
132   2.289867401123047
133   2.2621023654937744
134   2.638241767883301
135   2.365544557571411
136   2.4539711475372314
137   2.4722208976745605
138   2.510894536972046
139   2.2524123191833496
140   2.469905376434326
141   2.3293986320495605
142   2.5117075443267822
143   2.2123770713806152
144   2.259134292602539
145   2.3493189811706543
146   2.391627073287964
147   2.0012621879577637
148   2.4313714504241943
149   2.105004072189331
150   2.082859516143799
151   2.081155300140381
152   2.417479991912842
153   2.40451979637146
154   2.2820093631744385
155   2.2507236003875732
156   2.120790719985962
157   2.152355194091797
158   2.261413335800171
159   2.3939266204833984
160   2.599395275115967
161   3.1058950424194336
162   2.3773248195648193
163   2.5422146320343018
164   2.8050239086151123
165   2.5754990577697754
166   2.5479817390441895
167   2.655977964401245
168   2.3624885082244873
169   2.554887533187866
170   2.4160919189453125
171   2.446193218231201
172   2.4298574924468994
173   2.322715997695923
174   2.732083797454834
175   2.3528852462768555
176   2.7341525554656982
177   2.3963091373443604
178   2.5005435943603516
179   2.3749990463256836
180   2.1283490657806396
181   1.775804042816162
182   2.010957717895508
183   2.5068628787994385
184   2.205838680267334
185   2.4728853702545166
186   1.919425129890442
187   2.1881816387176514
188   2.391639232635498
189   2.0730152130126953
190   2.156350612640381
191   2.479254961013794
192   2.8950493335723877
193   2.503974437713623
194   2.2429146766662598
195   2.2982940673828125
196   3.0419392585754395
197   2.648817300796509
198   2.501737117767334
199   2.7653326988220215
200   2.335211992263794
201   2.243948221206665
202   2.4909093379974365
203   2.703855276107788
204   2.4129931926727295
205   2.415567398071289
206   2.4654998779296875
207   2.4965248107910156
208   2.5369229316711426
209   2.587765693664551
210   2.5022261142730713
211   2.2855331897735596
212   2.4606986045837402
213   2.5456812381744385
214   2.2909724712371826
215   2.3206732273101807
216   2.594852924346924
217   2.423410415649414
218   2.5746588706970215
219   2.5949606895446777
220   1.979288101196289
221   2.7154653072357178
222   2.4872686862945557
223   2.453307628631592
224   2.413473606109619
225   2.5064949989318848
226   2.5587446689605713
227   2.4531233310699463
228   2.221921682357788
229   2.2936675548553467
230   2.122527837753296
231   2.473235607147217
232   2.5897786617279053
233   2.431516408920288
234   2.332446575164795
235   2.352797508239746
236   2.351865530014038
237   2.123264789581299
238   2.3454461097717285
239   2.4217047691345215
240   2.4187331199645996
241   2.3036184310913086
242   2.749950408935547
243   2.416429281234741
244   2.552184581756592
245   2.593869686126709
246   2.2739548683166504
247   2.3368680477142334
248   2.6444473266601563
249   2.4939024448394775
250   2.7456977367401123
251   2.5046467781066895
252   2.4067418575286865
253   2.278373956680298
254   2.5147664546966553
255   2.3385791778564453
256   2.455301284790039
257   2.5847628116607666
258   2.4814229011535645
259   2.2006027698516846
260   1.7977603673934937
261   1.5607640743255615
262   1.4021813869476318
263   1.7906380891799927
264   1.5114834308624268
265   1.3021950721740723
266   1.7240804433822632
267   2.069200038909912
268   1.919830560684204
269   1.491234302520752
270   1.4954044818878174
271   2.178314208984375
272   1.6915887594223022
273   1.8583922386169434
274   1.6554677486419678
275   1.5406500101089478
276   2.034416437149048
277   1.9264590740203857
278   2.350245952606201
279   2.108076810836792
280   2.0717382431030273
281   2.755019187927246
282   2.0591845512390137
283   2.4302608966827393
284   2.598806142807007
285   2.624481439590454
286   2.5540928840637207
287   2.5836377143859863
288   2.339806318283081
289   2.5795483589172363
290   2.3656370639801025
291   2.446812391281128
292   2.6616897583007813
293   2.3231077194213867
294   2.3120665550231934
295   2.4431889057159424
296   2.327719211578369
297   2.4365007877349854
298   2.3822925090789795
299   2.6866300106048584
300   2.4559078216552734
301   2.6489200592041016
302   2.456406354904175
303   2.372488021850586
304   2.4617409706115723
305   2.390629768371582
306   2.4464712142944336
307   2.2947983741760254
308   2.303535223007202
309   2.5377233028411865
310   2.6547188758850098
311   2.6472086906433105
312   2.6239442825317383
313   2.521228790283203
314   2.5786900520324707
315   2.4611709117889404
316   2.352003335952759
317   2.4064126014709473
318   2.490509510040283
319   2.483930826187134
320   2.1487395763397217
321   2.323099136352539
322   2.353741407394409
323   2.2336580753326416
324   2.4378645420074463
0   0.0
1   3.350537061691284
2   2.578468084335327
3   2.3315773010253906
4   2.517204523086548
5   2.4736247062683105
6   2.445491075515747
7   2.3650240898132324
8   2.2850208282470703
9   2.281956672668457
10   2.408632516860962
11   2.433814764022827
12   2.379392385482788
13   2.6858839988708496
14   2.4045865535736084
15   2.540081024169922
16   2.4410181045532227
17   2.5242130756378174
18   2.4490373134613037
19   2.652388334274292
20   2.455932378768921
21   2.342120885848999
22   2.482600212097168
23   2.3746187686920166
24   2.3443002700805664
25   2.1452584266662598
26   1.8808609247207642
27   2.1291909217834473
28   2.2090556621551514
29   2.462390422821045
30   2.353930711746216
31   2.275111675262451
32   2.767239809036255
33   2.6519131660461426
34   2.371631145477295
35   2.6613800525665283
36   2.5348167419433594
37   2.5602166652679443
38   2.4239187240600586
39   2.7052836418151855
40   2.515470027923584
41   2.5751612186431885
42   2.8737642765045166
43   2.5069241523742676
44   2.7521989345550537
45   2.620190382003784
46   2.4298698902130127
47   2.457655191421509
48   2.714848279953003
49   2.438481569290161
50   2.5183870792388916
51   2.2830021381378174
52   2.6225526332855225
53   2.2186837196350098
54   2.2254927158355713
55   2.548513174057007
56   2.4009265899658203
57   2.702819585800171
58   2.7326323986053467
59   2.624523878097534
60   2.63213849067688
61   2.724785566329956
62   2.7537286281585693
63   2.7527530193328857
64   2.591402530670166
65   3.165576457977295
66   2.8728134632110596
67   2.9992356300354004
68   3.003831148147583
69   2.8567183017730713
70   2.8569905757904053
71   2.297154426574707
72   2.146595001220703
73   2.237823724746704
74   2.5114755630493164
75   2.256296157836914
76   2.8590049743652344
77   2.9248108863830566
78   2.864203453063965
79   3.523033857345581
80   3.0822927951812744
81   3.0243570804595947
82   2.8072776794433594
83   3.3804564476013184
84   3.455026149749756
85   2.815263032913208
86   2.9642622470855713
87   3.1663644313812256
88   3.7930545806884766
89   3.385545492172241
90   3.373544216156006
91   2.86968994140625
92   2.9976508617401123
93   3.717505931854248
94   3.0769283771514893
95   3.1692237854003906
96   3.693056344985962
97   3.482322931289673
98   2.730363607406616
99   3.361118793487549
100   2.6291658878326416
101   3.426661491394043
102   2.972158908843994
103   2.7809715270996094
104   2.7652430534362793
105   2.7185797691345215
106   2.2375431060791016
107   2.7759406566619873
108   2.5101475715637207
109   2.6175153255462646
110   2.8534696102142334
111   2.4868004322052
112   2.277081251144409
113   2.4488627910614014
114   2.447801351547241
115   2.324756145477295
116   2.4498629570007324
117   2.2497806549072266
118   2.3609559535980225
119   2.330960512161255
120   2.4378483295440674
121   2.429438591003418
122   2.305771589279175
123   2.5469777584075928
124   2.2668349742889404
125   2.5810375213623047
126   2.4227747917175293
127   2.323687791824341
128   2.340886354446411
129   2.5629055500030518
130   2.5090830326080322
131   2.359065055847168
132   2.289867401123047
133   2.2621023654937744
134   2.638241767883301
135   2.365544557571411
136   2.4539711475372314
137   2.4722208976745605
138   2.510894536972046
139   2.2524123191833496
140   2.469905376434326
141   2.3293986320495605
142   2.5117075443267822
143   2.2123770713806152
144   2.259134292602539
145   2.3493189811706543
146   2.391627073287964
147   2.0012621879577637
148   2.4313714504241943
149   2.105004072189331
150   2.082859516143799
151   2.081155300140381
152   2.417479991912842
153   2.40451979637146
154   2.2820093631744385
155   2.2507236003875732
156   2.120790719985962
157   2.152355194091797
158   2.261413335800171
159   2.3939266204833984
160   2.599395275115967
161   3.1058950424194336
162   2.3773248195648193
163   2.5422146320343018
164   2.8050239086151123
165   2.5754990577697754
166   2.5479817390441895
167   2.655977964401245
168   2.3624885082244873
169   2.554887533187866
170   2.4160919189453125
171   2.446193218231201
172   2.4298574924468994
173   2.322715997695923
174   2.732083797454834
175   2.3528852462768555
176   2.7341525554656982
177   2.3963091373443604
178   2.5005435943603516
179   2.3749990463256836
180   2.1283490657806396
181   1.775804042816162
182   2.010957717895508
183   2.5068628787994385
184   2.205838680267334
185   2.4728853702545166
186   1.919425129890442
187   2.1881816387176514
188   2.391639232635498
189   2.0730152130126953
190   2.156350612640381
191   2.479254961013794
192   2.8950493335723877
193   2.503974437713623
194   2.2429146766662598
195   2.2982940673828125
196   3.0419392585754395
197   2.648817300796509
198   2.501737117767334
199   2.7653326988220215
200   2.335211992263794
201   2.243948221206665
202   2.4909093379974365
203   2.703855276107788
204   2.4129931926727295
205   2.415567398071289
206   2.4654998779296875
207   2.4965248107910156
208   2.5369229316711426
209   2.587765693664551
210   2.5022261142730713
211   2.2855331897735596
212   2.4606986045837402
213   2.5456812381744385
214   2.2909724712371826
215   2.3206732273101807
216   2.594852924346924
217   2.423410415649414
218   2.5746588706970215
219   2.5949606895446777
220   1.979288101196289
221   2.7154653072357178
222   2.4872686862945557
223   2.453307628631592
224   2.413473606109619
225   2.5064949989318848
226   2.5587446689605713
227   2.4531233310699463
228   2.221921682357788
229   2.2936675548553467
230   2.122527837753296
231   2.473235607147217
232   2.5897786617279053
233   2.431516408920288
234   2.332446575164795
235   2.352797508239746
236   2.351865530014038
237   2.123264789581299
238   2.3454461097717285
239   2.4217047691345215
240   2.4187331199645996
241   2.3036184310913086
242   2.749950408935547
243   2.416429281234741
244   2.552184581756592
245   2.593869686126709
246   2.2739548683166504
247   2.3368680477142334
248   2.6444473266601563
249   2.4939024448394775
250   2.7456977367401123
251   2.5046467781066895
252   2.4067418575286865
253   2.278373956680298
254   2.5147664546966553
255   2.3385791778564453
256   2.455301284790039
257   2.5847628116607666
258   2.4814229011535645
259   2.2006027698516846
260   1.7977603673934937
261   1.5607640743255615
262   1.4021813869476318
263   1.7906380891799927
264   1.5114834308624268
265   1.3021950721740723
266   1.7240804433822632
267   2.069200038909912
268   1.919830560684204
269   1.491234302520752
270   1.4954044818878174
271   2.178314208984375
272   1.6915887594223022
273   1.8583922386169434
274   1.6554677486419678
275   1.5406500101089478
276   2.034416437149048
277   1.9264590740203857
278   2.350245952606201
279   2.108076810836792
280   2.0717382431030273
281   2.755019187927246
282   2.0591845512390137
283   2.4302608966827393
284   2.598806142807007
285   2.624481439590454
286   2.5540928840637207
287   2.5836377143859863
288   2.339806318283081
289   2.5795483589172363
290   2.3656370639801025
291   2.446812391281128
292   2.6616897583007813
293   2.3231077194213867
294   2.3120665550231934
295   2.4431889057159424
296   2.327719211578369
297   2.4365007877349854
298   2.3822925090789795
299   2.6866300106048584
300   2.4559078216552734
301   2.6489200592041016
302   2.456406354904175
303   2.372488021850586
304   2.4617409706115723
305   2.390629768371582
306   2.4464712142944336
307   2.2947983741760254
308   2.303535223007202
309   2.5377233028411865
310   2.6547188758850098
311   2.6472086906433105
312   2.6239442825317383
313   2.521228790283203
314   2.5786900520324707
315   2.4611709117889404
316   2.352003335952759
317   2.4064126014709473
318   2.490509510040283
319   2.483930826187134
320   2.1487395763397217
321   2.323099136352539
322   2.353741407394409
323   2.2336580753326416
324   2.4378645420074463
