0   0.0
1   1.7717446088790894
2   1.7711541652679443
3   1.4255229234695435
4   1.6653152704238892
5   1.6563972234725952
6   1.6422789096832275
7   1.6358453035354614
8   1.4742623567581177
9   1.636332631111145
10   1.5426582098007202
11   1.5693939924240112
12   1.7122414112091064
13   1.7122164964675903
14   1.631809949874878
15   1.6505433320999146
16   1.5303621292114258
17   1.7593320608139038
18   1.6950814723968506
19   1.6737060546875
20   1.5509674549102783
21   1.5290043354034424
22   1.5926321744918823
23   1.5930707454681396
24   1.705269455909729
25   1.645986557006836
26   1.356475591659546
27   1.620392084121704
28   1.602310061454773
29   1.6043927669525146
30   1.6502083539962769
31   1.6605207920074463
32   1.8510364294052124
33   1.7293587923049927
34   1.7333989143371582
35   1.5330324172973633
36   1.7194815874099731
37   1.6635546684265137
38   1.7375564575195313
39   1.7174018621444702
40   1.7180777788162231
41   1.5492879152297974
42   1.795926570892334
43   1.6417479515075684
44   1.6451184749603271
45   1.6464303731918335
46   1.802634596824646
47   1.6821041107177734
48   1.773348331451416
49   1.63056218624115
50   1.7060436010360718
51   1.6313443183898926
52   1.5390715599060059
53   1.7524367570877075
54   1.7129648923873901
55   1.7496566772460938
56   1.606562614440918
57   1.5718423128128052
58   1.6465924978256226
59   1.7489813566207886
60   1.8230668306350708
61   1.770294189453125
62   1.7526218891143799
63   1.7411339282989502
64   1.703051209449768
65   1.6142579317092896
66   1.912772297859192
67   1.7857859134674072
68   1.6857428550720215
69   1.8143553733825684
70   1.6147747039794922
71   1.6648085117340088
72   1.7698873281478882
73   1.6229759454727173
74   1.6440832614898682
75   1.5392873287200928
76   1.5781910419464111
77   1.5018516778945923
78   1.5553089380264282
79   1.6913045644760132
80   1.8525958061218262
81   1.8481478691101074
82   1.8610832691192627
83   1.8200944662094116
84   1.976743221282959
85   1.7409354448318481
86   1.69594407081604
87   1.686824083328247
88   1.742124080657959
89   1.7172807455062866
90   1.655980110168457
91   1.5901386737823486
92   1.730825424194336
93   1.8648276329040527
94   1.8563299179077148
95   1.6361991167068481
96   1.7634447813034058
97   1.8050458431243896
98   1.604248046875
99   1.7251008749008179
100   1.5897969007492065
101   1.5942901372909546
102   1.6499699354171753
103   1.8683357238769531
104   1.5053951740264893
105   1.6546168327331543
106   1.800600528717041
107   1.4845761060714722
108   1.6422845125198364
109   1.6937847137451172
110   1.6695603132247925
111   1.4849417209625244
112   1.758129596710205
113   1.5572030544281006
114   1.7531193494796753
115   1.7520543336868286
116   1.6826668977737427
117   1.7421448230743408
118   1.5044785737991333
119   1.6208529472351074
120   1.6896792650222778
121   1.7014609575271606
122   1.7098065614700317
123   1.6780121326446533
124   1.5913848876953125
125   1.6900570392608643
126   1.6597766876220703
127   1.6044373512268066
128   1.58797025680542
129   1.67880117893219
130   1.7162492275238037
131   1.6277434825897217
132   1.6602834463119507
133   1.7272974252700806
134   1.7955540418624878
135   1.5963941812515259
136   1.701701283454895
137   1.7363125085830688
138   1.6543817520141602
139   1.617278814315796
140   1.537537932395935
141   1.6389652490615845
142   1.6434472799301147
143   1.7693052291870117
144   1.5929807424545288
145   1.700535535812378
146   1.6062887907028198
147   1.4973787069320679
148   1.6306464672088623
149   1.5853315591812134
150   1.5729484558105469
151   1.567345142364502
152   1.5708011388778687
153   1.579119324684143
154   1.6823123693466187
155   1.4881644248962402
156   1.5777240991592407
157   1.6149401664733887
158   1.5328593254089355
159   1.6179566383361816
160   1.5171583890914917
161   1.6157612800598145
162   1.5899749994277954
163   1.5709844827651978
164   1.7155264616012573
165   1.6638165712356567
166   1.6022454500198364
167   1.6727467775344849
168   1.601398229598999
169   1.611258625984192
170   1.503989815711975
171   1.814054012298584
172   1.5456914901733398
173   1.4984263181686401
174   1.5631378889083862
175   1.6176332235336304
176   1.7452079057693481
177   1.7815595865249634
178   1.7407307624816895
179   1.595429539680481
180   1.579318642616272
181   1.4327726364135742
182   1.493543028831482
183   1.4394651651382446
184   1.5975604057312012
185   1.8919671773910522
186   1.962094783782959
187   1.7691073417663574
188   1.6865079402923584
189   1.8926063776016235
190   1.9533839225769043
191   1.826454520225525
192   1.7523117065429688
193   1.4693882465362549
194   1.632159948348999
195   1.5571014881134033
196   2.0459094047546387
197   1.472259283065796
198   1.5422022342681885
199   1.9542661905288696
200   1.4756088256835938
201   1.7954272031784058
202   1.5362149477005005
203   1.9708260297775269
204   2.0013296604156494
205   1.9886324405670166
206   1.4079349040985107
207   1.8703210353851318
208   1.333207368850708
209   1.4903626441955566
210   1.7219637632369995
211   1.441823959350586
212   1.6337354183197021
213   1.4710447788238525
214   1.9456734657287598
215   1.60914945602417
216   1.3070390224456787
217   1.7148022651672363
218   2.4380929470062256
219   2.206052780151367
220   1.564312219619751
221   1.1478980779647827
222   1.3085640668869019
223   1.387424349784851
224   0.9995191097259521
225   1.4878398180007935
226   1.2614465951919556
227   1.3102431297302246
228   1.6085783243179321
229   1.3787761926651
230   1.5613906383514404
231   1.614699363708496
232   1.8595826625823975
233   1.7422797679901123
234   1.674564003944397
235   1.839322805404663
236   1.5262963771820068
237   1.7606803178787231
238   1.306911826133728
239   1.195794939994812
240   1.5205163955688477
241   1.8908618688583374
242   1.5122966766357422
243   1.420445203781128
244   1.5008896589279175
245   1.5783079862594604
246   1.2433720827102661
247   1.7580386400222778
248   2.118176221847534
249   1.858555555343628
250   2.092604160308838
251   1.7433406114578247
252   1.7568498849868774
253   1.2267746925354004
254   2.067232847213745
255   1.1920746564865112
256   2.104696273803711
257   2.31907320022583
258   1.6128051280975342
259   1.1998610496520996
260   1.3504998683929443
261   1.8627474308013916
262   1.10749351978302
263   1.1999021768569946
264   1.5793734788894653
265   1.8030842542648315
266   1.3274601697921753
267   2.146890163421631
268   2.6159756183624268
269   1.4226218461990356
270   0.8954882621765137
271   3.3751115798950195
272   2.1018598079681396
273   1.8320614099502563
274   1.3710533380508423
275   1.9641648530960083
276   1.4916163682937622
277   1.566510796546936
278   1.4917361736297607
279   1.1898826360702515
280   1.6379752159118652
281   1.5072667598724365
282   1.586686372756958
283   1.513831615447998
284   1.6634862422943115
285   1.4655977487564087
286   1.7123680114746094
287   1.5688618421554565
288   1.7214590311050415
289   1.4566611051559448
290   1.5018129348754883
291   1.7398289442062378
292   1.7193504571914673
293   1.434656023979187
294   1.7865774631500244
295   1.88041353225708
296   1.486310362815857
297   1.6292052268981934
298   1.69693922996521
299   1.4633818864822388
300   1.5809123516082764
301   1.5167734622955322
302   1.6402363777160645
303   1.6180334091186523
304   1.789650559425354
305   1.4729241132736206
306   1.3330436944961548
307   1.4399888515472412
308   1.701085090637207
309   1.4787338972091675
310   1.4762437343597412
311   1.5295814275741577
312   1.6705073118209839
313   1.403635859489441
314   1.5701807737350464
315   1.6798100471496582
316   1.5811024904251099
317   1.7122153043746948
318   1.590880274772644
319   1.7147741317749023
320   1.5940021276474
321   1.5529638528823853
322   1.5910985469818115
323   1.6538832187652588
324   1.6070691347122192
0   0.0
1   1.7717446088790894
2   1.7711541652679443
3   1.4255229234695435
4   1.6653152704238892
5   1.6563972234725952
6   1.6422789096832275
7   1.6358453035354614
8   1.4742623567581177
9   1.636332631111145
10   1.5426582098007202
11   1.5693939924240112
12   1.7122414112091064
13   1.7122164964675903
14   1.631809949874878
15   1.6505433320999146
16   1.5303621292114258
17   1.7593320608139038
18   1.6950814723968506
19   1.6737060546875
20   1.5509674549102783
21   1.5290043354034424
22   1.5926321744918823
23   1.5930707454681396
24   1.705269455909729
25   1.645986557006836
26   1.356475591659546
27   1.620392084121704
28   1.602310061454773
29   1.6043927669525146
30   1.6502083539962769
31   1.6605207920074463
32   1.8510364294052124
33   1.7293587923049927
34   1.7333989143371582
35   1.5330324172973633
36   1.7194815874099731
37   1.6635546684265137
38   1.7375564575195313
39   1.7174018621444702
40   1.7180777788162231
41   1.5492879152297974
42   1.795926570892334
43   1.6417479515075684
44   1.6451184749603271
45   1.6464303731918335
46   1.802634596824646
47   1.6821041107177734
48   1.773348331451416
49   1.63056218624115
50   1.7060436010360718
51   1.6313443183898926
52   1.5390715599060059
53   1.7524367570877075
54   1.7129648923873901
55   1.7496566772460938
56   1.606562614440918
57   1.5718423128128052
58   1.6465924978256226
59   1.7489813566207886
60   1.8230668306350708
61   1.770294189453125
62   1.7526218891143799
63   1.7411339282989502
64   1.703051209449768
65   1.6142579317092896
66   1.912772297859192
67   1.7857859134674072
68   1.6857428550720215
69   1.8143553733825684
70   1.6147747039794922
71   1.6648085117340088
72   1.7698873281478882
73   1.6229759454727173
74   1.6440832614898682
75   1.5392873287200928
76   1.5781910419464111
77   1.5018516778945923
78   1.5553089380264282
79   1.6913045644760132
80   1.8525958061218262
81   1.8481478691101074
82   1.8610832691192627
83   1.8200944662094116
84   1.976743221282959
85   1.7409354448318481
86   1.69594407081604
87   1.686824083328247
88   1.742124080657959
89   1.7172807455062866
90   1.655980110168457
91   1.5901386737823486
92   1.730825424194336
93   1.8648276329040527
94   1.8563299179077148
95   1.6361991167068481
96   1.7634447813034058
97   1.8050458431243896
98   1.604248046875
99   1.7251008749008179
100   1.5897969007492065
101   1.5942901372909546
102   1.6499699354171753
103   1.8683357238769531
104   1.5053951740264893
105   1.6546168327331543
106   1.800600528717041
107   1.4845761060714722
108   1.6422845125198364
109   1.6937847137451172
110   1.6695603132247925
111   1.4849417209625244
112   1.758129596710205
113   1.5572030544281006
114   1.7531193494796753
115   1.7520543336868286
116   1.6826668977737427
117   1.7421448230743408
118   1.5044785737991333
119   1.6208529472351074
120   1.6896792650222778
121   1.7014609575271606
122   1.7098065614700317
123   1.6780121326446533
124   1.5913848876953125
125   1.6900570392608643
126   1.6597766876220703
127   1.6044373512268066
128   1.58797025680542
129   1.67880117893219
130   1.7162492275238037
131   1.6277434825897217
132   1.6602834463119507
133   1.7272974252700806
134   1.7955540418624878
135   1.5963941812515259
136   1.701701283454895
137   1.7363125085830688
138   1.6543817520141602
139   1.617278814315796
140   1.537537932395935
141   1.6389652490615845
142   1.6434472799301147
143   1.7693052291870117
144   1.5929807424545288
145   1.700535535812378
146   1.6062887907028198
147   1.4973787069320679
148   1.6306464672088623
149   1.5853315591812134
150   1.5729484558105469
151   1.567345142364502
152   1.5708011388778687
153   1.579119324684143
154   1.6823123693466187
155   1.4881644248962402
156   1.5777240991592407
157   1.6149401664733887
158   1.5328593254089355
159   1.6179566383361816
160   1.5171583890914917
161   1.6157612800598145
162   1.5899749994277954
163   1.5709844827651978
164   1.7155264616012573
165   1.6638165712356567
166   1.6022454500198364
167   1.6727467775344849
168   1.601398229598999
169   1.611258625984192
170   1.503989815711975
171   1.814054012298584
172   1.5456914901733398
173   1.4984263181686401
174   1.5631378889083862
175   1.6176332235336304
176   1.7452079057693481
177   1.7815595865249634
178   1.7407307624816895
179   1.595429539680481
180   1.579318642616272
181   1.4327726364135742
182   1.493543028831482
183   1.4394651651382446
184   1.5975604057312012
185   1.8919671773910522
186   1.962094783782959
187   1.7691073417663574
188   1.6865079402923584
189   1.8926063776016235
190   1.9533839225769043
191   1.826454520225525
192   1.7523117065429688
193   1.4693882465362549
194   1.632159948348999
195   1.5571014881134033
196   2.0459094047546387
197   1.472259283065796
198   1.5422022342681885
199   1.9542661905288696
200   1.4756088256835938
201   1.7954272031784058
202   1.5362149477005005
203   1.9708260297775269
204   2.0013296604156494
205   1.9886324405670166
206   1.4079349040985107
207   1.8703210353851318
208   1.333207368850708
209   1.4903626441955566
210   1.7219637632369995
211   1.441823959350586
212   1.6337354183197021
213   1.4710447788238525
214   1.9456734657287598
215   1.60914945602417
216   1.3070390224456787
217   1.7148022651672363
218   2.4380929470062256
219   2.206052780151367
220   1.564312219619751
221   1.1478980779647827
222   1.3085640668869019
223   1.387424349784851
224   0.9995191097259521
225   1.4878398180007935
226   1.2614465951919556
227   1.3102431297302246
228   1.6085783243179321
229   1.3787761926651
230   1.5613906383514404
231   1.614699363708496
232   1.8595826625823975
233   1.7422797679901123
234   1.674564003944397
235   1.839322805404663
236   1.5262963771820068
237   1.7606803178787231
238   1.306911826133728
239   1.195794939994812
240   1.5205163955688477
241   1.8908618688583374
242   1.5122966766357422
243   1.420445203781128
244   1.5008896589279175
245   1.5783079862594604
246   1.2433720827102661
247   1.7580386400222778
248   2.118176221847534
249   1.858555555343628
250   2.092604160308838
251   1.7433406114578247
252   1.7568498849868774
253   1.2267746925354004
254   2.067232847213745
255   1.1920746564865112
256   2.104696273803711
257   2.31907320022583
258   1.6128051280975342
259   1.1998610496520996
260   1.3504998683929443
261   1.8627474308013916
262   1.10749351978302
263   1.1999021768569946
264   1.5793734788894653
265   1.8030842542648315
266   1.3274601697921753
267   2.146890163421631
268   2.6159756183624268
269   1.4226218461990356
270   0.8954882621765137
271   3.3751115798950195
272   2.1018598079681396
273   1.8320614099502563
274   1.3710533380508423
275   1.9641648530960083
276   1.4916163682937622
277   1.566510796546936
278   1.4917361736297607
279   1.1898826360702515
280   1.6379752159118652
281   1.5072667598724365
282   1.586686372756958
283   1.513831615447998
284   1.6634862422943115
285   1.4655977487564087
286   1.7123680114746094
287   1.5688618421554565
288   1.7214590311050415
289   1.4566611051559448
290   1.5018129348754883
291   1.7398289442062378
292   1.7193504571914673
293   1.434656023979187
294   1.7865774631500244
295   1.88041353225708
296   1.486310362815857
297   1.6292052268981934
298   1.69693922996521
299   1.4633818864822388
300   1.5809123516082764
301   1.5167734622955322
302   1.6402363777160645
303   1.6180334091186523
304   1.789650559425354
305   1.4729241132736206
306   1.3330436944961548
307   1.4399888515472412
308   1.701085090637207
309   1.4787338972091675
310   1.4762437343597412
311   1.5295814275741577
312   1.6705073118209839
313   1.403635859489441
314   1.5701807737350464
315   1.6798100471496582
316   1.5811024904251099
317   1.7122153043746948
318   1.590880274772644
319   1.7147741317749023
320   1.5940021276474
321   1.5529638528823853
322   1.5910985469818115
323   1.6538832187652588
324   1.6070691347122192
0   0.0
1   1.7717446088790894
2   1.7711541652679443
3   1.4255229234695435
4   1.6653152704238892
5   1.6563972234725952
6   1.6422789096832275
7   1.6358453035354614
8   1.4742623567581177
9   1.636332631111145
10   1.5426582098007202
11   1.5693939924240112
12   1.7122414112091064
13   1.7122164964675903
14   1.631809949874878
15   1.6505433320999146
16   1.5303621292114258
17   1.7593320608139038
18   1.6950814723968506
19   1.6737060546875
20   1.5509674549102783
21   1.5290043354034424
22   1.5926321744918823
23   1.5930707454681396
24   1.705269455909729
25   1.645986557006836
26   1.356475591659546
27   1.620392084121704
28   1.602310061454773
29   1.6043927669525146
30   1.6502083539962769
31   1.6605207920074463
32   1.8510364294052124
33   1.7293587923049927
34   1.7333989143371582
35   1.5330324172973633
36   1.7194815874099731
37   1.6635546684265137
38   1.7375564575195313
39   1.7174018621444702
40   1.7180777788162231
41   1.5492879152297974
42   1.795926570892334
43   1.6417479515075684
44   1.6451184749603271
45   1.6464303731918335
46   1.802634596824646
47   1.6821041107177734
48   1.773348331451416
49   1.63056218624115
50   1.7060436010360718
51   1.6313443183898926
52   1.5390715599060059
53   1.7524367570877075
54   1.7129648923873901
55   1.7496566772460938
56   1.606562614440918
57   1.5718423128128052
58   1.6465924978256226
59   1.7489813566207886
60   1.8230668306350708
61   1.770294189453125
62   1.7526218891143799
63   1.7411339282989502
64   1.703051209449768
65   1.6142579317092896
66   1.912772297859192
67   1.7857859134674072
68   1.6857428550720215
69   1.8143553733825684
70   1.6147747039794922
71   1.6648085117340088
72   1.7698873281478882
73   1.6229759454727173
74   1.6440832614898682
75   1.5392873287200928
76   1.5781910419464111
77   1.5018516778945923
78   1.5553089380264282
79   1.6913045644760132
80   1.8525958061218262
81   1.8481478691101074
82   1.8610832691192627
83   1.8200944662094116
84   1.976743221282959
85   1.7409354448318481
86   1.69594407081604
87   1.686824083328247
88   1.742124080657959
89   1.7172807455062866
90   1.655980110168457
91   1.5901386737823486
92   1.730825424194336
93   1.8648276329040527
94   1.8563299179077148
95   1.6361991167068481
96   1.7634447813034058
97   1.8050458431243896
98   1.604248046875
99   1.7251008749008179
100   1.5897969007492065
101   1.5942901372909546
102   1.6499699354171753
103   1.8683357238769531
104   1.5053951740264893
105   1.6546168327331543
106   1.800600528717041
107   1.4845761060714722
108   1.6422845125198364
109   1.6937847137451172
110   1.6695603132247925
111   1.4849417209625244
112   1.758129596710205
113   1.5572030544281006
114   1.7531193494796753
115   1.7520543336868286
116   1.6826668977737427
117   1.7421448230743408
118   1.5044785737991333
119   1.6208529472351074
120   1.6896792650222778
121   1.7014609575271606
122   1.7098065614700317
123   1.6780121326446533
124   1.5913848876953125
125   1.6900570392608643
126   1.6597766876220703
127   1.6044373512268066
128   1.58797025680542
129   1.67880117893219
130   1.7162492275238037
131   1.6277434825897217
132   1.6602834463119507
133   1.7272974252700806
134   1.7955540418624878
135   1.5963941812515259
136   1.701701283454895
137   1.7363125085830688
138   1.6543817520141602
139   1.617278814315796
140   1.537537932395935
141   1.6389652490615845
142   1.6434472799301147
143   1.7693052291870117
144   1.5929807424545288
145   1.700535535812378
146   1.6062887907028198
147   1.4973787069320679
148   1.6306464672088623
149   1.5853315591812134
150   1.5729484558105469
151   1.567345142364502
152   1.5708011388778687
153   1.579119324684143
154   1.6823123693466187
155   1.4881644248962402
156   1.5777240991592407
157   1.6149401664733887
158   1.5328593254089355
159   1.6179566383361816
160   1.5171583890914917
161   1.6157612800598145
162   1.5899749994277954
163   1.5709844827651978
164   1.7155264616012573
165   1.6638165712356567
166   1.6022454500198364
167   1.6727467775344849
168   1.601398229598999
169   1.611258625984192
170   1.503989815711975
171   1.814054012298584
172   1.5456914901733398
173   1.4984263181686401
174   1.5631378889083862
175   1.6176332235336304
176   1.7452079057693481
177   1.7815595865249634
178   1.7407307624816895
179   1.595429539680481
180   1.579318642616272
181   1.4327726364135742
182   1.493543028831482
183   1.4394651651382446
184   1.5975604057312012
185   1.8919671773910522
186   1.962094783782959
187   1.7691073417663574
188   1.6865079402923584
189   1.8926063776016235
190   1.9533839225769043
191   1.826454520225525
192   1.7523117065429688
193   1.4693882465362549
194   1.632159948348999
195   1.5571014881134033
196   2.0459094047546387
197   1.472259283065796
198   1.5422022342681885
199   1.9542661905288696
200   1.4756088256835938
201   1.7954272031784058
202   1.5362149477005005
203   1.9708260297775269
204   2.0013296604156494
205   1.9886324405670166
206   1.4079349040985107
207   1.8703210353851318
208   1.333207368850708
209   1.4903626441955566
210   1.7219637632369995
211   1.441823959350586
212   1.6337354183197021
213   1.4710447788238525
214   1.9456734657287598
215   1.60914945602417
216   1.3070390224456787
217   1.7148022651672363
218   2.4380929470062256
219   2.206052780151367
220   1.564312219619751
221   1.1478980779647827
222   1.3085640668869019
223   1.387424349784851
224   0.9995191097259521
225   1.4878398180007935
226   1.2614465951919556
227   1.3102431297302246
228   1.6085783243179321
229   1.3787761926651
230   1.5613906383514404
231   1.614699363708496
232   1.8595826625823975
233   1.7422797679901123
234   1.674564003944397
235   1.839322805404663
236   1.5262963771820068
237   1.7606803178787231
238   1.306911826133728
239   1.195794939994812
240   1.5205163955688477
241   1.8908618688583374
242   1.5122966766357422
243   1.420445203781128
244   1.5008896589279175
245   1.5783079862594604
246   1.2433720827102661
247   1.7580386400222778
248   2.118176221847534
249   1.858555555343628
250   2.092604160308838
251   1.7433406114578247
252   1.7568498849868774
253   1.2267746925354004
254   2.067232847213745
255   1.1920746564865112
256   2.104696273803711
257   2.31907320022583
258   1.6128051280975342
259   1.1998610496520996
260   1.3504998683929443
261   1.8627474308013916
262   1.10749351978302
263   1.1999021768569946
264   1.5793734788894653
265   1.8030842542648315
266   1.3274601697921753
267   2.146890163421631
268   2.6159756183624268
269   1.4226218461990356
270   0.8954882621765137
271   3.3751115798950195
272   2.1018598079681396
273   1.8320614099502563
274   1.3710533380508423
275   1.9641648530960083
276   1.4916163682937622
277   1.566510796546936
278   1.4917361736297607
279   1.1898826360702515
280   1.6379752159118652
281   1.5072667598724365
282   1.586686372756958
283   1.513831615447998
284   1.6634862422943115
285   1.4655977487564087
286   1.7123680114746094
287   1.5688618421554565
288   1.7214590311050415
289   1.4566611051559448
290   1.5018129348754883
291   1.7398289442062378
292   1.7193504571914673
293   1.434656023979187
294   1.7865774631500244
295   1.88041353225708
296   1.486310362815857
297   1.6292052268981934
298   1.69693922996521
299   1.4633818864822388
300   1.5809123516082764
301   1.5167734622955322
302   1.6402363777160645
303   1.6180334091186523
304   1.789650559425354
305   1.4729241132736206
306   1.3330436944961548
307   1.4399888515472412
308   1.701085090637207
309   1.4787338972091675
310   1.4762437343597412
311   1.5295814275741577
312   1.6705073118209839
313   1.403635859489441
314   1.5701807737350464
315   1.6798100471496582
316   1.5811024904251099
317   1.7122153043746948
318   1.590880274772644
319   1.7147741317749023
320   1.5940021276474
321   1.5529638528823853
322   1.5910985469818115
323   1.6538832187652588
324   1.6070691347122192
