0   0.0
1   1.6404438018798828
2   1.9552825689315796
3   2.044771909713745
4   2.441713571548462
5   1.9115771055221558
6   1.4984896183013916
7   1.4813382625579834
8   1.7267260551452637
9   1.5631389617919922
10   2.156188488006592
11   1.9156368970870972
12   1.9559166431427002
13   1.9021673202514648
14   2.055392265319824
15   2.2051427364349365
16   1.5783565044403076
17   1.2581275701522827
18   1.8009521961212158
19   2.136475086212158
20   2.0557475090026855
21   1.3723599910736084
22   1.6108002662658691
23   1.8993853330612183
24   1.7986173629760742
25   1.9857885837554932
26   1.4973416328430176
27   1.8342483043670654
28   1.6843162775039673
29   2.6094682216644287
30   1.7104147672653198
31   2.163787841796875
32   1.556335210800171
33   2.442793130874634
34   1.7855932712554932
35   1.536725401878357
36   1.8147865533828735
37   1.737060308456421
38   1.7393046617507935
39   2.2441868782043457
40   1.5155384540557861
41   2.235502243041992
42   2.4090023040771484
43   1.5738449096679688
44   1.949233889579773
45   2.3142881393432617
46   1.8951002359390259
47   2.3093318939208984
48   2.2137317657470703
49   2.294037342071533
50   2.4060440063476563
51   2.093444347381592
52   2.2075021266937256
53   2.5685977935791016
54   2.0096309185028076
55   2.5754141807556152
56   2.3471574783325195
57   1.9374936819076538
58   2.0130982398986816
59   2.0942139625549316
60   2.3298583030700684
61   2.2086455821990967
62   1.8887417316436768
63   2.612908363342285
64   2.472764015197754
65   2.508094072341919
66   2.7639825344085693
67   2.78702974319458
68   2.4603304862976074
69   2.643386125564575
70   2.325018882751465
71   2.435667037963867
72   2.3107213973999023
73   2.4220829010009766
74   2.2584872245788574
75   2.460181713104248
76   2.303865909576416
77   2.6294071674346924
78   2.859248638153076
79   2.562711715698242
80   2.4563164710998535
81   2.1991336345672607
82   2.6839184761047363
83   2.556426525115967
84   2.4865596294403076
85   2.297638177871704
86   2.5180532932281494
87   2.018181085586548
88   2.5121712684631348
89   2.5467610359191895
90   2.080127239227295
91   1.8713266849517822
92   2.647787570953369
93   2.4643542766571045
94   2.397794246673584
95   2.313917875289917
96   2.505944013595581
97   2.0611164569854736
98   2.4101481437683105
99   2.103580951690674
100   2.498830556869507
101   2.2990188598632813
102   2.586263418197632
103   2.3572468757629395
104   2.7424817085266113
105   2.7134804725646973
106   3.0883524417877197
107   2.5312366485595703
108   2.6314611434936523
109   2.6164450645446777
110   2.3169398307800293
111   2.230242967605591
112   2.5587687492370605
113   2.214907646179199
114   2.277111530303955
115   1.9943749904632568
116   2.428309202194214
117   2.492744207382202
118   2.342531681060791
119   2.4710092544555664
120   3.018972873687744
121   2.12933349609375
122   2.2680583000183105
123   2.2292754650115967
124   2.1946804523468018
125   2.0429258346557617
126   2.0610997676849365
127   2.354041337966919
128   2.559816598892212
129   2.0859735012054443
130   1.8309574127197266
131   1.9537817239761353
132   1.9694716930389404
133   2.025627374649048
134   2.2230894565582275
135   2.439337730407715
136   1.7375184297561646
137   1.8506308794021606
138   2.102766275405884
139   1.8184466361999512
140   2.0198633670806885
141   2.1753289699554443
142   1.9917922019958496
143   1.9104981422424316
144   1.9350004196166992
145   1.675610899925232
146   2.0267691612243652
147   2.1054649353027344
148   2.0044264793395996
149   2.328238010406494
150   2.1564393043518066
151   2.238875150680542
152   2.2797622680664063
153   1.9614604711532593
154   1.996993899345398
155   2.3949155807495117
156   2.6863741874694824
157   2.896716594696045
158   2.7496933937072754
159   2.281296730041504
160   2.8049869537353516
161   2.5369367599487305
162   2.7069833278656006
163   2.475189447402954
164   2.4107284545898438
165   2.3744311332702637
166   2.2568881511688232
167   2.401672840118408
168   3.0627336502075195
169   2.6740942001342773
170   2.346088409423828
171   2.4961259365081787
172   3.074306011199951
173   3.265448570251465
174   2.118117570877075
175   2.0950381755828857
176   2.483867883682251
177   2.441901683807373
178   2.645340919494629
179   2.482898235321045
180   2.70143461227417
181   2.818215847015381
182   2.7543444633483887
183   2.319244146347046
184   2.702836513519287
185   2.7490999698638916
186   2.746180295944214
187   2.4790782928466797
188   2.2975244522094727
189   2.5667731761932373
190   2.738633871078491
191   2.953622817993164
192   2.807713031768799
193   2.7862961292266846
194   3.0338644981384277
195   2.7902050018310547
196   3.212242841720581
197   2.3357908725738525
198   2.434692621231079
199   2.7062606811523438
200   2.2874011993408203
201   2.5686190128326416
202   2.6725986003875732
203   2.915208578109741
204   2.6666064262390137
205   2.001023769378662
206   2.005898952484131
207   2.0423874855041504
208   2.396958589553833
209   2.567425012588501
210   2.044339179992676
211   1.9741966724395752
212   2.512361764907837
213   2.3345751762390137
214   2.2621583938598633
215   2.3655788898468018
216   2.5009095668792725
217   2.1556410789489746
218   2.418229818344116
219   2.5803942680358887
220   2.872274398803711
221   2.4108333587646484
222   3.0577890872955322
223   2.5461947917938232
224   2.1994128227233887
225   2.4800188541412354
226   2.019167423248291
227   2.5288195610046387
228   2.752925395965576
229   2.272505044937134
230   2.6186094284057617
231   2.8412461280822754
232   2.527116298675537
233   2.5819263458251953
234   2.3944284915924072
235   2.736445665359497
236   2.4835474491119385
237   2.310784101486206
238   2.981793165206909
239   2.7224690914154053
240   2.84637188911438
241   2.4087159633636475
242   2.4447455406188965
243   2.7554004192352295
244   2.296567916870117
245   2.2231459617614746
246   2.0611889362335205
247   2.5751473903656006
248   2.2436656951904297
249   2.746610403060913
250   2.580167293548584
251   2.6627559661865234
252   2.2963967323303223
253   2.517019271850586
254   2.8119752407073975
255   2.6310694217681885
256   2.5411388874053955
257   2.4531168937683105
258   2.4536328315734863
259   2.4507243633270264
260   2.5989878177642822
261   2.552888870239258
262   2.3142571449279785
263   2.502143144607544
264   2.4159586429595947
265   2.420867681503296
266   2.437100887298584
267   2.8322012424468994
268   2.633096218109131
269   2.7152559757232666
270   3.122450590133667
271   2.743684768676758
272   2.5291264057159424
273   2.667964458465576
274   1.9913982152938843
275   2.423706531524658
276   2.5184998512268066
277   2.6421782970428467
278   2.4754557609558105
279   2.2052810192108154
280   2.296243190765381
281   2.351925849914551
282   2.616091728210449
283   2.593777894973755
284   2.3918187618255615
285   2.719275712966919
286   2.9000697135925293
287   3.0194733142852783
288   2.7265148162841797
289   2.838284492492676
290   2.514190912246704
291   2.5108978748321533
292   2.3393046855926514
293   2.3093421459198
294   2.3253326416015625
295   2.2420220375061035
296   2.4072892665863037
297   2.63942813873291
298   2.574317693710327
299   2.6401872634887695
300   2.3717634677886963
301   2.65118408203125
302   2.62150239944458
303   2.4909250736236572
304   2.8653292655944824
305   2.272836208343506
306   3.116522789001465
307   2.9317221641540527
308   2.4808337688446045
309   3.046475648880005
310   2.927429437637329
311   2.5099637508392334
312   2.473473072052002
313   2.4775190353393555
314   2.326007604598999
315   2.6569392681121826
316   3.2537238597869873
317   2.649761438369751
318   2.2552855014801025
319   2.1189353466033936
320   2.0641911029815674
321   2.4403178691864014
322   2.3332672119140625
323   2.7898054122924805
324   2.9953205585479736
325   2.7924983501434326
326   2.460850715637207
327   2.6922121047973633
328   2.4118025302886963
329   2.688774585723877
330   2.577207326889038
331   2.4737424850463867
332   2.682777166366577
333   3.036703109741211
334   2.915553331375122
335   3.4800565242767334
336   2.694988965988159
337   2.818335771560669
338   3.3591456413269043
339   2.767910957336426
340   3.33418607711792
341   3.501722574234009
342   3.057234525680542
343   3.711221218109131
344   3.504573106765747
345   2.9732308387756348
346   3.417968988418579
347   3.3565616607666016
348   2.858004570007324
349   3.2431745529174805
350   3.121391773223877
351   3.0174944400787354
352   3.146595001220703
353   2.8241496086120605
354   3.135532855987549
355   3.5794243812561035
356   3.363142728805542
357   3.520259141921997
358   2.98667573928833
359   2.92734694480896
360   3.0721142292022705
361   3.065532922744751
362   2.783308506011963
363   2.8172123432159424
364   2.654526948928833
365   2.814007043838501
366   2.6591110229492188
367   2.448849678039551
368   2.6990602016448975
369   2.563612222671509
370   2.4195239543914795
371   2.982072114944458
372   2.358609199523926
373   2.3588664531707764
374   2.6778676509857178
375   2.436769723892212
376   2.6162641048431396
377   2.853598117828369
378   3.2435452938079834
379   3.032182455062866
380   3.5869553089141846
381   2.662947177886963
382   3.0925166606903076
383   3.2528257369995117
384   3.0601749420166016
385   3.0459675788879395
386   2.914379358291626
387   2.9602158069610596
388   2.749939441680908
389   2.8946850299835205
390   3.1913955211639404
391   3.121899366378784
392   3.10856556892395
393   2.8595120906829834
394   2.795945405960083
395   3.0203213691711426
396   2.827237129211426
397   2.6787960529327393
398   2.1636857986450195
399   2.496483325958252
400   3.2119030952453613
401   2.8116965293884277
402   2.9177370071411133
403   2.6838552951812744
404   3.1159493923187256
405   3.3588380813598633
406   2.9278414249420166
407   3.145965099334717
408   3.358348846435547
409   3.3792574405670166
410   3.0183820724487305
411   2.881694793701172
412   2.966963529586792
413   3.0027096271514893
414   3.2235021591186523
415   2.831550121307373
416   2.8336093425750732
417   2.6739392280578613
418   2.7658963203430176
419   2.4546337127685547
420   2.5658323764801025
421   2.542907953262329
422   2.7682933807373047
423   2.8850133419036865
424   2.982041120529175
425   2.680392265319824
426   3.041961193084717
427   2.9464011192321777
428   2.5639939308166504
429   2.3880505561828613
430   2.7736408710479736
431   2.7270925045013428
432   2.1377270221710205
433   2.3714656829833984
434   2.4333913326263428
435   2.103851556777954
436   2.4318437576293945
437   2.718451738357544
438   2.2949302196502686
439   2.602957010269165
440   2.5051581859588623
441   2.784780979156494
442   2.733912467956543
443   2.968033790588379
444   2.843696117401123
445   2.5950207710266113
446   2.7340188026428223
447   2.8587090969085693
448   2.7151036262512207
449   2.887207508087158
450   3.3383309841156006
451   3.3212087154388428
452   2.9388551712036133
453   2.9751663208007813
454   2.8104183673858643
455   2.547823190689087
456   2.393695831298828
457   2.7672224044799805
458   2.662587881088257
459   2.465552568435669
460   3.155557632446289
461   2.9010114669799805
462   3.3031811714172363
463   2.584331750869751
464   3.0347354412078857
465   2.915808916091919
466   3.2060623168945313
467   2.8680806159973145
468   2.628333568572998
469   2.8132903575897217
470   2.669731855392456
471   3.108366012573242
472   2.3915207386016846
473   3.350060224533081
474   2.6882479190826416
475   2.344876766204834
476   2.886526584625244
477   3.1803226470947266
478   2.8795993328094482
479   2.7955894470214844
480   2.4749584197998047
481   3.2900052070617676
482   3.0374534130096436
483   2.872063636779785
484   2.7782721519470215
485   3.4910876750946045
486   2.70013165473938
487   2.805495023727417
488   2.9986507892608643
489   3.0339910984039307
490   3.1212317943573
491   3.1543684005737305
492   2.8848273754119873
493   3.669193983078003
494   2.9918923377990723
495   3.2332282066345215
496   2.4767353534698486
497   3.021599054336548
498   2.342028856277466
499   2.3285367488861084
500   3.2243335247039795
