0   0.0
1   1.3111954927444458
2   1.0422695875167847
3   1.1690046787261963
4   1.314983606338501
5   0.9544239044189453
6   0.9877171516418457
7   1.2962522506713867
8   1.0410680770874023
9   1.1283690929412842
10   1.0707273483276367
11   1.0665210485458374
12   1.1499186754226685
13   1.1965004205703735
14   1.0525914430618286
15   0.8764176368713379
16   1.2580053806304932
17   1.0689527988433838
18   1.0463201999664307
19   1.0067896842956543
20   1.1628427505493164
21   1.039737343788147
22   1.1023980379104614
23   1.1032716035842896
24   0.8444125652313232
25   0.9101210236549377
26   0.8457019329071045
27   1.2518161535263062
28   1.091396450996399
29   0.955647885799408
30   0.9770522713661194
31   1.0124369859695435
32   1.240439534187317
33   1.0099884271621704
34   1.0685153007507324
35   0.896234929561615
36   0.9939017295837402
37   0.8883600234985352
38   0.7745893001556396
39   0.8974634408950806
40   0.8870529532432556
41   0.9352408051490784
42   0.9908364415168762
43   0.9868236184120178
44   1.0080041885375977
45   0.8851457238197327
46   1.3624632358551025
47   1.0194008350372314
48   0.9294782876968384
49   1.080838680267334
50   0.9321210980415344
51   0.9669647216796875
52   1.0536686182022095
53   1.0845624208450317
54   1.3329371213912964
55   1.168078899383545
56   1.0017385482788086
57   1.001426100730896
58   1.0345969200134277
59   1.1098319292068481
60   1.1695669889450073
61   0.998762309551239
62   1.0335510969161987
63   1.0608632564544678
64   1.156459927558899
65   1.0901076793670654
66   1.1169039011001587
67   1.106546401977539
68   1.0080317258834839
69   0.9789883494377136
70   0.9754492044448853
71   1.061997652053833
72   1.0059621334075928
73   0.7537269592285156
74   1.0818318128585815
75   0.8821378946304321
76   1.118926763534546
77   1.013810396194458
78   0.9139195680618286
79   0.9804004430770874
80   1.0397400856018066
81   0.8920505046844482
82   1.0569133758544922
83   1.1514333486557007
84   0.7831305265426636
85   0.9733458757400513
86   1.0912692546844482
87   0.8987095355987549
88   0.8995396494865417
89   1.0065559148788452
90   1.0854241847991943
91   0.9108263850212097
92   0.9465219974517822
93   0.9914685487747192
94   0.7301270365715027
95   1.0879888534545898
96   0.9203682541847229
97   0.867319643497467
98   0.8639228343963623
99   1.0016676187515259
100   0.893726646900177
101   0.9796929955482483
102   0.8438038229942322
103   1.0115691423416138
104   1.1894785165786743
105   1.0262445211410522
106   1.2682081460952759
107   1.1693001985549927
108   1.3923243284225464
109   0.9367289543151855
110   1.1610538959503174
111   1.1152737140655518
112   1.0275901556015015
113   0.8937498331069946
114   0.9925804138183594
115   0.9453976154327393
116   0.9618851542472839
117   0.939562201499939
118   0.9006513953208923
119   0.9704355597496033
120   0.7388338446617126
121   0.9968006014823914
122   1.1937756538391113
123   1.0279216766357422
124   1.099584698677063
125   0.8175947070121765
126   1.2718230485916138
127   1.0980829000473022
128   1.0396602153778076
129   1.0874321460723877
130   1.0775978565216064
131   0.9228650331497192
132   0.9634713530540466
133   1.00766122341156
134   0.9985735416412354
135   1.096814513206482
136   1.0092132091522217
137   1.1711626052856445
138   0.9100048542022705
139   1.262466311454773
140   0.8638812899589539
141   1.0087692737579346
142   1.031401515007019
143   0.9466034173965454
144   0.8546396493911743
145   0.9057169556617737
146   1.1451865434646606
147   1.0367804765701294
148   1.0685454607009888
149   0.9946641325950623
150   1.0451432466506958
151   1.0998003482818604
152   1.0368140935897827
153   1.101060390472412
154   1.0272175073623657
155   0.9702557921409607
156   1.154736042022705
157   0.951749324798584
158   1.0304853916168213
159   1.2667467594146729
160   1.0281143188476563
