1   15.696906089782715
2   15.726048469543457
3   15.748292922973633
4   15.495746612548828
5   15.897536277770996
6   15.523336410522461
7   15.641830444335938
8   15.49727725982666
9   15.719801902770996
10   15.691190719604492
11   15.656750679016113
12   15.64127254486084
13   15.565662384033203
14   15.65168285369873
15   15.597111701965332
16   15.864455223083496
17   15.683621406555176
18   15.65742301940918
19   15.825943946838379
20   16.057527542114258
21   15.565022468566895
22   15.643750190734863
23   15.69698429107666
24   15.739567756652832
25   15.829997062683105
26   15.603328704833984
27   15.621736526489258
28   15.59272289276123
29   15.498278617858887
30   15.349569320678711
31   15.486387252807617
32   15.761222839355469
33   15.687703132629395
34   15.667388916015625
35   15.791312217712402
36   15.614663124084473
37   15.986981391906738
38   15.646275520324707
39   15.724568367004395
40   15.877577781677246
41   15.710559844970703
42   15.593663215637207
43   15.711578369140625
44   15.665825843811035
45   15.755205154418945
46   15.787341117858887
47   15.549715042114258
48   15.84261703491211
49   15.656927108764648
50   15.807942390441895
51   15.704451560974121
52   15.708767890930176
53   15.608105659484863
54   15.656670570373535
55   15.656564712524414
56   15.626633644104004
57   15.643975257873535
58   15.836404800415039
59   15.677820205688477
60   15.759767532348633
61   15.648337364196777
62   15.543244361877441
63   15.596871376037598
64   15.961821556091309
65   15.61646556854248
66   15.70425033569336
67   15.742594718933105
68   15.704273223876953
69   15.717275619506836
70   15.537650108337402
71   15.591605186462402
72   15.61622142791748
73   15.692577362060547
74   15.430910110473633
75   15.622095108032227
76   15.56049633026123
77   15.603510856628418
78   15.701396942138672
79   15.665783882141113
80   15.552384376525879
81   15.721951484680176
82   15.564316749572754
83   15.572283744812012
84   15.524012565612793
85   15.961504936218262
86   15.762807846069336
87   15.631505012512207
88   15.726794242858887
89   15.718250274658203
90   15.652135848999023
91   15.675863265991211
92   15.716714859008789
93   15.744213104248047
94   15.856269836425781
95   15.714810371398926
96   15.749890327453613
97   15.563007354736328
98   15.557046890258789
99   15.554723739624023
100   15.693612098693848
101   15.867105484008789
102   15.804061889648438
103   15.669634819030762
104   15.781803131103516
105   16.006948471069336
106   15.683904647827148
107   15.811012268066406
108   15.65484619140625
109   15.759007453918457
110   15.829766273498535
111   15.782132148742676
112   15.667330741882324
113   15.585617065429688
114   15.420026779174805
115   15.881671905517578
116   15.843886375427246
117   15.775222778320313
118   15.722330093383789
119   15.599884986877441
120   15.869640350341797
121   15.559810638427734
122   15.566916465759277
123   15.698054313659668
124   15.724771499633789
125   15.701288223266602
126   15.661625862121582
127   15.689325332641602
128   15.660200119018555
129   15.469606399536133
130   15.702362060546875
131   15.872742652893066
132   15.850435256958008
133   15.723489761352539
134   15.56080150604248
135   15.761147499084473
136   15.708890914916992
137   15.952080726623535
138   15.564689636230469
139   15.771330833435059
140   15.417040824890137
141   15.766823768615723
142   15.753368377685547
143   15.722894668579102
144   15.745354652404785
145   15.677762985229492
146   15.890676498413086
147   15.816239356994629
148   15.556838035583496
149   15.954174995422363
150   15.691526412963867
151   15.596837997436523
152   15.887894630432129
153   15.751834869384766
154   15.516007423400879
155   15.827181816101074
156   15.855481147766113
157   15.810080528259277
158   15.829544067382813
159   15.887445449829102
160   15.621315956115723
