0   0.0
1   0.20936277508735657
2   0.22151373326778412
3   0.1809241622686386
4   0.12728451192378998
5   0.17259319126605988
6   0.15814587473869324
7   0.1832728087902069
8   0.1876419335603714
9   0.3343522846698761
10   0.28072088956832886
11   0.5865203142166138
12   0.6059050559997559
13   0.9435293674468994
14   1.9243519306182861
15   1.7731434106826782
16   1.4129513502120972
17   1.2044289112091064
18   1.573825716972351
19   1.283705711364746
20   1.548167109489441
21   1.3308875560760498
22   1.4119224548339844
23   1.0219260454177856
24   1.456010341644287
25   1.8597617149353027
26   1.0307117700576782
27   1.0921533107757568
28   1.9311071634292603
29   1.836618185043335
30   1.1025018692016602
31   2.055856704711914
32   1.815988302230835
33   1.4463101625442505
34   1.5926733016967773
35   1.5702121257781982
36   1.0615782737731934
37   1.759907603263855
38   2.0141098499298096
39   1.2251025438308716
40   1.1970120668411255
41   1.5563198328018188
42   1.5738424062728882
43   0.815455436706543
44   1.375563144683838
45   2.183267593383789
46   0.9297978281974792
47   1.392520785331726
48   1.3485835790634155
49   1.386592984199524
50   0.812005341053009
51   1.3436400890350342
52   1.7679179906845093
53   1.3535348176956177
54   1.5837026834487915
55   1.2852680683135986
56   1.1350692510604858
57   1.4213227033615112
58   1.1666967868804932
59   1.4310423135757446
60   1.194125771522522
61   0.7301862239837646
62   1.454694151878357
63   1.8898513317108154
64   1.2554386854171753
65   1.197050929069519
66   2.0517001152038574
67   0.8957726955413818
68   0.9666033387184143
69   1.5588043928146362
70   1.2921417951583862
71   1.2491134405136108
72   1.1251139640808105
73   1.735737681388855
74   1.244001030921936
75   1.8163739442825317
76   1.499454379081726
77   1.5092695951461792
78   1.7522286176681519
79   1.2292906045913696
80   1.6812371015548706
81   1.6038240194320679
82   1.3892585039138794
83   1.3907579183578491
84   1.6523669958114624
85   1.4426697492599487
86   1.670290231704712
87   1.3500276803970337
88   1.922224760055542
89   1.5594321489334106
90   1.1839392185211182
91   1.4099482297897339
92   1.1454447507858276
93   1.7583682537078857
94   1.5172399282455444
95   1.5715399980545044
96   1.5190917253494263
97   1.770464539527893
98   1.5983997583389282
99   1.0933897495269775
100   1.8518180847167969
101   0.979849100112915
102   1.1871187686920166
103   1.0558936595916748
104   1.385577917098999
105   0.9456045627593994
106   1.8205088376998901
107   1.6024394035339355
108   1.5678900480270386
109   1.572597622871399
110   1.1575218439102173
111   1.5159833431243896
112   1.2270379066467285
113   1.645279049873352
114   1.383726954460144
115   1.6578518152236938
116   1.4512673616409302
117   1.6270557641983032
118   1.7605596780776978
119   1.0796576738357544
120   1.3746548891067505
121   1.3454669713974
122   1.7852814197540283
123   2.1087679862976074
124   1.5199873447418213
125   0.881929874420166
126   1.3471273183822632
127   0.9647284150123596
128   1.8013194799423218
129   1.6404590606689453
130   0.9559202194213867
131   1.7297042608261108
132   1.273195505142212
133   1.6846983432769775
134   1.8663768768310547
135   1.0930330753326416
136   1.360690712928772
137   1.420140027999878
138   1.4714370965957642
139   1.6887857913970947
140   1.9350119829177856
141   1.757574200630188
142   1.7462856769561768
143   1.8181767463684082
144   1.6699647903442383
145   1.5285996198654175
146   1.5164495706558228
147   1.2881211042404175
148   2.057554244995117
149   2.336294651031494
150   1.1247016191482544
151   1.4481017589569092
152   1.1860170364379883
153   1.2131296396255493
154   1.7826001644134521
155   1.4045729637145996
156   1.0035085678100586
157   1.216593861579895
158   1.521140217781067
159   1.09084153175354
160   1.8509116172790527
161   1.4017897844314575
162   1.1106559038162231
163   1.4641238451004028
164   1.6208570003509521
165   1.5131736993789673
166   1.0684117078781128
167   1.0206626653671265
168   1.6317999362945557
169   1.3995333909988403
170   1.3596967458724976
171   0.9611338376998901
172   1.0175801515579224
173   1.0246915817260742
174   1.4455256462097168
175   1.1498671770095825
176   1.3261022567749023
177   1.7614151239395142
178   1.5315501689910889
179   1.5452911853790283
180   1.6405177116394043
181   1.7950844764709473
182   1.310972809791565
183   1.3618786334991455
184   1.256563663482666
185   1.5284786224365234
186   1.4967621564865112
187   1.528737187385559
188   0.9429945349693298
189   1.5709545612335205
190   1.8026683330535889
191   1.3672449588775635
192   1.3804378509521484
193   1.9361367225646973
194   1.6719125509262085
195   1.769599199295044
196   1.3219873905181885
197   2.4069337844848633
198   1.5638251304626465
199   1.1841706037521362
200   1.7155207395553589
201   1.495323657989502
202   1.1458832025527954
203   1.4472436904907227
204   1.4608784914016724
205   1.7303853034973145
206   1.4040766954421997
207   1.6933813095092773
208   1.9193555116653442
209   1.7209097146987915
210   1.2236411571502686
211   1.527795672416687
212   1.6506202220916748
213   1.5145714282989502
1   1.152936577796936
2   1.0217207670211792
3   1.1003446578979492
4   0.8873899579048157
5   1.0007823705673218
6   0.9460038542747498
7   1.1636148691177368
8   1.3302571773529053
9   1.5050276517868042
10   1.411864161491394
11   1.2070555686950684
12   0.9977076053619385
13   1.3522834777832031
14   1.7000184059143066
15   1.9460117816925049
16   1.4273189306259155
17   1.9892650842666626
18   1.3300174474716187
19   1.5251365900039673
20   1.8001543283462524
1   1.0364419221878052
2   0.9444870352745056
3   1.1534260511398315
4   1.1461998224258423
5   1.1737306118011475
6   1.0309813022613525
7   0.9453240036964417
8   0.9454355835914612
9   1.1051139831542969
10   1.084801435470581
11   1.089859962463379
12   1.1334517002105713
13   1.1736626625061035
14   0.9374920129776001
15   1.2937779426574707
16   1.2152528762817383
17   1.1648445129394531
18   1.1738414764404297
19   1.101475477218628
20   1.0488842725753784
21   1.2877224683761597
22   1.2345627546310425
23   1.2270442247390747
24   1.0658314228057861
25   1.0359008312225342
26   1.2332212924957275
27   1.1093623638153076
28   1.1856052875518799
29   1.2386411428451538
30   1.313612937927246
31   1.0252902507781982
32   1.0084211826324463
33   0.9969190359115601
34   1.1462689638137817
35   1.1177964210510254
36   0.9349431395530701
37   0.9920822381973267
38   1.065889596939087
39   1.157499074935913
40   1.2070125341415405
41   1.1482566595077515
42   1.1087532043457031
43   1.067399024963379
44   1.31895911693573
45   1.1260303258895874
46   1.0157196521759033
47   1.3178000450134277
48   1.08816659450531
49   1.1226065158843994
50   1.0803918838500977
51   1.1628361940383911
52   1.2384064197540283
53   1.144025444984436
54   1.152960181236267
55   1.1449999809265137
56   0.972568690776825
57   1.2742338180541992
58   1.0744901895523071
59   1.082253098487854
60   1.1129509210586548
61   1.0788674354553223
62   1.0847737789154053
63   0.9513973593711853
64   1.2002604007720947
65   1.0334818363189697
66   1.008770227432251
67   0.9775591492652893
68   0.9971675276756287
69   1.1433712244033813
70   1.0143883228302002
71   1.0443931818008423
72   1.1268326044082642
73   1.1539747714996338
74   1.3920732736587524
75   1.0784246921539307
76   1.2411603927612305
77   1.2763643264770508
78   1.0917904376983643
79   1.3624619245529175
80   1.0318005084991455
81   1.3800588846206665
82   1.128856897354126
83   1.1221585273742676
84   1.2800984382629395
85   1.25286865234375
86   0.9732797741889954
87   0.9681604504585266
88   1.3163297176361084
89   1.1938120126724243
90   1.0489122867584229
91   1.0004730224609375
92   1.1229488849639893
93   0.8071576356887817
94   1.0717405080795288
95   0.9483893513679504
96   1.0816376209259033
97   1.315858244895935
98   1.1169089078903198
99   1.0558842420578003
100   1.182053804397583
101   1.0975438356399536
102   0.9539228081703186
103   1.2074116468429565
104   1.0917484760284424
105   1.1880756616592407
106   1.1810781955718994
107   1.0006377696990967
108   1.281554102897644
109   1.106734275817871
110   1.167453646659851
111   0.8853676319122314
112   1.0130152702331543
113   1.3572410345077515
114   0.9039204716682434
115   1.388359546661377
116   1.048512578010559
117   1.1602799892425537
118   1.323387861251831
119   1.1556456089019775
120   1.1717743873596191
121   1.1757797002792358
122   1.154934048652649
123   1.3269680738449097
124   1.1906768083572388
125   1.0822585821151733
126   1.3124736547470093
127   1.1530234813690186
128   1.3248432874679565
129   1.0619337558746338
130   1.3364949226379395
131   1.2696892023086548
132   1.215408205986023
133   1.185225486755371
134   1.2635165452957153
135   1.0284234285354614
136   1.1816909313201904
137   1.2362697124481201
138   1.2134082317352295
139   1.1822509765625
140   1.2114046812057495
141   1.2185622453689575
142   1.4721488952636719
143   1.3362210988998413
144   1.0514106750488281
145   1.324346661567688
146   1.3722347021102905
147   1.2678673267364502
148   1.3812837600708008
149   1.261008381843567
150   1.3839025497436523
151   1.054770827293396
152   0.9080518484115601
153   1.0758473873138428
154   1.166116714477539
155   1.1381642818450928
156   1.1921840906143188
157   1.2433897256851196
158   1.3251196146011353
159   0.9840695858001709
160   1.2061797380447388
1   1.163501501083374
2   1.145337700843811
3   1.0362539291381836
4   1.009935736656189
5   1.064321756362915
6   1.025825023651123
7   1.244753122329712
8   1.2245514392852783
9   1.1556247472763062
10   1.2658052444458008
11   1.083423137664795
12   1.2344300746917725
13   1.3013261556625366
14   1.1959952116012573
15   1.553519606590271
16   1.0054428577423096
17   1.073564052581787
18   1.1486188173294067
19   1.218404769897461
20   1.2450958490371704
21   1.2731406688690186
22   1.0588085651397705
23   1.4217876195907593
24   1.3368183374404907
25   1.1261547803878784
26   1.2398971319198608
27   1.2204991579055786
28   1.4145725965499878
29   0.9685458540916443
30   1.3881914615631104
31   1.288193702697754
32   1.3931721448898315
33   1.0844652652740479
34   1.2503952980041504
35   1.3292680978775024
36   1.151732087135315
37   1.141724705696106
38   1.3819365501403809
39   1.2407643795013428
40   1.237000584602356
41   1.1614327430725098
42   1.7335275411605835
43   1.4903768301010132
44   0.9226941466331482
45   1.0584131479263306
46   1.2269102334976196
47   1.422844648361206
48   1.6566003561019897
49   1.6284765005111694
50   0.9050477147102356
51   1.0823919773101807
52   1.5601249933242798
53   1.7687865495681763
54   1.4667454957962036
55   1.1346478462219238
56   1.175246238708496
57   1.1125526428222656
58   1.7792869806289673
59   1.9402666091918945
60   1.2206486463546753
61   1.3027352094650269
62   1.7238943576812744
63   1.3924866914749146
64   1.5868068933486938
65   1.2985913753509521
66   1.0023014545440674
67   1.3184258937835693
68   1.5844225883483887
69   1.0548690557479858
70   1.3778467178344727
71   1.0847944021224976
72   1.2816065549850464
73   1.5675721168518066
74   1.593127727508545
75   1.3219951391220093
76   1.4920506477355957
77   1.3151134252548218
78   2.2097532749176025
79   1.8711830377578735
80   1.2084406614303589
81   2.126861810684204
82   1.9186351299285889
83   1.7498291730880737
84   1.1955187320709229
85   0.9213771224021912
86   1.2069380283355713
87   1.2914390563964844
88   1.8744627237319946
89   1.299443006515503
90   1.410237193107605
91   1.4967074394226074
92   1.523055076599121
93   1.4701532125473022
94   1.6228811740875244
95   1.4530926942825317
96   0.843641459941864
97   1.9349958896636963
98   1.3590718507766724
99   1.2321081161499023
100   1.305148720741272
101   0.8733583688735962
102   1.3140486478805542
103   1.7104713916778564
104   1.7184547185897827
105   1.9758182764053345
106   2.2244062423706055
107   2.227527379989624
108   1.152931809425354
109   1.0149705410003662
110   1.2735987901687622
111   1.1264081001281738
112   0.8698725700378418
113   1.2013214826583862
114   1.2841039896011353
115   1.2938616275787354
116   1.5780550241470337
117   1.4286115169525146
118   2.0187697410583496
119   1.0088715553283691
120   1.1668492555618286
121   1.1931602954864502
122   0.9221592545509338
123   0.9047610759735107
124   1.155055046081543
125   1.1915606260299683
126   1.199773907661438
127   1.4432669878005981
128   0.7928491234779358
129   1.226594090461731
130   1.528336524963379
131   1.0379728078842163
132   1.2882987260818481
133   0.9223104119300842
134   1.7526869773864746
135   0.9978952407836914
136   1.2938249111175537
137   1.5039936304092407
138   1.3379161357879639
139   1.0750082731246948
140   1.4515318870544434
141   1.1109508275985718
142   1.0096607208251953
143   1.0739096403121948
144   1.0756851434707642
145   0.9504053592681885
146   1.1875247955322266
147   0.9569827914237976
148   1.0692729949951172
149   1.152940273284912
150   1.1276803016662598
151   1.0676168203353882
152   0.9997804164886475
153   1.1108266115188599
154   0.9942289590835571
155   1.2612429857254028
156   0.9779961109161377
157   0.969367265701294
158   1.206834316253662
159   1.1543351411819458
160   1.0397233963012695
161   0.9987940192222595
162   0.9675611853599548
163   1.1389204263687134
164   1.1804312467575073
