0   0.0
1   2.1319921016693115
2   1.664792776107788
3   1.93626868724823
4   2.1195693016052246
5   1.876781940460205
6   2.0288431644439697
7   1.8075151443481445
8   2.115302562713623
9   2.1861002445220947
10   2.825183391571045
11   3.292825937271118
12   3.1702306270599365
13   4.170691013336182
14   4.541716575622559
15   6.315282344818115
16   5.365993976593018
17   5.663853168487549
18   6.221128463745117
19   5.581192970275879
20   5.426519393920898
21   5.568675994873047
22   6.440676212310791
23   6.215151309967041
24   5.478430271148682
25   5.511653423309326
26   5.587121963500977
27   5.942809104919434
28   5.6126227378845215
29   5.018028736114502
30   4.768621444702148
31   3.6193058490753174
32   4.688202381134033
33   4.3715291023254395
34   4.09821891784668
35   4.760502815246582
36   4.080671310424805
37   4.664977550506592
38   5.242447853088379
39   3.719339370727539
40   4.5914177894592285
41   4.502039909362793
42   4.41963529586792
43   5.651268482208252
44   6.328601837158203
45   6.323834419250488
46   5.767745018005371
47   5.379694938659668
48   5.678852081298828
49   4.92031192779541
50   5.529550075531006
51   5.203207015991211
52   4.280068874359131
53   4.723748683929443
54   4.919445037841797
55   5.586523056030273
56   5.004200458526611
57   5.882138729095459
58   3.7527272701263428
59   5.752671718597412
60   6.125411510467529
61   5.955251693725586
62   5.497216701507568
63   5.593997955322266
64   6.417130947113037
65   3.8991615772247314
66   6.314015865325928
67   4.634148597717285
68   5.728238582611084
69   4.966302394866943
70   5.147418022155762
71   5.066290855407715
72   4.5737104415893555
73   4.959723472595215
74   5.024831295013428
75   4.907116413116455
76   6.404860019683838
77   4.58764123916626
78   5.601291656494141
79   4.902124404907227
80   4.690392017364502
81   4.637150764465332
82   3.8084566593170166
83   5.212728500366211
84   5.250274658203125
85   4.477058410644531
86   2.6199049949645996
87   3.1590139865875244
88   4.0431671142578125
89   3.6295342445373535
90   3.6151347160339355
91   3.4111533164978027
92   4.0829758644104
93   4.493794918060303
94   5.621377468109131
95   4.548920631408691
96   6.676255226135254
97   5.418050289154053
98   4.593011856079102
99   4.733675003051758
100   5.091148376464844
101   4.465151309967041
102   4.821708679199219
103   4.752942085266113
104   4.524594783782959
105   5.481081962585449
106   4.7028656005859375
107   5.316821098327637
108   6.02056884765625
109   5.852313995361328
110   4.528639316558838
111   5.007437229156494
112   5.356093883514404
113   5.435324668884277
114   5.6267499923706055
115   5.126488208770752
116   5.394144058227539
117   4.421133995056152
118   5.51524543762207
119   6.058028221130371
120   5.175783634185791
121   5.085795879364014
122   5.697674751281738
123   5.349210262298584
124   6.27535343170166
125   5.958229064941406
126   5.303232669830322
127   5.114500045776367
128   3.8944976329803467
129   5.427652359008789
130   5.3840532302856445
131   4.5990214347839355
132   4.997239589691162
133   5.289870262145996
134   4.279748916625977
135   5.054493427276611
136   4.032188892364502
137   4.72023344039917
138   4.284141540527344
139   4.770760536193848
140   5.020700931549072
141   4.692811489105225
142   4.188252925872803
143   4.567591667175293
144   4.760576248168945
145   4.14987850189209
146   4.811533451080322
147   4.08612585067749
148   5.188294887542725
149   4.3798508644104
150   5.131860733032227
151   4.832799911499023
152   3.873718500137329
153   4.792227745056152
154   4.31719446182251
155   4.197548866271973
156   4.377832412719727
157   4.260476112365723
158   5.640882968902588
159   5.275895595550537
160   6.5289764404296875
161   4.676300048828125
162   4.1819167137146
163   3.4196624755859375
164   4.9454545974731445
165   4.822725296020508
166   4.6066060066223145
167   4.58560037612915
168   3.768399953842163
169   5.56260871887207
170   4.391505718231201
171   4.188887596130371
172   5.293725967407227
173   4.396775245666504
174   5.185256481170654
175   4.561816215515137
176   4.847321510314941
177   4.715648174285889
178   3.988553285598755
179   4.315082550048828
180   5.1688618659973145
181   4.9348835945129395
182   4.458006858825684
183   4.244952201843262
184   4.529249668121338
185   6.4433064460754395
186   4.15792989730835
187   4.473449230194092
188   4.621888160705566
189   5.0444254875183105
190   5.0186944007873535
191   4.990590572357178
192   6.227107524871826
193   6.209217548370361
194   6.125866413116455
195   5.580137252807617
196   6.359316825866699
197   6.690014362335205
198   5.938851356506348
199   5.947546005249023
200   5.573378086090088
201   4.7781171798706055
202   4.322381496429443
203   4.368599891662598
204   5.074466705322266
205   5.200554847717285
206   5.671077728271484
207   5.376107215881348
208   3.982487678527832
209   4.202371597290039
210   5.616550922393799
211   5.548272609710693
212   5.122178554534912
213   3.5632803440093994
1   4.563177108764648
2   4.135977268218994
3   5.26714563369751
4   5.359173774719238
5   5.209179878234863
6   6.32368278503418
7   3.8883330821990967
8   3.6884348392486572
9   4.979791641235352
10   6.01243257522583
11   4.526231288909912
12   4.127360820770264
13   5.152955055236816
14   5.075139999389648
15   5.3929243087768555
16   4.395397663116455
17   4.706831455230713
18   3.7460527420043945
19   6.0110321044921875
20   4.002449989318848
1   4.933873653411865
2   4.142309665679932
3   5.479053974151611
4   4.676503658294678
5   5.343685626983643
6   4.40893030166626
7   4.594012260437012
8   5.219417095184326
9   4.4464802742004395
10   4.889116287231445
11   4.895565032958984
12   4.461198329925537
13   4.87156867980957
14   5.088962078094482
15   5.071176052093506
16   5.9359283447265625
17   4.469460964202881
18   4.721049785614014
19   5.852982997894287
20   5.8245368003845215
21   5.962640762329102
22   4.774554252624512
23   5.983925819396973
24   5.455431938171387
25   4.569333076477051
26   5.226281642913818
27   5.523507118225098
28   4.158332347869873
29   3.7950077056884766
30   4.14756441116333
31   3.781723737716675
32   5.502621173858643
33   5.210901737213135
34   4.317712306976318
35   4.395648002624512
36   5.525895595550537
37   5.116766929626465
38   5.984234809875488
39   4.85084867477417
40   5.639809608459473
41   4.516704082489014
42   5.834122180938721
43   5.452343463897705
44   4.6448259353637695
45   4.282710552215576
46   4.306471824645996
47   4.4058732986450195
48   4.545525074005127
49   4.064300537109375
50   4.5371856689453125
51   4.350770473480225
52   4.468244552612305
53   4.528939247131348
54   4.772238254547119
55   4.685253143310547
56   4.382777214050293
57   3.820563793182373
58   3.522789716720581
59   4.702488422393799
60   3.7029013633728027
61   4.607258319854736
62   4.390339374542236
63   5.375091075897217
64   5.0055742263793945
65   3.606343984603882
66   3.3935887813568115
67   5.396759986877441
68   4.707119464874268
69   4.110678672790527
70   5.920105934143066
71   4.175860404968262
72   4.918702125549316
73   4.912081241607666
74   4.829469203948975
75   6.032536506652832
76   5.28273868560791
77   5.025404453277588
78   4.465939521789551
79   5.646025657653809
80   5.062152862548828
81   4.757341384887695
82   5.229125022888184
83   3.871000289916992
84   3.9160327911376953
85   5.839580535888672
86   4.8970947265625
87   5.493879318237305
88   5.472894668579102
89   4.682371616363525
90   4.775456428527832
91   6.452929973602295
92   6.269526958465576
93   4.715757846832275
94   5.684568405151367
95   4.560571670532227
96   4.805551052093506
97   5.566792011260986
98   5.900688171386719
99   5.9712114334106445
100   6.459019660949707
101   5.526383876800537
102   5.125627040863037
103   6.193446636199951
104   5.278006553649902
105   6.473985195159912
106   5.7380852699279785
107   5.408760070800781
108   4.839541435241699
109   4.702716827392578
110   4.818881988525391
111   4.431638717651367
112   5.372848033905029
113   5.195151329040527
114   5.46402645111084
115   4.685704708099365
116   6.656124114990234
117   4.2753753662109375
118   6.376567363739014
119   2.93623948097229
120   4.613879680633545
121   4.241705417633057
122   4.63574743270874
123   3.914543390274048
124   5.555145263671875
125   6.128190040588379
126   3.6453206539154053
127   4.850045204162598
128   4.620956897735596
129   4.523189544677734
130   3.989278793334961
131   4.320146560668945
132   4.061635494232178
133   4.972414016723633
134   4.362268924713135
135   5.999817371368408
136   4.447749137878418
137   4.064032077789307
138   4.643439292907715
139   4.1125359535217285
140   4.762734889984131
141   4.531979560852051
142   5.681046962738037
143   5.278682231903076
144   4.7569260597229
145   4.540555477142334
146   4.857644081115723
147   3.7240445613861084
148   4.196988582611084
149   4.567145824432373
150   4.328778266906738
151   3.914872169494629
152   5.182628631591797
153   3.7148640155792236
154   3.768634080886841
155   4.099636077880859
156   4.38057804107666
157   3.5341339111328125
158   3.200017213821411
159   3.1598126888275146
160   4.107980728149414
1   4.718104362487793
2   3.364619731903076
3   4.769434928894043
4   4.704409599304199
5   4.57415246963501
6   3.9953713417053223
7   3.9778823852539063
8   4.543631553649902
9   5.1989426612854
10   5.039879322052002
11   4.377640247344971
12   3.0834100246429443
13   4.703465461730957
14   4.777912616729736
15   5.037534713745117
16   4.7442708015441895
17   4.6844353675842285
18   5.721322536468506
19   4.622852325439453
20   5.019984722137451
21   4.3129377365112305
22   4.544678688049316
23   4.733667850494385
24   4.550309658050537
25   3.5229203701019287
26   5.734310626983643
27   5.169076442718506
28   4.59258508682251
29   4.491306781768799
30   4.676687717437744
31   4.067080974578857
32   4.595466136932373
33   3.928792715072632
34   4.5997748374938965
35   4.946569919586182
36   3.664091110229492
37   4.393112659454346
38   5.397661209106445
39   4.074034214019775
40   4.872270584106445
41   4.517704486846924
42   5.305880546569824
43   6.04808235168457
44   5.3519511222839355
45   5.66706657409668
46   4.985682010650635
47   4.700218200683594
48   5.123187065124512
49   4.517787456512451
50   4.729702472686768
51   4.829085350036621
52   4.82476806640625
53   6.165317535400391
54   4.247085094451904
55   4.1728386878967285
56   4.478468418121338
57   3.954129219055176
58   3.723996877670288
59   4.952156066894531
60   4.954257965087891
61   4.341259002685547
62   5.192491054534912
63   4.141692638397217
64   6.239345550537109
65   6.338044166564941
66   5.948224067687988
67   5.185431957244873
68   5.58263635635376
69   5.478938102722168
70   5.309475421905518
71   6.114409923553467
72   4.876619815826416
73   5.830377101898193
74   6.469284534454346
75   6.518795490264893
76   6.422158241271973
77   6.340632438659668
78   6.375138282775879
79   6.0160722732543945
80   6.046488285064697
81   6.576607704162598
82   6.923924446105957
83   6.284754753112793
84   6.588467121124268
85   5.4745635986328125
86   6.583262920379639
87   4.977395057678223
88   5.621214389801025
89   4.951817989349365
90   5.996679782867432
91   6.633519172668457
92   5.941774845123291
93   6.341073989868164
94   7.668338298797607
95   6.029579162597656
96   5.479745864868164
97   6.582194805145264
98   6.053572654724121
99   6.0754218101501465
100   5.933971881866455
101   6.053463459014893
102   6.375441551208496
103   6.927708625793457
104   6.454837799072266
105   6.828057289123535
106   6.405247211456299
107   6.72157621383667
108   7.098353862762451
109   6.2505998611450195
110   6.185885906219482
111   6.258401870727539
112   7.1842360496521
113   5.554586887359619
114   5.9028639793396
115   6.318668842315674
116   6.227853775024414
117   5.893099784851074
118   6.7008056640625
119   5.672853946685791
120   5.71818208694458
121   6.601337432861328
122   5.852021217346191
123   6.292576313018799
124   6.552224636077881
125   6.031670093536377
126   6.286444187164307
127   6.023343563079834
128   6.5744242668151855
129   5.9552321434021
130   5.4964799880981445
131   4.684856414794922
132   4.802506923675537
133   5.083864688873291
134   5.109377861022949
135   5.087933540344238
136   6.050219535827637
137   5.60581636428833
138   5.374361038208008
139   5.849254608154297
140   5.180189609527588
141   6.3921990394592285
142   6.953694820404053
143   6.485360622406006
144   6.1246795654296875
145   5.9826436042785645
146   5.520798683166504
147   5.81419563293457
148   5.868896961212158
149   6.363502025604248
150   6.504515171051025
151   6.078564167022705
152   5.593085289001465
153   6.471944808959961
154   5.521260738372803
155   5.865675449371338
156   6.259631633758545
157   5.946291446685791
158   6.799704074859619
159   5.376405239105225
160   5.70007848739624
161   6.148953914642334
162   6.0927510261535645
163   5.550238132476807
164   5.360670566558838
