0   0.0
1   1.5294028520584106
2   1.3513952493667603
3   1.4569766521453857
4   1.444037914276123
5   1.3113667964935303
6   1.3164297342300415
7   1.3418941497802734
8   1.202802300453186
9   1.4723578691482544
10   1.4373818635940552
11   1.5479744672775269
12   1.550494909286499
13   1.3491698503494263
14   2.200870990753174
15   2.4847571849823
16   2.5081534385681152
17   2.358616590499878
18   2.2049221992492676
19   2.3945207595825195
20   2.011716604232788
21   2.605506420135498
22   2.3554725646972656
23   2.4756877422332764
24   2.293963670730591
25   1.7298699617385864
26   2.9316582679748535
27   2.6487624645233154
28   2.6391141414642334
29   2.4305520057678223
30   2.192798376083374
31   3.633775234222412
32   3.6867146492004395
33   2.6559815406799316
34   3.0462841987609863
35   2.912968873977661
36   2.0087738037109375
37   1.6501832008361816
38   2.12257981300354
39   3.728102922439575
40   4.006550312042236
41   3.2740490436553955
42   2.907357692718506
43   2.566741943359375
44   2.6636455059051514
45   2.5261640548706055
46   2.69864559173584
47   2.374119281768799
48   2.3123068809509277
49   2.8413302898406982
50   2.8469200134277344
51   2.2293598651885986
52   1.8945624828338623
53   2.6568236351013184
54   2.3982295989990234
55   2.740544080734253
56   2.5905368328094482
57   3.055952787399292
58   2.551271677017212
59   3.208317756652832
60   2.576197862625122
61   3.014392614364624
62   2.5599515438079834
63   3.24686861038208
64   2.977311611175537
65   2.1166436672210693
66   3.321716547012329
67   2.4546549320220947
68   2.813523769378662
69   2.1981420516967773
70   1.4826786518096924
71   2.800342321395874
72   2.1214163303375244
73   3.1364338397979736
74   2.291973829269409
75   2.2626712322235107
76   1.973392128944397
77   2.808971643447876
78   2.792081356048584
79   2.3199262619018555
80   2.5279343128204346
81   3.1595458984375
82   1.8394814729690552
83   2.0435595512390137
84   2.852551221847534
85   2.9904353618621826
86   3.429474115371704
87   3.870979070663452
88   3.329026699066162
89   4.004271507263184
90   3.6620073318481445
91   3.813432455062866
92   4.073245525360107
93   2.7594187259674072
94   2.9007582664489746
95   2.8529388904571533
96   3.183457851409912
97   2.5806844234466553
98   1.6759177446365356
99   2.2962703704833984
100   2.217991352081299
101   2.1111888885498047
102   2.7230920791625977
103   2.0659871101379395
104   2.4680638313293457
105   2.1088199615478516
106   2.700697183609009
107   2.265374183654785
108   3.630197525024414
109   3.5945985317230225
110   2.240682601928711
111   3.467817783355713
112   3.130453586578369
113   2.497218370437622
114   2.878497838973999
115   2.3709826469421387
116   2.8218295574188232
117   1.9235601425170898
118   2.3047592639923096
119   2.1517014503479004
120   2.311661720275879
121   2.430851459503174
122   2.2520651817321777
123   2.850099563598633
124   2.898711681365967
125   3.4831089973449707
126   3.8319759368896484
127   2.7598512172698975
128   2.944361686706543
129   2.7491519451141357
130   2.250485420227051
131   2.8251452445983887
132   2.3232126235961914
133   2.833469867706299
134   2.6261515617370605
135   2.315131187438965
136   2.6187078952789307
137   2.257972478866577
138   2.5173633098602295
139   2.1070504188537598
140   2.2488372325897217
141   2.7518136501312256
142   2.472818613052368
143   2.359138011932373
144   2.253169536590576
145   1.975911259651184
146   2.759242057800293
147   2.30840802192688
148   2.604511022567749
149   2.180046796798706
150   2.191372871398926
151   4.004897117614746
152   3.810652256011963
153   3.207750082015991
154   3.6064887046813965
155   3.40194034576416
156   3.3900296688079834
157   2.5350089073181152
158   2.0779221057891846
159   2.4492850303649902
160   1.9009565114974976
161   2.375584125518799
162   2.590334892272949
163   3.104602575302124
164   1.6851205825805664
165   2.5730483531951904
166   2.6137642860412598
167   3.096294641494751
168   2.3104970455169678
169   2.842292547225952
170   2.9116735458374023
171   1.8160123825073242
172   2.62929105758667
173   3.039743423461914
174   2.5579676628112793
175   3.433781385421753
176   3.426609992980957
177   3.900977611541748
178   3.5323939323425293
179   3.811750650405884
180   4.173374652862549
181   3.2447991371154785
182   1.7660512924194336
183   1.1609903573989868
184   1.999489188194275
185   1.462911605834961
186   2.1034038066864014
187   2.6632847785949707
188   3.1867618560791016
189   1.813442349433899
190   3.235522985458374
191   3.061917543411255
192   2.25758957862854
193   2.5821003913879395
194   2.699537754058838
195   2.0526504516601563
196   1.5550481081008911
197   2.9788756370544434
198   2.8494157791137695
199   2.143601179122925
200   2.4638543128967285
201   3.715205430984497
202   3.6617555618286133
203   3.797999858856201
204   2.960660934448242
205   2.367579460144043
206   2.683122158050537
207   3.329141139984131
208   3.032310724258423
209   3.5079541206359863
210   3.5989646911621094
211   2.858430862426758
212   2.718301296234131
213   3.444855213165283
1   2.67690110206604
2   2.4058103561401367
3   2.871354579925537
4   3.00982666015625
5   1.9108113050460815
6   3.16066837310791
7   3.3351314067840576
8   2.1949610710144043
9   3.249260187149048
10   1.977109432220459
11   2.462925434112549
12   2.4943151473999023
13   2.798614978790283
14   1.9151225090026855
15   3.7909798622131348
16   2.3758866786956787
17   3.6300551891326904
18   2.6328070163726807
19   2.519927978515625
20   2.607109785079956
1   2.867182970046997
2   3.260122060775757
3   1.9352182149887085
4   3.2800846099853516
5   2.5210816860198975
6   2.5502851009368896
7   2.7960360050201416
8   2.7966580390930176
9   2.1754987239837646
10   1.8401281833648682
11   2.2285051345825195
12   2.4550960063934326
13   2.647657871246338
14   2.760439157485962
15   2.3224024772644043
16   2.4745309352874756
17   2.4483320713043213
18   2.472743511199951
19   2.4526970386505127
20   3.1081292629241943
21   2.483238458633423
22   2.521618366241455
23   2.2718136310577393
24   3.018692970275879
25   2.234318733215332
26   2.3524301052093506
27   2.9707818031311035
28   3.1885592937469482
29   2.5454370975494385
30   3.2140352725982666
31   3.0212557315826416
32   2.446279525756836
33   2.773007392883301
34   2.8559439182281494
35   2.297549247741699
36   2.7428274154663086
37   2.789280414581299
38   2.8276872634887695
39   2.4622035026550293
40   2.5590898990631104
41   2.7816600799560547
42   3.8949639797210693
43   2.532470941543579
44   3.045513868331909
45   2.243427276611328
46   2.77351450920105
47   2.2859771251678467
48   2.249423027038574
49   2.659627914428711
50   2.3361575603485107
51   2.415376663208008
52   1.8410825729370117
53   2.419952869415283
54   1.8842650651931763
55   2.4482533931732178
56   2.38071608543396
57   3.0720865726470947
58   3.4997053146362305
59   4.137725353240967
60   3.4108574390411377
61   2.777682065963745
62   2.9015424251556396
63   3.3229379653930664
64   2.554197072982788
65   3.4974863529205322
66   2.991456985473633
67   2.611112594604492
68   3.3454201221466064
69   3.2311394214630127
70   3.4751851558685303
71   3.6595709323883057
72   2.6924874782562256
73   3.2422502040863037
74   3.0713367462158203
75   2.9558985233306885
76   2.706559658050537
77   3.035902976989746
78   2.617262840270996
79   1.8479365110397339
80   4.146348476409912
81   2.5820705890655518
82   3.654026508331299
83   1.5863772630691528
84   2.2272534370422363
85   2.790288209915161
86   2.220952033996582
87   2.7737162113189697
88   2.6122426986694336
89   2.5432791709899902
90   2.8318777084350586
91   3.4386720657348633
92   3.468029260635376
93   2.2847342491149902
94   2.203200101852417
95   2.3113629817962646
96   2.7685890197753906
97   2.5500802993774414
98   2.434016466140747
99   2.6231741905212402
100   2.423215627670288
101   3.130974054336548
102   2.774062395095825
103   2.528752088546753
104   2.485506534576416
105   2.598881721496582
106   3.426948308944702
107   3.1856558322906494
108   2.4128780364990234
109   2.3904852867126465
110   2.633126735687256
111   2.945418119430542
112   2.2143678665161133
113   2.634232997894287
114   2.79360294342041
115   2.623958110809326
116   3.01934552192688
117   2.8611574172973633
118   2.136446714401245
119   2.0482139587402344
120   3.0710742473602295
121   2.0966403484344482
122   2.9981184005737305
123   1.3363893032073975
124   2.618516445159912
125   2.625401735305786
126   1.9838001728057861
127   1.6582194566726685
128   1.6632860898971558
129   2.382113456726074
130   2.8056206703186035
131   3.135615587234497
132   1.9707167148590088
133   2.775214672088623
134   2.1331968307495117
135   2.270174503326416
136   1.4552406072616577
137   1.9078953266143799
138   2.4371626377105713
139   2.7739675045013428
140   2.3339686393737793
141   2.1156458854675293
142   2.459155321121216
143   3.224226236343384
144   3.7579824924468994
145   3.6939642429351807
146   3.2364399433135986
147   2.618835687637329
148   2.892198324203491
149   1.967815637588501
150   2.026193141937256
151   2.671858310699463
152   2.903712272644043
153   2.7220823764801025
154   2.1056759357452393
155   2.034022092819214
156   2.1497957706451416
157   1.8110508918762207
158   2.191668748855591
159   2.1940853595733643
160   2.1522951126098633
1   2.455505132675171
2   2.950150966644287
3   2.175957679748535
4   3.523033380508423
5   2.82304310798645
6   2.682544708251953
7   2.7493560314178467
8   2.2450485229492188
9   2.6956889629364014
10   2.517327308654785
11   2.821579933166504
12   2.925945520401001
13   2.0801196098327637
14   3.4427194595336914
15   2.6087522506713867
16   3.7249255180358887
17   3.431483268737793
18   3.2380921840667725
19   3.3837809562683105
20   3.977060317993164
21   4.040908336639404
22   4.057011604309082
23   4.267342567443848
24   3.1814892292022705
25   3.3054134845733643
26   2.9833688735961914
27   2.7157247066497803
28   2.6764025688171387
29   2.685530185699463
30   2.786175489425659
31   2.5033226013183594
32   2.3016836643218994
33   2.4800407886505127
34   2.691396713256836
35   3.099123001098633
36   2.5834314823150635
37   2.5083322525024414
38   1.871919870376587
39   2.376215934753418
40   2.4925999641418457
41   2.2885167598724365
42   3.2869558334350586
43   2.4053003787994385
44   2.260516405105591
45   2.135551929473877
46   2.72532057762146
47   2.6945598125457764
48   2.6158909797668457
49   1.2991690635681152
50   2.192803144454956
51   2.307769775390625
52   2.737154722213745
53   2.8320322036743164
54   3.4432473182678223
55   3.6049373149871826
56   4.221276760101318
57   3.7965762615203857
58   4.043240547180176
59   3.654844284057617
60   4.260247707366943
61   4.920912265777588
62   3.5607008934020996
63   3.240542411804199
64   3.0924534797668457
65   3.372472047805786
66   3.0656464099884033
67   2.8997726440429688
68   3.3162906169891357
69   3.2364704608917236
70   2.928603172302246
71   3.5217113494873047
72   3.636679172515869
73   3.5886175632476807
74   2.649689197540283
75   3.6929116249084473
76   3.194164514541626
77   3.43365478515625
78   3.7186214923858643
79   3.3406479358673096
80   3.1595458984375
81   3.6647422313690186
82   3.0922529697418213
83   3.2517075538635254
84   5.2598042488098145
85   3.5287129878997803
86   3.199650287628174
87   4.538655757904053
88   4.0464701652526855
89   4.544849872589111
90   5.151769161224365
91   4.522503852844238
92   3.882803201675415
93   3.9106693267822266
94   4.579072952270508
95   3.5918474197387695
96   2.4766321182250977
97   5.11552095413208
98   4.020617961883545
99   4.18757438659668
100   3.203608512878418
101   4.098872184753418
102   4.389266490936279
103   4.261312961578369
104   4.4192705154418945
105   5.639616966247559
106   4.551239490509033
107   5.274082660675049
108   3.3145055770874023
109   4.314103603363037
110   3.3289313316345215
111   3.515932083129883
112   5.412219524383545
113   2.8433897495269775
114   3.9489545822143555
115   4.746037483215332
116   5.064520835876465
117   3.6746912002563477
118   5.050487995147705
119   4.432293891906738
120   4.926877498626709
121   5.0126166343688965
122   5.101633548736572
123   3.5749547481536865
124   2.8462722301483154
125   5.261753559112549
126   4.458035945892334
127   2.8551034927368164
128   4.32940673828125
129   4.2173261642456055
130   4.151999473571777
131   4.453442573547363
132   3.549025297164917
133   3.9011447429656982
134   4.453337669372559
135   3.6524317264556885
136   3.1293978691101074
137   3.937706470489502
138   2.7111587524414063
139   3.494358539581299
140   5.241240501403809
141   3.5536699295043945
142   4.889466762542725
143   5.389800071716309
144   4.746358394622803
145   4.127475738525391
146   4.782683372497559
147   5.163512706756592
148   4.785559177398682
149   3.744046449661255
150   3.9210305213928223
151   3.009310007095337
152   3.4621145725250244
153   5.176694869995117
154   5.238275527954102
155   2.8394079208374023
156   5.1591267585754395
157   5.148375034332275
158   2.750215530395508
159   3.6608171463012695
160   5.1037068367004395
161   5.5795488357543945
162   5.726388931274414
163   3.867814064025879
164   3.910534620285034
