0   0.0
1   0.18855910003185272
2   0.20016251504421234
3   0.19987815618515015
4   0.19586212933063507
5   0.2032577097415924
6   0.1895482838153839
7   0.19386591017246246
8   0.1898660510778427
9   0.23426778614521027
10   0.2860082983970642
11   0.40516579151153564
12   0.4467586576938629
13   0.9824234247207642
14   1.6592018604278564
15   2.3633484840393066
16   1.9521926641464233
17   2.1811420917510986
18   2.0191283226013184
19   1.937686562538147
20   2.149559259414673
21   2.186720132827759
22   2.2018234729766846
23   2.216578722000122
24   2.3082640171051025
25   2.4976096153259277
26   2.106916666030884
27   1.9906189441680908
28   2.2504379749298096
29   2.4272546768188477
30   2.2633519172668457
31   3.2735159397125244
32   2.995265483856201
33   2.452066659927368
34   2.362841844558716
35   2.4174301624298096
36   2.0990755558013916
37   1.843053936958313
38   2.302840232849121
39   2.51887583732605
40   2.6895453929901123
41   2.358149528503418
42   2.0014469623565674
43   1.835788369178772
44   2.3361451625823975
45   2.5252795219421387
46   2.0395021438598633
47   1.9386225938796997
48   2.055410385131836
49   2.2584760189056396
50   2.166029453277588
51   1.9097870588302612
52   2.192831516265869
53   2.3956127166748047
54   2.2356061935424805
55   2.006545305252075
56   1.971574068069458
57   1.9068548679351807
58   2.2114181518554688
59   1.9983067512512207
60   2.1247823238372803
61   2.118305206298828
62   2.554028034210205
63   2.644291877746582
64   2.5436062812805176
65   1.9306663274765015
66   2.5441808700561523
67   1.8603943586349487
68   1.9447424411773682
69   2.2838518619537354
70   2.422325849533081
71   1.856838345527649
72   2.125692367553711
73   2.8792412281036377
74   2.213876962661743
75   2.1186623573303223
76   2.401538610458374
77   2.285653829574585
78   2.5891597270965576
79   2.4049837589263916
80   2.288355827331543
81   1.976078748703003
82   2.1457443237304688
83   2.377302646636963
84   2.4212253093719482
85   2.486440420150757
86   2.8008909225463867
87   2.547126293182373
88   2.81284761428833
89   2.4226272106170654
90   2.3089373111724854
91   2.3688087463378906
92   1.9688531160354614
93   1.983670949935913
94   2.186617374420166
95   2.1667110919952393
96   2.0105974674224854
97   2.0761187076568604
98   2.0300252437591553
99   2.217360734939575
100   1.7889622449874878
101   2.006291151046753
102   2.0880367755889893
103   1.9793612957000732
104   2.015251636505127
105   2.249281406402588
106   2.317974328994751
107   2.1832358837127686
108   2.0987942218780518
109   2.468921422958374
110   2.0317037105560303
111   2.351872205734253
112   2.2041707038879395
113   2.138683795928955
114   2.401109218597412
115   2.3083958625793457
116   2.345998764038086
117   2.483238697052002
118   2.5797955989837646
119   2.025620460510254
120   2.427478551864624
121   2.537599802017212
122   2.3552613258361816
123   2.498516798019409
124   2.207488536834717
125   2.082698345184326
126   2.0012590885162354
127   1.8667978048324585
128   2.244175910949707
129   2.3901381492614746
130   2.021848201751709
131   1.9542807340621948
132   2.020329236984253
133   2.1132404804229736
134   2.2560176849365234
135   1.912941813468933
136   2.151475667953491
137   1.9950473308563232
138   2.3867974281311035
139   2.259813070297241
140   2.348576784133911
141   2.211019277572632
142   2.437807321548462
143   2.1992578506469727
144   2.055307388305664
145   2.016279935836792
146   2.329474687576294
147   1.917720079421997
148   2.4877216815948486
149   2.410324811935425
150   1.8849811553955078
151   2.5126845836639404
152   2.5137202739715576
153   2.2403414249420166
154   2.3353729248046875
155   2.4065940380096436
156   1.8240864276885986
157   2.2180042266845703
158   2.2936336994171143
159   2.182399034500122
160   2.51379656791687
161   2.158208131790161
162   1.8330107927322388
163   2.267300605773926
164   2.1324193477630615
165   1.9905060529708862
166   2.0643088817596436
167   1.9966773986816406
168   2.0588746070861816
169   2.024988889694214
170   2.298661947250366
171   1.9257756471633911
172   1.9243977069854736
173   1.8767802715301514
174   1.961625337600708
175   1.8761837482452393
176   1.8825939893722534
177   2.423152208328247
178   2.302727699279785
179   2.2098495960235596
180   2.416970729827881
181   2.471791982650757
182   1.9851725101470947
183   2.2422657012939453
184   2.1019175052642822
185   2.0927631855010986
186   2.015784978866577
187   2.0394210815429688
188   2.037221908569336
189   1.8184887170791626
190   2.4618918895721436
191   2.157660961151123
192   2.4136545658111572
193   2.674006462097168
194   2.2548935413360596
195   2.772736072540283
196   1.8680689334869385
197   2.619720220565796
198   2.439180612564087
199   1.7876267433166504
200   2.185274362564087
201   2.2715866565704346
202   1.8135772943496704
203   2.1845033168792725
204   1.7930546998977661
205   2.1824111938476563
206   2.1194348335266113
207   2.474574327468872
208   2.3313324451446533
209   1.958099126815796
210   2.06890606880188
211   2.6712887287139893
212   1.9120457172393799
213   2.003140687942505
1   1.7508882284164429
2   1.776816964149475
3   1.7348954677581787
4   1.902838945388794
5   1.9830211400985718
6   1.921062707901001
7   2.067972421646118
8   1.7046538591384888
9   1.7912590503692627
10   1.7921963930130005
11   2.141284465789795
12   2.224802255630493
13   1.7341500520706177
14   2.177637815475464
15   2.5000672340393066
16   2.3918299674987793
17   2.4040892124176025
18   1.8922110795974731
19   2.2022452354431152
20   1.9793438911437988
1   1.9798729419708252
2   2.133043050765991
3   2.162039279937744
4   1.7683422565460205
5   2.101869583129883
6   2.2892367839813232
7   2.260610818862915
8   1.8737846612930298
9   1.8561022281646729
10   2.1563737392425537
11   2.1359827518463135
12   2.008268356323242
13   2.3046462535858154
14   1.8935295343399048
15   2.0388009548187256
16   2.2618048191070557
17   2.079355239868164
18   1.8426942825317383
19   1.7457172870635986
20   1.6282950639724731
21   2.347386360168457
22   2.1708483695983887
23   1.8623409271240234
24   2.006608247756958
25   2.240689516067505
26   2.2199723720550537
27   2.0539941787719727
28   2.4091618061065674
29   1.995031714439392
30   2.283414363861084
31   1.9195741415023804
32   2.036419153213501
33   2.360377311706543
34   2.247591257095337
35   1.9470127820968628
36   1.998756766319275
37   2.1983089447021484
38   2.172150135040283
39   1.860285997390747
40   2.0667803287506104
41   2.0278005599975586
42   2.563241720199585
43   2.0186729431152344
44   2.0444042682647705
45   1.8210386037826538
46   1.9850069284439087
47   2.1990625858306885
48   1.8025964498519897
49   2.006012201309204
50   2.1790804862976074
51   2.055508852005005
52   1.8445038795471191
53   1.947368860244751
54   2.1727328300476074
55   2.0098073482513428
56   2.248711109161377
57   2.188544273376465
58   2.126262664794922
59   2.58358097076416
60   2.1652562618255615
61   2.0694150924682617
62   2.5570924282073975
63   2.2693030834198
64   2.1838295459747314
65   2.3116893768310547
66   2.0799126625061035
67   2.2330586910247803
68   2.2822000980377197
69   2.179248094558716
70   2.5034029483795166
71   2.5658156871795654
72   2.453151226043701
73   2.298952341079712
74   3.0211212635040283
75   2.278130054473877
76   2.468695878982544
77   2.891399383544922
78   2.2846744060516357
79   2.4377830028533936
80   2.378655195236206
81   2.615114688873291
82   2.700084924697876
83   1.8805140256881714
84   2.1542203426361084
85   2.570737600326538
86   2.522784471511841
87   2.2836780548095703
88   2.5174753665924072
89   2.0042998790740967
90   2.3781018257141113
91   2.1521739959716797
92   2.487941026687622
93   2.043083429336548
94   2.323051691055298
95   2.13420033454895
96   1.9692962169647217
97   2.760251760482788
98   1.9554154872894287
99   2.213385820388794
100   2.115730047225952
101   2.3228507041931152
102   2.3158650398254395
103   1.9099891185760498
104   2.1030821800231934
105   2.272934913635254
106   2.2217600345611572
107   2.0927863121032715
108   2.6655497550964355
109   2.189486265182495
110   2.2128756046295166
111   2.247648000717163
112   2.3219873905181885
113   2.585193395614624
114   2.2662172317504883
115   2.388047456741333
116   2.3083877563476563
117   1.8386790752410889
118   2.209691286087036
119   1.7906116247177124
120   2.039116382598877
121   2.3020386695861816
122   2.118173360824585
123   2.2863550186157227
124   2.192270040512085
125   2.14953351020813
126   2.1612601280212402
127   1.9765297174453735
128   2.0926520824432373
129   2.04449725151062
130   2.3105993270874023
131   1.955856204032898
132   2.0649185180664063
133   2.214919090270996
134   1.9807406663894653
135   1.9054267406463623
136   2.098531723022461
137   2.130985975265503
138   2.04788875579834
139   2.0296478271484375
140   2.1091227531433105
141   1.928739309310913
142   2.0216667652130127
143   2.2200353145599365
144   2.0848944187164307
145   2.1956725120544434
146   2.327613592147827
147   2.0291857719421387
148   2.4735045433044434
149   1.9107378721237183
150   1.920734167098999
151   2.082749843597412
152   1.917667269706726
153   2.012636184692383
154   2.0100111961364746
155   1.9954559803009033
156   1.9725098609924316
157   2.1255078315734863
158   1.8291205167770386
159   1.923936367034912
160   1.9622693061828613
1   1.9380820989608765
2   2.2621026039123535
3   2.066697835922241
4   1.8772274255752563
5   2.086623191833496
6   2.165659189224243
7   1.9651035070419312
8   2.022226095199585
9   1.990729808807373
10   1.9547110795974731
11   2.3750336170196533
12   2.0779974460601807
13   2.4479970932006836
14   2.1202282905578613
15   2.170206069946289
16   2.0091872215270996
17   1.8249874114990234
18   1.9434542655944824
19   1.9117987155914307
20   2.5207560062408447
21   2.4752914905548096
22   2.1893081665039063
23   2.4265682697296143
24   2.325880527496338
25   2.139397144317627
26   2.248807668685913
27   2.0258255004882813
28   2.600633144378662
29   1.9388352632522583
30   2.2709217071533203
31   2.4893622398376465
32   2.2045109272003174
33   2.2635083198547363
34   2.4702744483947754
35   2.4427573680877686
36   2.243863582611084
37   2.027428150177002
38   2.175036668777466
39   1.6835761070251465
40   2.311610698699951
41   2.1738007068634033
42   2.2216880321502686
43   2.0389788150787354
44   2.304807662963867
45   2.075355291366577
46   2.330947160720825
47   2.044361114501953
48   2.4630308151245117
49   1.955275535583496
50   2.015259027481079
51   1.764847755432129
52   2.073397636413574
53   2.033893346786499
54   2.3836140632629395
55   1.978286862373352
56   1.9966150522232056
57   1.857675552368164
58   2.549980640411377
59   2.045114278793335
60   2.072659969329834
61   2.165308713912964
62   2.4475979804992676
63   2.060969591140747
64   1.6329824924468994
65   1.7832019329071045
66   1.535589337348938
67   1.9363608360290527
68   1.758330225944519
69   1.6790908575057983
70   1.3490232229232788
71   1.8191969394683838
72   1.5031293630599976
73   1.6607882976531982
74   1.380752682685852
75   1.733715534210205
76   1.6557557582855225
77   1.7904385328292847
78   1.6373738050460815
79   1.6047600507736206
80   1.722440242767334
81   1.5618236064910889
82   1.6337859630584717
83   1.7796449661254883
84   1.8671648502349854
85   1.5603951215744019
86   1.5949623584747314
87   2.173861026763916
88   1.7823004722595215
89   1.8945467472076416
90   1.8810795545578003
91   2.203833818435669
92   1.6800615787506104
93   1.8219010829925537
94   1.6882436275482178
95   1.504913330078125
96   2.1195924282073975
97   1.8905096054077148
98   2.028498649597168
99   1.882843017578125
100   1.8939374685287476
101   2.0899147987365723
102   2.1911609172821045
103   1.686201810836792
104   1.7988346815109253
105   2.1374025344848633
106   2.053894281387329
107   1.6536979675292969
108   1.7239396572113037
109   1.7409672737121582
110   1.8641369342803955
111   1.8991013765335083
112   1.846492886543274
113   1.8546254634857178
114   1.5288958549499512
115   1.8202712535858154
116   1.878527045249939
117   1.995617389678955
118   1.7616435289382935
119   1.8809223175048828
120   1.9527599811553955
121   2.0087571144104004
122   1.7880244255065918
123   1.7121553421020508
124   1.5188478231430054
125   1.8904353380203247
126   1.8212978839874268
127   1.5978620052337646
128   1.7566076517105103
129   1.4171757698059082
130   1.6283890008926392
131   1.8812623023986816
132   2.0153021812438965
133   2.0224876403808594
134   1.7977359294891357
135   1.766964077949524
136   1.6457221508026123
137   1.6600046157836914
138   1.3705931901931763
139   2.0892493724823
140   1.8390439748764038
141   1.82908034324646
142   1.9818557500839233
143   1.931950569152832
144   1.808109164237976
145   1.743117094039917
146   1.8106882572174072
147   2.2054569721221924
148   1.9329869747161865
149   1.803391695022583
150   2.0164217948913574
151   1.5367627143859863
152   2.083157777786255
153   1.9868474006652832
154   1.8256701231002808
155   2.273958921432495
156   2.067761182785034
157   2.0925142765045166
158   1.715950846672058
159   1.7638870477676392
160   2.404813766479492
161   2.413727283477783
162   2.0687320232391357
163   1.9748979806900024
164   1.8019839525222778
