0   0.0
1   0.21077774465084076
2   0.20702365040779114
3   0.207821324467659
4   0.2171953022480011
5   0.20729558169841766
6   0.19839271903038025
7   0.21033553779125214
8   0.21286100149154663
9   0.2586880028247833
10   0.3058392405509949
11   0.4321058988571167
12   0.5343205332756042
13   0.9958807229995728
14   1.5400910377502441
15   2.2573983669281006
16   1.8475511074066162
17   1.9875344038009644
18   1.8878728151321411
19   1.8783378601074219
20   1.9951777458190918
21   1.9991648197174072
22   2.030608654022217
23   2.0466394424438477
24   2.0854718685150146
25   2.372714042663574
26   2.140317678451538
27   1.8282115459442139
28   2.1025733947753906
29   2.300584554672241
30   2.1270151138305664
31   2.8768439292907715
32   2.676738739013672
33   2.15087890625
34   2.30768084526062
35   2.2548024654388428
36   2.086390972137451
37   1.753028154373169
38   2.16945743560791
39   2.336606979370117
40   2.470339298248291
41   2.2313919067382813
42   1.9169319868087769
43   2.0005223751068115
44   2.548372983932495
45   2.766242027282715
46   2.338071823120117
47   2.075468063354492
48   2.231747627258301
49   2.4242684841156006
50   2.361875534057617
51   1.956785798072815
52   2.05924916267395
53   2.2375738620758057
54   2.0333776473999023
55   2.0019588470458984
56   1.8824974298477173
57   1.8660849332809448
58   2.062688112258911
59   1.9583415985107422
60   2.1142094135284424
61   1.9289647340774536
62   2.318408727645874
63   2.483102321624756
64   2.308516502380371
65   1.946138858795166
66   2.5188746452331543
67   1.767052412033081
68   1.9352298974990845
69   2.2597272396087646
70   2.1868739128112793
71   1.8302792310714722
72   2.0322086811065674
73   2.669273853302002
74   2.050135612487793
75   2.01979398727417
76   2.221008062362671
77   2.10733962059021
78   2.4071872234344482
79   2.1869726181030273
80   2.0791475772857666
81   1.8781342506408691
82   1.9641305208206177
83   2.428377151489258
84   2.4152002334594727
85   2.3992421627044678
86   2.7552785873413086
87   2.5773673057556152
88   2.835171937942505
89   2.274660587310791
90   2.3351492881774902
91   2.2154879570007324
92   2.178642749786377
93   2.1237781047821045
94   2.2759850025177
95   2.2463107109069824
96   2.300067186355591
97   2.105231285095215
98   2.024120569229126
99   2.2243311405181885
100   1.6707714796066284
101   1.8719589710235596
102   1.9071232080459595
103   1.927756905555725
104   1.818286657333374
105   2.023242473602295
106   2.198134183883667
107   2.0208892822265625
108   2.013343095779419
109   2.2769088745117188
110   1.9198718070983887
111   2.2078945636749268
112   2.121471643447876
113   2.1157803535461426
114   2.14153790473938
115   2.218379259109497
116   2.2795052528381348
117   2.3123586177825928
118   2.282329797744751
119   1.9679245948791504
120   2.1540169715881348
121   2.329211950302124
122   2.4842612743377686
123   2.604113817214966
124   2.382418632507324
125   2.554048776626587
126   2.2456867694854736
127   2.0828564167022705
128   2.198108673095703
129   2.36362624168396
130   2.1795201301574707
131   2.133077383041382
132   2.173541784286499
133   2.322723865509033
134   2.3897898197174072
135   2.134672164916992
136   2.0628886222839355
137   2.044142007827759
138   2.1762750148773193
139   2.156018018722534
140   2.17024564743042
141   2.1584744453430176
142   2.2163748741149902
143   2.0553390979766846
144   1.9636297225952148
145   1.9163343906402588
146   2.1405417919158936
147   1.8177133798599243
148   2.185285806655884
149   2.3060474395751953
150   1.8793365955352783
151   2.3142404556274414
152   2.308835029602051
153   2.0285651683807373
154   2.1623425483703613
155   2.2614052295684814
156   1.7285281419754028
157   2.088973045349121
158   2.1496644020080566
159   2.0252089500427246
160   2.2551329135894775
161   2.0856950283050537
162   1.8841811418533325
163   2.3196818828582764
164   2.194765567779541
165   2.0353589057922363
166   2.1132864952087402
167   2.0031871795654297
168   2.2255733013153076
169   2.1769449710845947
170   2.2769997119903564
171   2.138240337371826
172   1.9859144687652588
173   2.020167589187622
174   2.196868896484375
175   2.0138533115386963
176   2.0058648586273193
177   2.3371152877807617
178   2.313436269760132
179   2.1471242904663086
180   2.4193060398101807
181   2.3087685108184814
182   1.9394410848617554
183   2.1705546379089355
184   1.946398138999939
185   1.9881279468536377
186   1.9327155351638794
187   1.9577542543411255
188   1.9563194513320923
189   1.740813970565796
190   2.3168725967407227
191   2.076124429702759
192   2.147228240966797
193   2.474046468734741
194   2.0397372245788574
195   2.5946731567382813
196   1.8481959104537964
197   2.366184949874878
198   2.1868507862091064
199   1.751031756401062
200   2.037318706512451
201   2.164900779724121
202   1.8191564083099365
203   2.288001537322998
204   1.825883150100708
205   2.349518060684204
206   2.138254404067993
207   2.5133519172668457
208   2.596784830093384
209   2.312864303588867
210   2.228229284286499
211   2.7435615062713623
212   2.140723466873169
213   2.0937535762786865
1   1.8075586557388306
2   1.7853248119354248
3   1.7660713195800781
4   1.9312294721603394
5   1.9876843690872192
6   1.981916904449463
7   2.1093688011169434
8   1.8779785633087158
9   1.926042914390564
10   1.7776044607162476
11   2.0583717823028564
12   2.1023731231689453
13   1.6663577556610107
14   1.9543030261993408
15   2.286832809448242
16   2.4926817417144775
17   2.392965793609619
18   2.100533962249756
19   2.2395215034484863
20   2.111703395843506
1   2.0098512172698975
2   2.263836145401001
3   2.1531925201416016
4   1.954676866531372
5   2.2364416122436523
6   2.455768346786499
7   2.172696352005005
8   1.9803850650787354
9   1.976251482963562
10   2.2658581733703613
11   2.272679567337036
12   2.097416639328003
13   2.268287420272827
14   2.1332039833068848
15   1.9413117170333862
16   2.058349132537842
17   1.8436352014541626
18   1.6995835304260254
19   1.6784119606018066
20   1.5881540775299072
21   2.1878252029418945
22   2.0299277305603027
23   1.7358447313308716
24   1.8962135314941406
25   2.0329859256744385
26   1.9965732097625732
27   1.8978052139282227
28   2.188735246658325
29   2.0320258140563965
30   2.419257164001465
31   2.126185178756714
32   2.225355625152588
33   2.424067497253418
34   2.2456555366516113
35   1.9334675073623657
36   2.3395445346832275
37   2.141263008117676
38   2.081757068634033
39   1.786226749420166
40   1.9965941905975342
41   1.9420496225357056
42   2.4386186599731445
43   1.9010140895843506
44   2.0591630935668945
45   1.694887399673462
46   1.9012858867645264
47   2.1791880130767822
48   1.8110930919647217
49   1.944995641708374
50   2.0786359310150146
51   1.9012113809585571
52   1.8922710418701172
53   1.9163310527801514
54   1.9604265689849854
55   1.937795877456665
56   2.1150400638580322
57   2.0466549396514893
58   2.187976360321045
59   2.5434093475341797
60   2.193338394165039
61   2.0813612937927246
62   2.5569419860839844
63   2.117079257965088
64   2.139622211456299
65   2.2486159801483154
66   1.8968398571014404
67   2.0578465461730957
68   2.1930956840515137
69   2.0035715103149414
70   2.5315427780151367
71   2.438039541244507
72   2.2713537216186523
73   2.099686622619629
74   2.8717520236968994
75   2.098400115966797
76   2.2395734786987305
77   2.7499325275421143
78   2.1566896438598633
79   2.301809072494507
80   2.2844226360321045
81   2.429861545562744
82   2.682281494140625
83   1.787674903869629
84   2.009658098220825
85   2.3583779335021973
86   2.3156380653381348
87   2.2077903747558594
88   2.305217981338501
89   1.8858977556228638
90   2.2691047191619873
91   2.211298704147339
92   2.3965673446655273
93   2.0149102210998535
94   2.212550640106201
95   2.108846664428711
96   2.0815625190734863
97   2.586702823638916
98   1.9111679792404175
99   2.145583152770996
100   2.075352191925049
101   2.1610965728759766
102   2.265531063079834
103   1.9002019166946411
104   1.9791028499603271
105   2.1487462520599365
106   2.1824417114257813
107   2.1353471279144287
108   2.518526315689087
109   2.1039140224456787
110   2.156221628189087
111   2.2752130031585693
112   2.253551721572876
113   2.372138023376465
114   2.1464405059814453
115   2.2723100185394287
116   2.3318774700164795
117   1.6851322650909424
118   2.1039936542510986
119   1.7569273710250854
120   1.8878486156463623
121   2.1419060230255127
122   1.9060498476028442
123   2.042034149169922
124   1.9855037927627563
125   1.9754515886306763
126   2.0834712982177734
127   1.7924076318740845
128   2.0096373558044434
129   1.8361469507217407
130   2.110050678253174
131   1.8611438274383545
132   1.8450137376785278
133   2.0992443561553955
134   1.8435455560684204
135   1.7367961406707764
136   1.9243319034576416
137   1.9714800119400024
138   1.9092705249786377
139   1.8821256160736084
140   1.885720133781433
141   1.77066171169281
142   1.9266819953918457
143   2.1453123092651367
144   1.9645441770553589
145   2.0848801136016846
146   2.129375457763672
147   1.8735287189483643
148   2.2291464805603027
149   1.8422093391418457
150   1.9067707061767578
151   2.0505967140197754
152   2.105698347091675
153   1.949558973312378
154   1.9736011028289795
155   2.0113234519958496
156   2.000553846359253
157   2.081733465194702
158   2.151197671890259
159   2.043670654296875
160   1.929059386253357
1   1.9860610961914063
2   2.2559914588928223
3   2.023331880569458
4   1.9966959953308105
5   2.102919340133667
6   2.3111603260040283
7   2.123807668685913
8   2.0841710567474365
9   2.0143954753875732
10   1.899600863456726
11   2.3113443851470947
12   2.203557014465332
13   2.447636127471924
14   2.0724315643310547
15   2.253953218460083
16   2.1449661254882813
17   2.0003416538238525
18   2.0720460414886475
19   1.9569834470748901
20   2.4222218990325928
21   2.362485647201538
22   2.368472099304199
23   2.3562047481536865
24   2.3503613471984863
25   2.2388343811035156
26   2.288182020187378
27   1.9420536756515503
28   2.479919672012329
29   2.1082708835601807
30   2.021916151046753
31   2.2244341373443604
32   1.985310435295105
33   2.1070101261138916
34   2.2202088832855225
35   2.1733803749084473
36   2.041640520095825
37   1.832451581954956
38   1.9337971210479736
39   1.5746800899505615
40   2.1334786415100098
41   2.1502420902252197
42   2.094693899154663
43   1.8595342636108398
44   2.037212371826172
45   1.9308797121047974
46   2.186431407928467
47   1.9212207794189453
48   2.221107244491577
49   1.8535046577453613
50   1.8912509679794312
51   1.6937893629074097
52   1.875001311302185
53   2.0475292205810547
54   2.4118032455444336
55   2.018141746520996
56   2.1750524044036865
57   2.0593154430389404
58   2.575817108154297
59   1.9554224014282227
60   1.9961293935775757
61   2.1235663890838623
62   2.3353545665740967
63   1.9292948246002197
64   1.4590325355529785
65   1.6281546354293823
66   1.4642781019210815
67   1.827842116355896
68   1.6840506792068481
69   1.5742491483688354
70   1.2612814903259277
71   1.761332392692566
72   1.3938870429992676
73   1.4825541973114014
74   1.347934603691101
75   1.6424596309661865
76   1.5227710008621216
77   1.6139758825302124
78   1.5254930257797241
79   1.430409550666809
80   1.5059465169906616
81   1.494391918182373
82   1.4296046495437622
83   1.5782650709152222
84   1.6907857656478882
85   1.372107982635498
86   1.4765005111694336
87   2.0506067276000977
88   1.6457200050354004
89   1.7650541067123413
90   1.7600231170654297
91   2.071209192276001
92   1.4975837469100952
93   1.6919037103652954
94   1.5866628885269165
95   1.3091522455215454
96   1.966502070426941
97   1.677150011062622
98   1.733703374862671
99   1.8112499713897705
100   1.7591118812561035
101   1.8987891674041748
102   2.0405068397521973
103   1.5442309379577637
104   1.6817432641983032
105   2.0574264526367188
106   1.7824739217758179
107   1.5564849376678467
108   1.545385479927063
109   1.5833486318588257
110   1.7766345739364624
111   1.7228431701660156
112   1.7089323997497559
113   1.7284191846847534
114   1.4731074571609497
115   1.6540186405181885
116   1.7022061347961426
117   1.7731342315673828
118   1.6445101499557495
119   1.7953579425811768
120   1.710511565208435
121   1.8078444004058838
122   1.611277461051941
123   1.5592174530029297
124   1.3398805856704712
125   1.7610317468643188
126   1.642398476600647
127   1.4307762384414673
128   1.5662716627120972
129   1.3515615463256836
130   1.50679349899292
131   1.7584946155548096
132   1.8880443572998047
133   1.8496663570404053
134   1.6793688535690308
135   1.6049009561538696
136   1.557360053062439
137   1.5375303030014038
138   1.2066203355789185
139   1.8871010541915894
140   1.6771372556686401
141   1.6178784370422363
142   1.9527323246002197
143   1.800144910812378
144   1.6071648597717285
145   1.5503205060958862
146   1.8111082315444946
147   2.1754729747772217
148   1.9190049171447754
149   1.6847476959228516
150   1.8891561031341553
151   1.398513913154602
152   1.9180970191955566
153   1.971369743347168
154   1.793293833732605
155   2.1615986824035645
156   2.0171310901641846
157   1.9837983846664429
158   1.5083876848220825
159   1.5566351413726807
160   2.32830810546875
161   2.39607310295105
162   2.070734977722168
163   1.8959884643554688
164   1.7371870279312134
