0   0.0
1   1.3375780582427979
2   1.3764193058013916
3   1.3176870346069336
4   1.324544906616211
5   1.279172420501709
6   1.4987372159957886
7   1.2752934694290161
8   1.2978858947753906
9   1.1545443534851074
10   1.3405637741088867
11   1.4381608963012695
12   1.6204415559768677
13   1.3205580711364746
14   1.2290433645248413
15   1.5027207136154175
16   1.169092059135437
17   1.2564154863357544
18   1.376067042350769
19   1.4974501132965088
20   1.335504174232483
21   1.3300433158874512
22   1.2099075317382813
23   1.5857532024383545
24   1.064381718635559
25   1.0620430707931519
26   1.2793561220169067
27   1.3896840810775757
28   1.4245305061340332
29   1.459511399269104
30   1.2098126411437988
31   1.060780644416809
32   1.3533871173858643
33   1.4930860996246338
34   1.300145149230957
35   1.242537021636963
36   1.4196462631225586
37   1.3517097234725952
38   1.3493376970291138
39   1.4748271703720093
40   1.430406093597412
41   1.2783321142196655
42   1.2906938791275024
43   1.1283907890319824
44   1.3949421644210815
45   1.274600625038147
46   1.345121145248413
47   1.0938507318496704
48   1.2690163850784302
49   1.4338700771331787
50   1.1044034957885742
51   1.7057125568389893
52   1.3642054796218872
53   1.2745890617370605
54   1.2837388515472412
55   1.3173772096633911
56   0.8636025190353394
57   1.2449321746826172
58   1.2528018951416016
59   1.2852023839950562
60   1.3531385660171509
61   1.1822625398635864
62   1.5081887245178223
63   1.1993612051010132
64   1.3202534914016724
65   1.2735226154327393
66   1.4102519750595093
67   1.0078622102737427
68   1.2551274299621582
69   1.1998863220214844
70   0.9203862547874451
71   1.3650093078613281
72   1.332614779472351
73   1.2159336805343628
74   1.0876820087432861
75   1.0784450769424438
76   1.0544512271881104
77   1.1822296380996704
78   1.3837491273880005
79   1.2343875169754028
80   1.0885170698165894
81   1.2129186391830444
82   1.2574925422668457
83   1.8182950019836426
84   1.1583607196807861
85   1.3084923028945923
86   1.2059839963912964
87   1.25004243850708
88   1.510615348815918
89   1.4133868217468262
90   1.2463079690933228
91   1.1147252321243286
92   1.2256133556365967
93   1.3003921508789063
94   1.0093821287155151
95   1.3242040872573853
96   1.1167950630187988
97   1.5704320669174194
98   1.132514476776123
99   1.3244128227233887
100   1.3807563781738281
101   1.3225948810577393
102   1.0575131177902222
103   1.206803321838379
104   1.2251847982406616
105   1.1250791549682617
106   1.2996081113815308
107   1.49212646484375
108   1.5287060737609863
109   1.3605726957321167
110   1.525962471961975
111   1.206070065498352
112   1.2943271398544312
113   1.0185121297836304
114   1.4118311405181885
115   1.1095833778381348
116   1.0084738731384277
117   1.2850797176361084
118   1.6443454027175903
119   1.3757503032684326
120   1.232378363609314
121   1.8375693559646606
122   1.130029320716858
123   1.270933985710144
124   1.2470544576644897
125   1.4914153814315796
126   1.0928148031234741
127   1.180436134338379
128   1.1974639892578125
129   1.0684282779693604
130   1.6824523210525513
131   1.4155293703079224
132   1.5205273628234863
133   1.054547905921936
134   1.1560256481170654
135   1.286726474761963
136   1.2147376537322998
137   1.1436537504196167
138   1.2985092401504517
139   1.2439059019088745
140   1.2917840480804443
141   1.1305791139602661
142   1.1378673315048218
143   1.1241265535354614
144   0.9356029629707336
145   1.0688105821609497
146   1.5398248434066772
147   1.30111563205719
148   1.2722105979919434
149   1.3471465110778809
150   1.402327299118042
151   1.2570217847824097
152   1.1659632921218872
153   1.2226145267486572
154   1.2885864973068237
155   1.3125258684158325
156   1.4209296703338623
157   1.4105138778686523
158   1.3562829494476318
159   1.3489786386489868
160   1.551474690437317
161   1.2755922079086304
162   1.3640632629394531
163   1.3668107986450195
164   1.0789316892623901
165   1.3990380764007568
166   1.5181289911270142
167   1.341355562210083
168   1.3507980108261108
169   1.3061078786849976
170   1.1887086629867554
171   1.2970227003097534
172   1.056774616241455
173   1.6547383069992065
174   1.4271284341812134
175   1.3718570470809937
176   1.3172669410705566
177   1.0195478200912476
178   0.9731895923614502
179   1.0433225631713867
180   1.5022954940795898
181   1.0963469743728638
182   1.2114853858947754
183   1.2500367164611816
184   1.2875887155532837
185   1.4596383571624756
186   1.2913161516189575
187   1.3241114616394043
188   1.4983927011489868
189   1.1264907121658325
190   1.1472258567810059
191   0.9753342866897583
192   0.9966438412666321
193   0.8279872536659241
194   1.3479372262954712
195   1.6430941820144653
196   1.3790470361709595
197   1.0323526859283447
198   1.445526361465454
199   1.2435044050216675
200   1.6028435230255127
201   1.2927037477493286
202   2.1063663959503174
203   1.3885911703109741
204   1.2341163158416748
205   0.9386535882949829
206   0.9749731421470642
207   1.222530484199524
208   1.6877853870391846
209   0.9846565127372742
210   1.308722734451294
211   1.879605770111084
212   1.0876327753067017
213   1.7451684474945068
214   1.6341562271118164
215   0.9886491298675537
216   1.154058575630188
217   1.090212106704712
218   1.481097936630249
219   1.384385347366333
220   1.1421570777893066
221   1.0955915451049805
222   1.1691375970840454
223   1.4438689947128296
224   1.1734062433242798
225   1.0159586668014526
226   2.5400853157043457
227   1.0508731603622437
228   2.5001232624053955
229   2.611339807510376
230   1.9487370252609253
231   1.9877727031707764
232   2.0191826820373535
233   2.5756399631500244
234   1.4574140310287476
235   1.2645223140716553
236   1.7230896949768066
237   1.6102489233016968
238   2.48598313331604
239   2.502363920211792
240   1.5005499124526978
241   1.7967616319656372
242   1.7919220924377441
243   1.6428639888763428
244   2.5646517276763916
245   1.7318897247314453
246   1.7299995422363281
247   2.2197325229644775
248   1.641357421875
249   2.058377504348755
250   2.611837863922119
251   2.6932899951934814
252   2.6686348915100098
253   0.7896642088890076
254   0.7445997595787048
255   1.1445879936218262
256   0.8886891603469849
257   0.7338659167289734
258   0.883854866027832
259   1.9477758407592773
260   0.747879147529602
261   0.9613511562347412
262   3.07151198387146
263   1.9626984596252441
264   0.8845551013946533
265   0.9974207878112793
266   1.0179967880249023
267   1.1265839338302612
268   0.5130112171173096
269   1.2753887176513672
270   0.9744065999984741
271   1.1738076210021973
272   0.6116644740104675
273   0.7957887649536133
274   0.8858853578567505
275   1.0808573961257935
276   0.9532171487808228
277   1.5915220975875854
278   1.5753099918365479
279   1.050119400024414
280   1.2837955951690674
281   1.7568143606185913
282   1.4634571075439453
283   1.3251702785491943
284   0.8471847772598267
285   0.8296382427215576
286   1.1409395933151245
287   1.2725841999053955
288   1.2076243162155151
289   1.0416582822799683
290   1.1519355773925781
291   1.200430989265442
292   1.1778732538223267
293   1.0350579023361206
294   1.5130419731140137
295   1.0647823810577393
296   1.3292672634124756
297   1.3013465404510498
298   1.9126689434051514
299   0.981580376625061
300   1.4839612245559692
301   0.7760066986083984
302   1.1674602031707764
303   1.636273980140686
304   0.9618395566940308
305   1.3859845399856567
306   1.3200621604919434
307   1.2937686443328857
308   1.1537188291549683
309   1.2168911695480347
310   1.3468542098999023
311   1.3284904956817627
312   1.1257151365280151
313   1.2645418643951416
314   1.8641982078552246
315   1.1855310201644897
316   1.3489223718643188
317   1.1593159437179565
318   1.255080223083496
319   1.3191858530044556
320   1.6077834367752075
321   1.4097357988357544
322   1.0843939781188965
323   1.0771570205688477
324   1.452697992324829
0   0.0
1   1.3375780582427979
2   1.3764193058013916
3   1.3176870346069336
4   1.324544906616211
5   1.279172420501709
6   1.4987372159957886
7   1.2752934694290161
8   1.2978858947753906
9   1.1545443534851074
10   1.3405637741088867
11   1.4381608963012695
12   1.6204415559768677
13   1.3205580711364746
14   1.2290433645248413
15   1.5027207136154175
16   1.169092059135437
17   1.2564154863357544
18   1.376067042350769
19   1.4974501132965088
20   1.335504174232483
21   1.3300433158874512
22   1.2099075317382813
23   1.5857532024383545
24   1.064381718635559
25   1.0620430707931519
26   1.2793561220169067
27   1.3896840810775757
28   1.4245305061340332
29   1.459511399269104
30   1.2098126411437988
31   1.060780644416809
32   1.3533871173858643
33   1.4930860996246338
34   1.300145149230957
35   1.242537021636963
36   1.4196462631225586
37   1.3517097234725952
38   1.3493376970291138
39   1.4748271703720093
40   1.430406093597412
41   1.2783321142196655
42   1.2906938791275024
43   1.1283907890319824
44   1.3949421644210815
45   1.274600625038147
46   1.345121145248413
47   1.0938507318496704
48   1.2690163850784302
49   1.4338700771331787
50   1.1044034957885742
51   1.7057125568389893
52   1.3642054796218872
53   1.2745890617370605
54   1.2837388515472412
55   1.3173772096633911
56   0.8636025190353394
57   1.2449321746826172
58   1.2528018951416016
59   1.2852023839950562
60   1.3531385660171509
61   1.1822625398635864
62   1.5081887245178223
63   1.1993612051010132
64   1.3202534914016724
65   1.2735226154327393
66   1.4102519750595093
67   1.0078622102737427
68   1.2551274299621582
69   1.1998863220214844
70   0.9203862547874451
71   1.3650093078613281
72   1.332614779472351
73   1.2159336805343628
74   1.0876820087432861
75   1.0784450769424438
76   1.0544512271881104
77   1.1822296380996704
78   1.3837491273880005
79   1.2343875169754028
80   1.0885170698165894
81   1.2129186391830444
82   1.2574925422668457
83   1.8182950019836426
84   1.1583607196807861
85   1.3084923028945923
86   1.2059839963912964
87   1.25004243850708
88   1.510615348815918
89   1.4133868217468262
90   1.2463079690933228
91   1.1147252321243286
92   1.2256133556365967
93   1.3003921508789063
94   1.0093821287155151
95   1.3242040872573853
96   1.1167950630187988
97   1.5704320669174194
98   1.132514476776123
99   1.3244128227233887
100   1.3807563781738281
101   1.3225948810577393
102   1.0575131177902222
103   1.206803321838379
104   1.2251847982406616
105   1.1250791549682617
106   1.2996081113815308
107   1.49212646484375
108   1.5287060737609863
109   1.3605726957321167
110   1.525962471961975
111   1.206070065498352
112   1.2943271398544312
113   1.0185121297836304
114   1.4118311405181885
115   1.1095833778381348
116   1.0084738731384277
117   1.2850797176361084
118   1.6443454027175903
119   1.3757503032684326
120   1.232378363609314
121   1.8375693559646606
122   1.130029320716858
123   1.270933985710144
124   1.2470544576644897
125   1.4914153814315796
126   1.0928148031234741
127   1.180436134338379
128   1.1974639892578125
129   1.0684282779693604
130   1.6824523210525513
131   1.4155293703079224
132   1.5205273628234863
133   1.054547905921936
134   1.1560256481170654
135   1.286726474761963
136   1.2147376537322998
137   1.1436537504196167
138   1.2985092401504517
139   1.2439059019088745
140   1.2917840480804443
141   1.1305791139602661
142   1.1378673315048218
143   1.1241265535354614
144   0.9356029629707336
145   1.0688105821609497
146   1.5398248434066772
147   1.30111563205719
148   1.2722105979919434
149   1.3471465110778809
150   1.402327299118042
151   1.2570217847824097
152   1.1659632921218872
153   1.2226145267486572
154   1.2885864973068237
155   1.3125258684158325
156   1.4209296703338623
157   1.4105138778686523
158   1.3562829494476318
159   1.3489786386489868
160   1.551474690437317
161   1.2755922079086304
162   1.3640632629394531
163   1.3668107986450195
164   1.0789316892623901
165   1.3990380764007568
166   1.5181289911270142
167   1.341355562210083
168   1.3507980108261108
169   1.3061078786849976
170   1.1887086629867554
171   1.2970227003097534
172   1.056774616241455
173   1.6547383069992065
174   1.4271284341812134
175   1.3718570470809937
176   1.3172669410705566
177   1.0195478200912476
178   0.9731895923614502
179   1.0433225631713867
180   1.5022954940795898
181   1.0963469743728638
182   1.2114853858947754
183   1.2500367164611816
184   1.2875887155532837
185   1.4596383571624756
186   1.2913161516189575
187   1.3241114616394043
188   1.4983927011489868
189   1.1264907121658325
190   1.1472258567810059
191   0.9753342866897583
192   0.9966438412666321
193   0.8279872536659241
194   1.3479372262954712
195   1.6430941820144653
196   1.3790470361709595
197   1.0323526859283447
198   1.445526361465454
199   1.2435044050216675
200   1.6028435230255127
201   1.2927037477493286
202   2.1063663959503174
203   1.3885911703109741
204   1.2341163158416748
205   0.9386535882949829
206   0.9749731421470642
207   1.222530484199524
208   1.6877853870391846
209   0.9846565127372742
210   1.308722734451294
211   1.879605770111084
212   1.0876327753067017
213   1.7451684474945068
214   1.6341562271118164
215   0.9886491298675537
216   1.154058575630188
217   1.090212106704712
218   1.481097936630249
219   1.384385347366333
220   1.1421570777893066
221   1.0955915451049805
222   1.1691375970840454
223   1.4438689947128296
224   1.1734062433242798
225   1.0159586668014526
226   2.5400853157043457
227   1.0508731603622437
228   2.5001232624053955
229   2.611339807510376
230   1.9487370252609253
231   1.9877727031707764
232   2.0191826820373535
233   2.5756399631500244
234   1.4574140310287476
235   1.2645223140716553
236   1.7230896949768066
237   1.6102489233016968
238   2.48598313331604
239   2.502363920211792
240   1.5005499124526978
241   1.7967616319656372
242   1.7919220924377441
243   1.6428639888763428
244   2.5646517276763916
245   1.7318897247314453
246   1.7299995422363281
247   2.2197325229644775
248   1.641357421875
249   2.058377504348755
250   2.611837863922119
251   2.6932899951934814
252   2.6686348915100098
253   0.7896642088890076
254   0.7445997595787048
255   1.1445879936218262
256   0.8886891603469849
257   0.7338659167289734
258   0.883854866027832
259   1.9477758407592773
260   0.747879147529602
261   0.9613511562347412
262   3.07151198387146
263   1.9626984596252441
264   0.8845551013946533
265   0.9974207878112793
266   1.0179967880249023
267   1.1265839338302612
268   0.5130112171173096
269   1.2753887176513672
270   0.9744065999984741
271   1.1738076210021973
272   0.6116644740104675
273   0.7957887649536133
274   0.8858853578567505
275   1.0808573961257935
276   0.9532171487808228
277   1.5915220975875854
278   1.5753099918365479
279   1.050119400024414
280   1.2837955951690674
281   1.7568143606185913
282   1.4634571075439453
283   1.3251702785491943
284   0.8471847772598267
285   0.8296382427215576
286   1.1409395933151245
287   1.2725841999053955
288   1.2076243162155151
289   1.0416582822799683
290   1.1519355773925781
291   1.200430989265442
292   1.1778732538223267
293   1.0350579023361206
294   1.5130419731140137
295   1.0647823810577393
296   1.3292672634124756
297   1.3013465404510498
298   1.9126689434051514
299   0.981580376625061
300   1.4839612245559692
301   0.7760066986083984
302   1.1674602031707764
303   1.636273980140686
304   0.9618395566940308
305   1.3859845399856567
306   1.3200621604919434
307   1.2937686443328857
308   1.1537188291549683
309   1.2168911695480347
310   1.3468542098999023
311   1.3284904956817627
312   1.1257151365280151
313   1.2645418643951416
314   1.8641982078552246
315   1.1855310201644897
316   1.3489223718643188
317   1.1593159437179565
318   1.255080223083496
319   1.3191858530044556
320   1.6077834367752075
321   1.4097357988357544
322   1.0843939781188965
323   1.0771570205688477
324   1.452697992324829
0   0.0
1   1.3375780582427979
2   1.3764193058013916
3   1.3176870346069336
4   1.324544906616211
5   1.279172420501709
6   1.4987372159957886
7   1.2752934694290161
8   1.2978858947753906
9   1.1545443534851074
10   1.3405637741088867
11   1.4381608963012695
12   1.6204415559768677
13   1.3205580711364746
14   1.2290433645248413
15   1.5027207136154175
16   1.169092059135437
17   1.2564154863357544
18   1.376067042350769
19   1.4974501132965088
20   1.335504174232483
21   1.3300433158874512
22   1.2099075317382813
23   1.5857532024383545
24   1.064381718635559
25   1.0620430707931519
26   1.2793561220169067
27   1.3896840810775757
28   1.4245305061340332
29   1.459511399269104
30   1.2098126411437988
31   1.060780644416809
32   1.3533871173858643
33   1.4930860996246338
34   1.300145149230957
35   1.242537021636963
36   1.4196462631225586
37   1.3517097234725952
38   1.3493376970291138
39   1.4748271703720093
40   1.430406093597412
41   1.2783321142196655
42   1.2906938791275024
43   1.1283907890319824
44   1.3949421644210815
45   1.274600625038147
46   1.345121145248413
47   1.0938507318496704
48   1.2690163850784302
49   1.4338700771331787
50   1.1044034957885742
51   1.7057125568389893
52   1.3642054796218872
53   1.2745890617370605
54   1.2837388515472412
55   1.3173772096633911
56   0.8636025190353394
57   1.2449321746826172
58   1.2528018951416016
59   1.2852023839950562
60   1.3531385660171509
61   1.1822625398635864
62   1.5081887245178223
63   1.1993612051010132
64   1.3202534914016724
65   1.2735226154327393
66   1.4102519750595093
67   1.0078622102737427
68   1.2551274299621582
69   1.1998863220214844
70   0.9203862547874451
71   1.3650093078613281
72   1.332614779472351
73   1.2159336805343628
74   1.0876820087432861
75   1.0784450769424438
76   1.0544512271881104
77   1.1822296380996704
78   1.3837491273880005
79   1.2343875169754028
80   1.0885170698165894
81   1.2129186391830444
82   1.2574925422668457
83   1.8182950019836426
84   1.1583607196807861
85   1.3084923028945923
86   1.2059839963912964
87   1.25004243850708
88   1.510615348815918
89   1.4133868217468262
90   1.2463079690933228
91   1.1147252321243286
92   1.2256133556365967
93   1.3003921508789063
94   1.0093821287155151
95   1.3242040872573853
96   1.1167950630187988
97   1.5704320669174194
98   1.132514476776123
99   1.3244128227233887
100   1.3807563781738281
101   1.3225948810577393
102   1.0575131177902222
103   1.206803321838379
104   1.2251847982406616
105   1.1250791549682617
106   1.2996081113815308
107   1.49212646484375
108   1.5287060737609863
109   1.3605726957321167
110   1.525962471961975
111   1.206070065498352
112   1.2943271398544312
113   1.0185121297836304
114   1.4118311405181885
115   1.1095833778381348
116   1.0084738731384277
117   1.2850797176361084
118   1.6443454027175903
119   1.3757503032684326
120   1.232378363609314
121   1.8375693559646606
122   1.130029320716858
123   1.270933985710144
124   1.2470544576644897
125   1.4914153814315796
126   1.0928148031234741
127   1.180436134338379
128   1.1974639892578125
129   1.0684282779693604
130   1.6824523210525513
131   1.4155293703079224
132   1.5205273628234863
133   1.054547905921936
134   1.1560256481170654
135   1.286726474761963
136   1.2147376537322998
137   1.1436537504196167
138   1.2985092401504517
139   1.2439059019088745
140   1.2917840480804443
141   1.1305791139602661
142   1.1378673315048218
143   1.1241265535354614
144   0.9356029629707336
145   1.0688105821609497
146   1.5398248434066772
147   1.30111563205719
148   1.2722105979919434
149   1.3471465110778809
150   1.402327299118042
151   1.2570217847824097
152   1.1659632921218872
153   1.2226145267486572
154   1.2885864973068237
155   1.3125258684158325
156   1.4209296703338623
157   1.4105138778686523
158   1.3562829494476318
159   1.3489786386489868
160   1.551474690437317
161   1.2755922079086304
162   1.3640632629394531
163   1.3668107986450195
164   1.0789316892623901
165   1.3990380764007568
166   1.5181289911270142
167   1.341355562210083
168   1.3507980108261108
169   1.3061078786849976
170   1.1887086629867554
171   1.2970227003097534
172   1.056774616241455
173   1.6547383069992065
174   1.4271284341812134
175   1.3718570470809937
176   1.3172669410705566
177   1.0195478200912476
178   0.9731895923614502
179   1.0433225631713867
180   1.5022954940795898
181   1.0963469743728638
182   1.2114853858947754
183   1.2500367164611816
184   1.2875887155532837
185   1.4596383571624756
186   1.2913161516189575
187   1.3241114616394043
188   1.4983927011489868
189   1.1264907121658325
190   1.1472258567810059
191   0.9753342866897583
192   0.9966438412666321
193   0.8279872536659241
194   1.3479372262954712
195   1.6430941820144653
196   1.3790470361709595
197   1.0323526859283447
198   1.445526361465454
199   1.2435044050216675
200   1.6028435230255127
201   1.2927037477493286
202   2.1063663959503174
203   1.3885911703109741
204   1.2341163158416748
205   0.9386535882949829
206   0.9749731421470642
207   1.222530484199524
208   1.6877853870391846
209   0.9846565127372742
210   1.308722734451294
211   1.879605770111084
212   1.0876327753067017
213   1.7451684474945068
214   1.6341562271118164
215   0.9886491298675537
216   1.154058575630188
217   1.090212106704712
218   1.481097936630249
219   1.384385347366333
220   1.1421570777893066
221   1.0955915451049805
222   1.1691375970840454
223   1.4438689947128296
224   1.1734062433242798
225   1.0159586668014526
226   2.5400853157043457
227   1.0508731603622437
228   2.5001232624053955
229   2.611339807510376
230   1.9487370252609253
231   1.9877727031707764
232   2.0191826820373535
233   2.5756399631500244
234   1.4574140310287476
235   1.2645223140716553
236   1.7230896949768066
237   1.6102489233016968
238   2.48598313331604
239   2.502363920211792
240   1.5005499124526978
241   1.7967616319656372
242   1.7919220924377441
243   1.6428639888763428
244   2.5646517276763916
245   1.7318897247314453
246   1.7299995422363281
247   2.2197325229644775
248   1.641357421875
249   2.058377504348755
250   2.611837863922119
251   2.6932899951934814
252   2.6686348915100098
253   0.7896642088890076
254   0.7445997595787048
255   1.1445879936218262
256   0.8886891603469849
257   0.7338659167289734
258   0.883854866027832
259   1.9477758407592773
260   0.747879147529602
261   0.9613511562347412
262   3.07151198387146
263   1.9626984596252441
264   0.8845551013946533
265   0.9974207878112793
266   1.0179967880249023
267   1.1265839338302612
268   0.5130112171173096
269   1.2753887176513672
270   0.9744065999984741
271   1.1738076210021973
272   0.6116644740104675
273   0.7957887649536133
274   0.8858853578567505
275   1.0808573961257935
276   0.9532171487808228
277   1.5915220975875854
278   1.5753099918365479
279   1.050119400024414
280   1.2837955951690674
281   1.7568143606185913
282   1.4634571075439453
283   1.3251702785491943
284   0.8471847772598267
285   0.8296382427215576
286   1.1409395933151245
287   1.2725841999053955
288   1.2076243162155151
289   1.0416582822799683
290   1.1519355773925781
291   1.200430989265442
292   1.1778732538223267
293   1.0350579023361206
294   1.5130419731140137
295   1.0647823810577393
296   1.3292672634124756
297   1.3013465404510498
298   1.9126689434051514
299   0.981580376625061
300   1.4839612245559692
301   0.7760066986083984
302   1.1674602031707764
303   1.636273980140686
304   0.9618395566940308
305   1.3859845399856567
306   1.3200621604919434
307   1.2937686443328857
308   1.1537188291549683
309   1.2168911695480347
310   1.3468542098999023
311   1.3284904956817627
312   1.1257151365280151
313   1.2645418643951416
314   1.8641982078552246
315   1.1855310201644897
316   1.3489223718643188
317   1.1593159437179565
318   1.255080223083496
319   1.3191858530044556
320   1.6077834367752075
321   1.4097357988357544
322   1.0843939781188965
323   1.0771570205688477
324   1.452697992324829
