0   0.0
1   1.9180266857147217
2   1.814125657081604
3   1.4483329057693481
4   1.9133362770080566
5   1.9629278182983398
6   2.388333559036255
7   1.6249185800552368
8   1.8218376636505127
9   1.7219284772872925
10   1.910405158996582
11   2.3130455017089844
12   2.0945534706115723
13   1.8714981079101563
14   1.9678804874420166
15   2.1722521781921387
16   1.9782214164733887
17   1.8122587203979492
18   1.910315752029419
19   1.7867379188537598
20   1.935878872871399
21   1.8707284927368164
22   1.7075501680374146
23   2.170698881149292
24   1.7042031288146973
25   1.6533366441726685
26   1.938502311706543
27   1.8958803415298462
28   1.9905699491500854
29   1.7780272960662842
30   2.093581199645996
31   1.5851291418075562
32   1.8856855630874634
33   2.465754747390747
34   1.7496970891952515
35   1.937237024307251
36   2.127441167831421
37   1.9817063808441162
38   1.9585529565811157
39   1.8315099477767944
40   1.737066388130188
41   2.2067484855651855
42   2.0041141510009766
43   1.8631428480148315
44   1.9576178789138794
45   2.2993550300598145
46   2.0269882678985596
47   1.984869360923767
48   1.933724284172058
49   2.1888771057128906
50   2.5278608798980713
51   2.5848822593688965
52   1.925799012184143
53   2.633136510848999
54   2.3951327800750732
55   2.3085951805114746
56   2.099646806716919
57   2.042729377746582
58   2.2828896045684814
59   2.1156294345855713
60   2.02609920501709
61   2.079936981201172
62   1.9306542873382568
63   1.9388585090637207
64   2.4525563716888428
65   2.231140613555908
66   2.2001235485076904
67   2.5412702560424805
68   2.2221460342407227
69   2.6509830951690674
70   1.8274608850479126
71   2.1079089641571045
72   2.160412073135376
73   1.9957221746444702
74   2.6157524585723877
75   2.1209657192230225
76   2.339027166366577
77   2.0525333881378174
78   2.0894739627838135
79   2.935671329498291
80   1.9812629222869873
81   1.767399549484253
82   2.3075110912323
83   2.0751237869262695
84   2.005181312561035
85   1.994842529296875
86   1.8284649848937988
87   2.4580905437469482
88   2.6845035552978516
89   2.905062437057495
90   2.6588923931121826
91   2.255122423171997
92   1.7751470804214478
93   2.0204386711120605
94   2.119161605834961
95   2.193321943283081
96   2.0811588764190674
97   2.237527847290039
98   2.351484537124634
99   2.517397403717041
100   2.490417957305908
101   2.1494369506835938
102   1.9094557762145996
103   2.03637957572937
104   1.9190754890441895
105   1.9514790773391724
106   2.309342622756958
107   1.700317144393921
108   2.2343332767486572
109   1.8036407232284546
110   1.9359920024871826
111   1.7987592220306396
112   1.7753825187683105
113   1.9737204313278198
114   2.576568365097046
115   2.0701024532318115
116   1.9376983642578125
117   1.9686925411224365
118   1.8559560775756836
119   2.1297976970672607
120   1.9206091165542603
121   3.1330432891845703
122   2.1425023078918457
123   2.2793939113616943
124   2.1333823204040527
125   2.417146682739258
126   1.9152698516845703
127   1.9777438640594482
128   1.670264720916748
129   1.9824674129486084
130   2.250565767288208
131   2.247715950012207
132   1.916640281677246
133   1.7606638669967651
134   1.7137502431869507
135   1.8901195526123047
136   2.036857843399048
137   1.7903540134429932
138   1.931154727935791
139   2.065931797027588
140   1.9141110181808472
141   1.868256688117981
142   2.059856414794922
143   2.0899658203125
144   1.7163569927215576
145   1.6079864501953125
146   1.91004478931427
147   1.8542033433914185
148   2.3291993141174316
149   1.9394538402557373
150   1.8930672407150269
151   1.626983880996704
152   1.8268754482269287
153   1.6561956405639648
154   1.8888212442398071
155   1.9681611061096191
156   2.058474540710449
157   1.828765869140625
158   1.9642829895019531
159   1.8841689825057983
160   2.0630054473876953
161   1.6258859634399414
162   1.9467605352401733
163   2.090686082839966
164   1.6967577934265137
165   1.6770819425582886
166   1.8382641077041626
167   1.795483946800232
168   1.878214716911316
169   2.032036542892456
170   1.7002055644989014
171   1.8428748846054077
172   1.8027808666229248
173   2.0017032623291016
174   2.112618923187256
175   1.8172606229782104
176   2.0244510173797607
177   1.8607659339904785
178   1.7197237014770508
179   1.81350576877594
180   2.0358238220214844
181   1.6993688344955444
182   1.944186806678772
183   1.6299769878387451
184   1.7977811098098755
185   2.0146875381469727
186   1.9388313293457031
187   1.7604525089263916
188   1.7930008172988892
189   1.7417573928833008
190   2.081697940826416
191   1.4870423078536987
192   1.4789161682128906
193   1.5009626150131226
194   1.9731956720352173
195   2.4989824295043945
196   1.973038673400879
197   2.1373941898345947
198   2.0210070610046387
199   1.8153042793273926
200   1.8662594556808472
201   1.6562752723693848
202   2.601685047149658
203   2.1833584308624268
204   2.1262521743774414
205   1.949014663696289
206   1.7894223928451538
207   2.215285301208496
208   1.8241219520568848
209   1.745705485343933
210   1.8545430898666382
211   2.489353895187378
212   1.7925223112106323
213   2.160675287246704
214   2.2921106815338135
215   1.859171986579895
216   2.2218189239501953
217   2.1287877559661865
218   1.847833275794983
219   2.0766050815582275
220   1.7296462059020996
221   1.386059045791626
222   1.6159265041351318
223   2.077744960784912
224   2.0213897228240967
225   2.0999491214752197
226   2.060457706451416
227   2.0508852005004883
228   2.1560661792755127
229   2.257748603820801
230   2.345665216445923
231   1.9948512315750122
232   2.302053213119507
233   2.1820428371429443
234   1.9781272411346436
235   1.8271623849868774
236   2.2030839920043945
237   1.907263994216919
238   2.050511360168457
239   1.6770859956741333
240   1.94645094871521
241   1.7399320602416992
242   2.0333073139190674
243   1.9047319889068604
244   1.8445541858673096
245   1.9136854410171509
246   2.0455446243286133
247   1.7334787845611572
248   2.1514933109283447
249   1.8701673746109009
250   2.076059341430664
251   2.005430221557617
252   2.3535115718841553
253   1.797878623008728
254   2.0426926612854004
255   1.9061094522476196
256   1.776100516319275
257   1.7624272108078003
258   2.089423179626465
259   2.2762041091918945
260   1.9252676963806152
261   2.0436673164367676
262   2.723292350769043
263   2.201596260070801
264   2.252828598022461
265   2.385223865509033
266   1.899138331413269
267   1.9131180047988892
268   2.098478078842163
269   1.6862871646881104
270   1.9605841636657715
271   1.9351911544799805
272   1.721411108970642
273   2.018237352371216
274   1.8781843185424805
275   2.000755786895752
276   1.6530503034591675
277   2.1728155612945557
278   1.9980571269989014
279   1.7952631711959839
280   2.064551830291748
281   1.9160982370376587
282   1.9849481582641602
283   1.8689110279083252
284   1.6993581056594849
285   1.6794198751449585
286   1.5393013954162598
287   1.8980052471160889
288   1.6823627948760986
289   1.822038173675537
290   1.403622031211853
291   2.0083155632019043
292   1.8486042022705078
293   1.765602469444275
294   1.690138578414917
295   2.018925666809082
296   2.15592360496521
297   1.9220774173736572
298   2.0398178100585938
299   1.9143033027648926
300   2.056182384490967
301   1.9736336469650269
302   1.9679179191589355
303   2.319061279296875
304   1.4821580648422241
305   2.042600631713867
306   1.889939546585083
307   1.9518413543701172
308   1.5953395366668701
309   1.7541632652282715
310   2.262586832046509
311   1.7564276456832886
312   1.82632315158844
313   1.7561535835266113
314   2.172731876373291
315   1.7729063034057617
316   1.9461450576782227
317   1.8312910795211792
318   2.0928874015808105
319   2.0761754512786865
320   2.2261345386505127
321   1.899151086807251
322   1.772599220275879
323   1.7969372272491455
324   2.161862373352051
0   0.0
1   1.9180266857147217
2   1.814125657081604
3   1.4483329057693481
4   1.9133362770080566
5   1.9629278182983398
6   2.388333559036255
7   1.6249185800552368
8   1.8218376636505127
9   1.7219284772872925
10   1.910405158996582
11   2.3130455017089844
12   2.0945534706115723
13   1.8714981079101563
14   1.9678804874420166
15   2.1722521781921387
16   1.9782214164733887
17   1.8122587203979492
18   1.910315752029419
19   1.7867379188537598
20   1.935878872871399
21   1.8707284927368164
22   1.7075501680374146
23   2.170698881149292
24   1.7042031288146973
25   1.6533366441726685
26   1.938502311706543
27   1.8958803415298462
28   1.9905699491500854
29   1.7780272960662842
30   2.093581199645996
31   1.5851291418075562
32   1.8856855630874634
33   2.465754747390747
34   1.7496970891952515
35   1.937237024307251
36   2.127441167831421
37   1.9817063808441162
38   1.9585529565811157
39   1.8315099477767944
40   1.737066388130188
41   2.2067484855651855
42   2.0041141510009766
43   1.8631428480148315
44   1.9576178789138794
45   2.2993550300598145
46   2.0269882678985596
47   1.984869360923767
48   1.933724284172058
49   2.1888771057128906
50   2.5278608798980713
51   2.5848822593688965
52   1.925799012184143
53   2.633136510848999
54   2.3951327800750732
55   2.3085951805114746
56   2.099646806716919
57   2.042729377746582
58   2.2828896045684814
59   2.1156294345855713
60   2.02609920501709
61   2.079936981201172
62   1.9306542873382568
63   1.9388585090637207
64   2.4525563716888428
65   2.231140613555908
66   2.2001235485076904
67   2.5412702560424805
68   2.2221460342407227
69   2.6509830951690674
70   1.8274608850479126
71   2.1079089641571045
72   2.160412073135376
73   1.9957221746444702
74   2.6157524585723877
75   2.1209657192230225
76   2.339027166366577
77   2.0525333881378174
78   2.0894739627838135
79   2.935671329498291
80   1.9812629222869873
81   1.767399549484253
82   2.3075110912323
83   2.0751237869262695
84   2.005181312561035
85   1.994842529296875
86   1.8284649848937988
87   2.4580905437469482
88   2.6845035552978516
89   2.905062437057495
90   2.6588923931121826
91   2.255122423171997
92   1.7751470804214478
93   2.0204386711120605
94   2.119161605834961
95   2.193321943283081
96   2.0811588764190674
97   2.237527847290039
98   2.351484537124634
99   2.517397403717041
100   2.490417957305908
101   2.1494369506835938
102   1.9094557762145996
103   2.03637957572937
104   1.9190754890441895
105   1.9514790773391724
106   2.309342622756958
107   1.700317144393921
108   2.2343332767486572
109   1.8036407232284546
110   1.9359920024871826
111   1.7987592220306396
112   1.7753825187683105
113   1.9737204313278198
114   2.576568365097046
115   2.0701024532318115
116   1.9376983642578125
117   1.9686925411224365
118   1.8559560775756836
119   2.1297976970672607
120   1.9206091165542603
121   3.1330432891845703
122   2.1425023078918457
123   2.2793939113616943
124   2.1333823204040527
125   2.417146682739258
126   1.9152698516845703
127   1.9777438640594482
128   1.670264720916748
129   1.9824674129486084
130   2.250565767288208
131   2.247715950012207
132   1.916640281677246
133   1.7606638669967651
134   1.7137502431869507
135   1.8901195526123047
136   2.036857843399048
137   1.7903540134429932
138   1.931154727935791
139   2.065931797027588
140   1.9141110181808472
141   1.868256688117981
142   2.059856414794922
143   2.0899658203125
144   1.7163569927215576
145   1.6079864501953125
146   1.91004478931427
147   1.8542033433914185
148   2.3291993141174316
149   1.9394538402557373
150   1.8930672407150269
151   1.626983880996704
152   1.8268754482269287
153   1.6561956405639648
154   1.8888212442398071
155   1.9681611061096191
156   2.058474540710449
157   1.828765869140625
158   1.9642829895019531
159   1.8841689825057983
160   2.0630054473876953
161   1.6258859634399414
162   1.9467605352401733
163   2.090686082839966
164   1.6967577934265137
165   1.6770819425582886
166   1.8382641077041626
167   1.795483946800232
168   1.878214716911316
169   2.032036542892456
170   1.7002055644989014
171   1.8428748846054077
172   1.8027808666229248
173   2.0017032623291016
174   2.112618923187256
175   1.8172606229782104
176   2.0244510173797607
177   1.8607659339904785
178   1.7197237014770508
179   1.81350576877594
180   2.0358238220214844
181   1.6993688344955444
182   1.944186806678772
183   1.6299769878387451
184   1.7977811098098755
185   2.0146875381469727
186   1.9388313293457031
187   1.7604525089263916
188   1.7930008172988892
189   1.7417573928833008
190   2.081697940826416
191   1.4870423078536987
192   1.4789161682128906
193   1.5009626150131226
194   1.9731956720352173
195   2.4989824295043945
196   1.973038673400879
197   2.1373941898345947
198   2.0210070610046387
199   1.8153042793273926
200   1.8662594556808472
201   1.6562752723693848
202   2.601685047149658
203   2.1833584308624268
204   2.1262521743774414
205   1.949014663696289
206   1.7894223928451538
207   2.215285301208496
208   1.8241219520568848
209   1.745705485343933
210   1.8545430898666382
211   2.489353895187378
212   1.7925223112106323
213   2.160675287246704
214   2.2921106815338135
215   1.859171986579895
216   2.2218189239501953
217   2.1287877559661865
218   1.847833275794983
219   2.0766050815582275
220   1.7296462059020996
221   1.386059045791626
222   1.6159265041351318
223   2.077744960784912
224   2.0213897228240967
225   2.0999491214752197
226   2.060457706451416
227   2.0508852005004883
228   2.1560661792755127
229   2.257748603820801
230   2.345665216445923
231   1.9948512315750122
232   2.302053213119507
233   2.1820428371429443
234   1.9781272411346436
235   1.8271623849868774
236   2.2030839920043945
237   1.907263994216919
238   2.050511360168457
239   1.6770859956741333
240   1.94645094871521
241   1.7399320602416992
242   2.0333073139190674
243   1.9047319889068604
244   1.8445541858673096
245   1.9136854410171509
246   2.0455446243286133
247   1.7334787845611572
248   2.1514933109283447
249   1.8701673746109009
250   2.076059341430664
251   2.005430221557617
252   2.3535115718841553
253   1.797878623008728
254   2.0426926612854004
255   1.9061094522476196
256   1.776100516319275
257   1.7624272108078003
258   2.089423179626465
259   2.2762041091918945
260   1.9252676963806152
261   2.0436673164367676
262   2.723292350769043
263   2.201596260070801
264   2.252828598022461
265   2.385223865509033
266   1.899138331413269
267   1.9131180047988892
268   2.098478078842163
269   1.6862871646881104
270   1.9605841636657715
271   1.9351911544799805
272   1.721411108970642
273   2.018237352371216
274   1.8781843185424805
275   2.000755786895752
276   1.6530503034591675
277   2.1728155612945557
278   1.9980571269989014
279   1.7952631711959839
280   2.064551830291748
281   1.9160982370376587
282   1.9849481582641602
283   1.8689110279083252
284   1.6993581056594849
285   1.6794198751449585
286   1.5393013954162598
287   1.8980052471160889
288   1.6823627948760986
289   1.822038173675537
290   1.403622031211853
291   2.0083155632019043
292   1.8486042022705078
293   1.765602469444275
294   1.690138578414917
295   2.018925666809082
296   2.15592360496521
297   1.9220774173736572
298   2.0398178100585938
299   1.9143033027648926
300   2.056182384490967
301   1.9736336469650269
302   1.9679179191589355
303   2.319061279296875
304   1.4821580648422241
305   2.042600631713867
306   1.889939546585083
307   1.9518413543701172
308   1.5953395366668701
309   1.7541632652282715
310   2.262586832046509
311   1.7564276456832886
312   1.82632315158844
313   1.7561535835266113
314   2.172731876373291
315   1.7729063034057617
316   1.9461450576782227
317   1.8312910795211792
318   2.0928874015808105
319   2.0761754512786865
320   2.2261345386505127
321   1.899151086807251
322   1.772599220275879
323   1.7969372272491455
324   2.161862373352051
0   0.0
1   1.9180266857147217
2   1.814125657081604
3   1.4483329057693481
4   1.9133362770080566
5   1.9629278182983398
6   2.388333559036255
7   1.6249185800552368
8   1.8218376636505127
9   1.7219284772872925
10   1.910405158996582
11   2.3130455017089844
12   2.0945534706115723
13   1.8714981079101563
14   1.9678804874420166
15   2.1722521781921387
16   1.9782214164733887
17   1.8122587203979492
18   1.910315752029419
19   1.7867379188537598
20   1.935878872871399
21   1.8707284927368164
22   1.7075501680374146
23   2.170698881149292
24   1.7042031288146973
25   1.6533366441726685
26   1.938502311706543
27   1.8958803415298462
28   1.9905699491500854
29   1.7780272960662842
30   2.093581199645996
31   1.5851291418075562
32   1.8856855630874634
33   2.465754747390747
34   1.7496970891952515
35   1.937237024307251
36   2.127441167831421
37   1.9817063808441162
38   1.9585529565811157
39   1.8315099477767944
40   1.737066388130188
41   2.2067484855651855
42   2.0041141510009766
43   1.8631428480148315
44   1.9576178789138794
45   2.2993550300598145
46   2.0269882678985596
47   1.984869360923767
48   1.933724284172058
49   2.1888771057128906
50   2.5278608798980713
51   2.5848822593688965
52   1.925799012184143
53   2.633136510848999
54   2.3951327800750732
55   2.3085951805114746
56   2.099646806716919
57   2.042729377746582
58   2.2828896045684814
59   2.1156294345855713
60   2.02609920501709
61   2.079936981201172
62   1.9306542873382568
63   1.9388585090637207
64   2.4525563716888428
65   2.231140613555908
66   2.2001235485076904
67   2.5412702560424805
68   2.2221460342407227
69   2.6509830951690674
70   1.8274608850479126
71   2.1079089641571045
72   2.160412073135376
73   1.9957221746444702
74   2.6157524585723877
75   2.1209657192230225
76   2.339027166366577
77   2.0525333881378174
78   2.0894739627838135
79   2.935671329498291
80   1.9812629222869873
81   1.767399549484253
82   2.3075110912323
83   2.0751237869262695
84   2.005181312561035
85   1.994842529296875
86   1.8284649848937988
87   2.4580905437469482
88   2.6845035552978516
89   2.905062437057495
90   2.6588923931121826
91   2.255122423171997
92   1.7751470804214478
93   2.0204386711120605
94   2.119161605834961
95   2.193321943283081
96   2.0811588764190674
97   2.237527847290039
98   2.351484537124634
99   2.517397403717041
100   2.490417957305908
101   2.1494369506835938
102   1.9094557762145996
103   2.03637957572937
104   1.9190754890441895
105   1.9514790773391724
106   2.309342622756958
107   1.700317144393921
108   2.2343332767486572
109   1.8036407232284546
110   1.9359920024871826
111   1.7987592220306396
112   1.7753825187683105
113   1.9737204313278198
114   2.576568365097046
115   2.0701024532318115
116   1.9376983642578125
117   1.9686925411224365
118   1.8559560775756836
119   2.1297976970672607
120   1.9206091165542603
121   3.1330432891845703
122   2.1425023078918457
123   2.2793939113616943
124   2.1333823204040527
125   2.417146682739258
126   1.9152698516845703
127   1.9777438640594482
128   1.670264720916748
129   1.9824674129486084
130   2.250565767288208
131   2.247715950012207
132   1.916640281677246
133   1.7606638669967651
134   1.7137502431869507
135   1.8901195526123047
136   2.036857843399048
137   1.7903540134429932
138   1.931154727935791
139   2.065931797027588
140   1.9141110181808472
141   1.868256688117981
142   2.059856414794922
143   2.0899658203125
144   1.7163569927215576
145   1.6079864501953125
146   1.91004478931427
147   1.8542033433914185
148   2.3291993141174316
149   1.9394538402557373
150   1.8930672407150269
151   1.626983880996704
152   1.8268754482269287
153   1.6561956405639648
154   1.8888212442398071
155   1.9681611061096191
156   2.058474540710449
157   1.828765869140625
158   1.9642829895019531
159   1.8841689825057983
160   2.0630054473876953
161   1.6258859634399414
162   1.9467605352401733
163   2.090686082839966
164   1.6967577934265137
165   1.6770819425582886
166   1.8382641077041626
167   1.795483946800232
168   1.878214716911316
169   2.032036542892456
170   1.7002055644989014
171   1.8428748846054077
172   1.8027808666229248
173   2.0017032623291016
174   2.112618923187256
175   1.8172606229782104
176   2.0244510173797607
177   1.8607659339904785
178   1.7197237014770508
179   1.81350576877594
180   2.0358238220214844
181   1.6993688344955444
182   1.944186806678772
183   1.6299769878387451
184   1.7977811098098755
185   2.0146875381469727
186   1.9388313293457031
187   1.7604525089263916
188   1.7930008172988892
189   1.7417573928833008
190   2.081697940826416
191   1.4870423078536987
192   1.4789161682128906
193   1.5009626150131226
194   1.9731956720352173
195   2.4989824295043945
196   1.973038673400879
197   2.1373941898345947
198   2.0210070610046387
199   1.8153042793273926
200   1.8662594556808472
201   1.6562752723693848
202   2.601685047149658
203   2.1833584308624268
204   2.1262521743774414
205   1.949014663696289
206   1.7894223928451538
207   2.215285301208496
208   1.8241219520568848
209   1.745705485343933
210   1.8545430898666382
211   2.489353895187378
212   1.7925223112106323
213   2.160675287246704
214   2.2921106815338135
215   1.859171986579895
216   2.2218189239501953
217   2.1287877559661865
218   1.847833275794983
219   2.0766050815582275
220   1.7296462059020996
221   1.386059045791626
222   1.6159265041351318
223   2.077744960784912
224   2.0213897228240967
225   2.0999491214752197
226   2.060457706451416
227   2.0508852005004883
228   2.1560661792755127
229   2.257748603820801
230   2.345665216445923
231   1.9948512315750122
232   2.302053213119507
233   2.1820428371429443
234   1.9781272411346436
235   1.8271623849868774
236   2.2030839920043945
237   1.907263994216919
238   2.050511360168457
239   1.6770859956741333
240   1.94645094871521
241   1.7399320602416992
242   2.0333073139190674
243   1.9047319889068604
244   1.8445541858673096
245   1.9136854410171509
246   2.0455446243286133
247   1.7334787845611572
248   2.1514933109283447
249   1.8701673746109009
250   2.076059341430664
251   2.005430221557617
252   2.3535115718841553
253   1.797878623008728
254   2.0426926612854004
255   1.9061094522476196
256   1.776100516319275
257   1.7624272108078003
258   2.089423179626465
259   2.2762041091918945
260   1.9252676963806152
261   2.0436673164367676
262   2.723292350769043
263   2.201596260070801
264   2.252828598022461
265   2.385223865509033
266   1.899138331413269
267   1.9131180047988892
268   2.098478078842163
269   1.6862871646881104
270   1.9605841636657715
271   1.9351911544799805
272   1.721411108970642
273   2.018237352371216
274   1.8781843185424805
275   2.000755786895752
276   1.6530503034591675
277   2.1728155612945557
278   1.9980571269989014
279   1.7952631711959839
280   2.064551830291748
281   1.9160982370376587
282   1.9849481582641602
283   1.8689110279083252
284   1.6993581056594849
285   1.6794198751449585
286   1.5393013954162598
287   1.8980052471160889
288   1.6823627948760986
289   1.822038173675537
290   1.403622031211853
291   2.0083155632019043
292   1.8486042022705078
293   1.765602469444275
294   1.690138578414917
295   2.018925666809082
296   2.15592360496521
297   1.9220774173736572
298   2.0398178100585938
299   1.9143033027648926
300   2.056182384490967
301   1.9736336469650269
302   1.9679179191589355
303   2.319061279296875
304   1.4821580648422241
305   2.042600631713867
306   1.889939546585083
307   1.9518413543701172
308   1.5953395366668701
309   1.7541632652282715
310   2.262586832046509
311   1.7564276456832886
312   1.82632315158844
313   1.7561535835266113
314   2.172731876373291
315   1.7729063034057617
316   1.9461450576782227
317   1.8312910795211792
318   2.0928874015808105
319   2.0761754512786865
320   2.2261345386505127
321   1.899151086807251
322   1.772599220275879
323   1.7969372272491455
324   2.161862373352051
