0   0.0
1   1.8159186840057373
2   1.6547104120254517
3   1.3299641609191895
4   1.759738564491272
5   1.835172176361084
6   2.2382700443267822
7   1.5708410739898682
8   1.7316973209381104
9   1.588287591934204
10   1.9024300575256348
11   2.1190390586853027
12   2.160205602645874
13   1.8372642993927002
14   1.8652220964431763
15   2.046114444732666
16   1.817280650138855
17   1.8265206813812256
18   1.7820512056350708
19   1.7330292463302612
20   1.9633585214614868
21   1.8132895231246948
22   1.6588757038116455
23   2.053875684738159
24   1.6185096502304077
25   1.604376196861267
26   1.8042328357696533
27   1.8717906475067139
28   1.907395601272583
29   1.7465888261795044
30   1.9437685012817383
31   1.516623854637146
32   1.7592717409133911
33   2.349808692932129
34   1.6542034149169922
35   1.7691081762313843
36   2.009408473968506
37   1.832788348197937
38   1.785151481628418
39   1.7523488998413086
40   1.6618095636367798
41   2.0384035110473633
42   1.8273372650146484
43   1.7029192447662354
44   1.8203842639923096
45   2.1663215160369873
46   1.8060163259506226
47   1.8889615535736084
48   1.8423891067504883
49   2.0590381622314453
50   2.3642985820770264
51   2.4142115116119385
52   1.837559700012207
53   2.416840076446533
54   2.217473268508911
55   2.248579740524292
56   2.0025863647460938
57   1.9323753118515015
58   2.0446012020111084
59   1.9964414834976196
60   1.9653058052062988
61   2.0374858379364014
62   1.782141923904419
63   1.820878267288208
64   2.2112820148468018
65   2.091387987136841
66   2.130337953567505
67   2.381727695465088
68   2.1770565509796143
69   2.5627622604370117
70   1.8061600923538208
71   2.0724806785583496
72   2.1326141357421875
73   2.1118063926696777
74   2.5323874950408936
75   2.078763246536255
76   2.262640953063965
77   2.042137861251831
78   1.9982068538665771
79   2.8508377075195313
80   1.921054482460022
81   1.6988940238952637
82   2.1576764583587646
83   2.037233352661133
84   1.9440101385116577
85   1.887454867362976
86   1.699387550354004
87   2.383540391921997
88   2.7024173736572266
89   2.913656711578369
90   2.6544251441955566
91   2.1796717643737793
92   1.669642686843872
93   1.9867812395095825
94   2.156979560852051
95   2.2492356300354004
96   2.226374626159668
97   2.255746841430664
98   2.347815990447998
99   2.592886447906494
100   2.4713754653930664
101   2.186168670654297
102   1.9665573835372925
103   2.0982935428619385
104   2.0156660079956055
105   1.982612133026123
106   2.2144649028778076
107   1.6179190874099731
108   2.222287893295288
109   1.6373625993728638
110   1.9193682670593262
111   1.7441649436950684
112   1.670274257659912
113   1.791150450706482
114   2.4157278537750244
115   1.93654465675354
116   1.7795623540878296
117   1.9815807342529297
118   1.8050438165664673
119   1.9869873523712158
120   1.8436427116394043
121   2.9376864433288574
122   2.032970905303955
123   2.198544979095459
124   2.077941656112671
125   2.2701125144958496
126   1.750380039215088
127   1.8400908708572388
128   1.5045297145843506
129   1.8173964023590088
130   2.1825509071350098
131   2.1142115592956543
132   1.8197122812271118
133   1.616753339767456
134   1.5504964590072632
135   1.7228434085845947
136   1.811318278312683
137   1.6400400400161743
138   1.7663410902023315
139   2.188417673110962
140   1.7150566577911377
141   1.7546064853668213
142   1.9088311195373535
143   1.9248102903366089
144   1.596396803855896
145   1.586050271987915
146   1.841858148574829
147   1.8384121656417847
148   2.2122395038604736
149   1.8224769830703735
150   1.7416828870773315
151   1.588348388671875
152   1.6811147928237915
153   1.509371280670166
154   1.6747417449951172
155   1.9219849109649658
156   1.8867300748825073
157   1.7671915292739868
158   1.811590313911438
159   1.6537472009658813
160   1.9119997024536133
161   1.5421831607818604
162   1.780104637145996
163   2.0634007453918457
164   1.6125582456588745
165   1.6139241456985474
166   1.6715036630630493
167   1.6776069402694702
168   1.8394256830215454
169   1.8713561296463013
170   1.5861092805862427
171   1.6740790605545044
172   1.6727906465530396
173   1.896756649017334
174   2.0674781799316406
175   1.7095516920089722
176   1.9016441106796265
177   1.7196542024612427
178   1.675828218460083
179   1.644619107246399
180   1.8576446771621704
181   1.5404901504516602
182   1.7419588565826416
183   1.5248066186904907
184   1.6234338283538818
185   1.8034404516220093
186   1.8380322456359863
187   1.707423448562622
188   1.686237096786499
189   1.600756287574768
190   1.9179877042770386
191   1.4197771549224854
192   1.5195246934890747
193   1.3668240308761597
194   1.8071370124816895
195   2.311091423034668
196   1.8475202322006226
197   1.998899221420288
198   1.88247811794281
199   1.676018238067627
200   1.9240169525146484
201   1.7659204006195068
202   2.670923948287964
203   2.103214979171753
204   2.12375545501709
205   1.7706568241119385
206   1.7081024646759033
207   2.0876402854919434
208   1.7467821836471558
209   1.6085021495819092
210   1.6849274635314941
211   2.336848258972168
212   1.8214412927627563
213   2.1477468013763428
214   2.2677078247070313
215   1.876406192779541
216   2.1770567893981934
217   2.0772414207458496
218   1.8065482378005981
219   2.036587953567505
220   1.6010234355926514
221   1.3221851587295532
222   1.5638395547866821
223   2.0532851219177246
224   1.8252252340316772
225   1.8127405643463135
226   1.907095193862915
227   1.8047590255737305
228   2.0108439922332764
229   2.0692739486694336
230   2.303302764892578
231   1.8297309875488281
232   2.1946184635162354
233   1.9950850009918213
234   1.8271623849868774
235   1.7317781448364258
236   2.1297829151153564
237   1.7676599025726318
238   1.8119858503341675
239   1.5041362047195435
240   1.8038771152496338
241   1.8813420534133911
242   2.0404934883117676
243   1.923416256904602
244   1.8778660297393799
245   1.8202135562896729
246   2.0223350524902344
247   1.7015644311904907
248   2.1001689434051514
249   1.737937331199646
250   1.9733855724334717
251   2.0475215911865234
252   2.2999446392059326
253   1.6989327669143677
254   1.9205971956253052
255   1.7810603380203247
256   1.6769815683364868
257   1.6800711154937744
258   1.9376100301742554
259   2.2495920658111572
260   1.813689947128296
261   1.8664661645889282
262   2.5033438205718994
263   2.048706531524658
264   2.06862211227417
265   2.2088019847869873
266   1.7961184978485107
267   1.8391321897506714
268   2.060004234313965
269   1.662684679031372
270   1.7896368503570557
271   1.7788268327713013
272   1.645534873008728
273   1.8915607929229736
274   1.823390245437622
275   1.8979448080062866
276   1.6594817638397217
277   2.1055595874786377
278   1.887473225593567
279   1.6694297790527344
280   1.8708420991897583
281   1.8500102758407593
282   1.8967869281768799
283   1.7594072818756104
284   1.6866172552108765
285   1.5451724529266357
286   1.4781123399734497
287   1.7774786949157715
288   1.6518127918243408
289   1.784382939338684
290   1.3709073066711426
291   2.0059869289398193
292   1.7661200761795044
293   1.7249938249588013
294   1.6318212747573853
295   1.8094195127487183
296   1.9794131517410278
297   1.7407443523406982
298   1.952006459236145
299   1.7864081859588623
300   1.949416995048523
301   1.8081406354904175
302   1.8453810214996338
303   2.220125198364258
304   1.3506118059158325
305   1.992580771446228
306   1.8198624849319458
307   1.8881921768188477
308   1.596490502357483
309   1.6962896585464478
310   2.310520887374878
311   1.678512454032898
312   1.6613414287567139
313   1.7110012769699097
314   2.0762972831726074
315   1.714342713356018
316   1.9707573652267456
317   1.9440288543701172
318   2.123915672302246
319   1.9725456237792969
320   2.176142454147339
321   1.7803058624267578
322   1.7240980863571167
323   1.8092551231384277
324   2.062567710876465
0   0.0
1   1.8159186840057373
2   1.6547104120254517
3   1.3299641609191895
4   1.759738564491272
5   1.835172176361084
6   2.2382700443267822
7   1.5708410739898682
8   1.7316973209381104
9   1.588287591934204
10   1.9024300575256348
11   2.1190390586853027
12   2.160205602645874
13   1.8372642993927002
14   1.8652220964431763
15   2.046114444732666
16   1.817280650138855
17   1.8265206813812256
18   1.7820512056350708
19   1.7330292463302612
20   1.9633585214614868
21   1.8132895231246948
22   1.6588757038116455
23   2.053875684738159
24   1.6185096502304077
25   1.604376196861267
26   1.8042328357696533
27   1.8717906475067139
28   1.907395601272583
29   1.7465888261795044
30   1.9437685012817383
31   1.516623854637146
32   1.7592717409133911
33   2.349808692932129
34   1.6542034149169922
35   1.7691081762313843
36   2.009408473968506
37   1.832788348197937
38   1.785151481628418
39   1.7523488998413086
40   1.6618095636367798
41   2.0384035110473633
42   1.8273372650146484
43   1.7029192447662354
44   1.8203842639923096
45   2.1663215160369873
46   1.8060163259506226
47   1.8889615535736084
48   1.8423891067504883
49   2.0590381622314453
50   2.3642985820770264
51   2.4142115116119385
52   1.837559700012207
53   2.416840076446533
54   2.217473268508911
55   2.248579740524292
56   2.0025863647460938
57   1.9323753118515015
58   2.0446012020111084
59   1.9964414834976196
60   1.9653058052062988
61   2.0374858379364014
62   1.782141923904419
63   1.820878267288208
64   2.2112820148468018
65   2.091387987136841
66   2.130337953567505
67   2.381727695465088
68   2.1770565509796143
69   2.5627622604370117
70   1.8061600923538208
71   2.0724806785583496
72   2.1326141357421875
73   2.1118063926696777
74   2.5323874950408936
75   2.078763246536255
76   2.262640953063965
77   2.042137861251831
78   1.9982068538665771
79   2.8508377075195313
80   1.921054482460022
81   1.6988940238952637
82   2.1576764583587646
83   2.037233352661133
84   1.9440101385116577
85   1.887454867362976
86   1.699387550354004
87   2.383540391921997
88   2.7024173736572266
89   2.913656711578369
90   2.6544251441955566
91   2.1796717643737793
92   1.669642686843872
93   1.9867812395095825
94   2.156979560852051
95   2.2492356300354004
96   2.226374626159668
97   2.255746841430664
98   2.347815990447998
99   2.592886447906494
100   2.4713754653930664
101   2.186168670654297
102   1.9665573835372925
103   2.0982935428619385
104   2.0156660079956055
105   1.982612133026123
106   2.2144649028778076
107   1.6179190874099731
108   2.222287893295288
109   1.6373625993728638
110   1.9193682670593262
111   1.7441649436950684
112   1.670274257659912
113   1.791150450706482
114   2.4157278537750244
115   1.93654465675354
116   1.7795623540878296
117   1.9815807342529297
118   1.8050438165664673
119   1.9869873523712158
120   1.8436427116394043
121   2.9376864433288574
122   2.032970905303955
123   2.198544979095459
124   2.077941656112671
125   2.2701125144958496
126   1.750380039215088
127   1.8400908708572388
128   1.5045297145843506
129   1.8173964023590088
130   2.1825509071350098
131   2.1142115592956543
132   1.8197122812271118
133   1.616753339767456
134   1.5504964590072632
135   1.7228434085845947
136   1.811318278312683
137   1.6400400400161743
138   1.7663410902023315
139   2.188417673110962
140   1.7150566577911377
141   1.7546064853668213
142   1.9088311195373535
143   1.9248102903366089
144   1.596396803855896
145   1.586050271987915
146   1.841858148574829
147   1.8384121656417847
148   2.2122395038604736
149   1.8224769830703735
150   1.7416828870773315
151   1.588348388671875
152   1.6811147928237915
153   1.509371280670166
154   1.6747417449951172
155   1.9219849109649658
156   1.8867300748825073
157   1.7671915292739868
158   1.811590313911438
159   1.6537472009658813
160   1.9119997024536133
161   1.5421831607818604
162   1.780104637145996
163   2.0634007453918457
164   1.6125582456588745
165   1.6139241456985474
166   1.6715036630630493
167   1.6776069402694702
168   1.8394256830215454
169   1.8713561296463013
170   1.5861092805862427
171   1.6740790605545044
172   1.6727906465530396
173   1.896756649017334
174   2.0674781799316406
175   1.7095516920089722
176   1.9016441106796265
177   1.7196542024612427
178   1.675828218460083
179   1.644619107246399
180   1.8576446771621704
181   1.5404901504516602
182   1.7419588565826416
183   1.5248066186904907
184   1.6234338283538818
185   1.8034404516220093
186   1.8380322456359863
187   1.707423448562622
188   1.686237096786499
189   1.600756287574768
190   1.9179877042770386
191   1.4197771549224854
192   1.5195246934890747
193   1.3668240308761597
194   1.8071370124816895
195   2.311091423034668
196   1.8475202322006226
197   1.998899221420288
198   1.88247811794281
199   1.676018238067627
200   1.9240169525146484
201   1.7659204006195068
202   2.670923948287964
203   2.103214979171753
204   2.12375545501709
205   1.7706568241119385
206   1.7081024646759033
207   2.0876402854919434
208   1.7467821836471558
209   1.6085021495819092
210   1.6849274635314941
211   2.336848258972168
212   1.8214412927627563
213   2.1477468013763428
214   2.2677078247070313
215   1.876406192779541
216   2.1770567893981934
217   2.0772414207458496
218   1.8065482378005981
219   2.036587953567505
220   1.6010234355926514
221   1.3221851587295532
222   1.5638395547866821
223   2.0532851219177246
224   1.8252252340316772
225   1.8127405643463135
226   1.907095193862915
227   1.8047590255737305
228   2.0108439922332764
229   2.0692739486694336
230   2.303302764892578
231   1.8297309875488281
232   2.1946184635162354
233   1.9950850009918213
234   1.8271623849868774
235   1.7317781448364258
236   2.1297829151153564
237   1.7676599025726318
238   1.8119858503341675
239   1.5041362047195435
240   1.8038771152496338
241   1.8813420534133911
242   2.0404934883117676
243   1.923416256904602
244   1.8778660297393799
245   1.8202135562896729
246   2.0223350524902344
247   1.7015644311904907
248   2.1001689434051514
249   1.737937331199646
250   1.9733855724334717
251   2.0475215911865234
252   2.2999446392059326
253   1.6989327669143677
254   1.9205971956253052
255   1.7810603380203247
256   1.6769815683364868
257   1.6800711154937744
258   1.9376100301742554
259   2.2495920658111572
260   1.813689947128296
261   1.8664661645889282
262   2.5033438205718994
263   2.048706531524658
264   2.06862211227417
265   2.2088019847869873
266   1.7961184978485107
267   1.8391321897506714
268   2.060004234313965
269   1.662684679031372
270   1.7896368503570557
271   1.7788268327713013
272   1.645534873008728
273   1.8915607929229736
274   1.823390245437622
275   1.8979448080062866
276   1.6594817638397217
277   2.1055595874786377
278   1.887473225593567
279   1.6694297790527344
280   1.8708420991897583
281   1.8500102758407593
282   1.8967869281768799
283   1.7594072818756104
284   1.6866172552108765
285   1.5451724529266357
286   1.4781123399734497
287   1.7774786949157715
288   1.6518127918243408
289   1.784382939338684
290   1.3709073066711426
291   2.0059869289398193
292   1.7661200761795044
293   1.7249938249588013
294   1.6318212747573853
295   1.8094195127487183
296   1.9794131517410278
297   1.7407443523406982
298   1.952006459236145
299   1.7864081859588623
300   1.949416995048523
301   1.8081406354904175
302   1.8453810214996338
303   2.220125198364258
304   1.3506118059158325
305   1.992580771446228
306   1.8198624849319458
307   1.8881921768188477
308   1.596490502357483
309   1.6962896585464478
310   2.310520887374878
311   1.678512454032898
312   1.6613414287567139
313   1.7110012769699097
314   2.0762972831726074
315   1.714342713356018
316   1.9707573652267456
317   1.9440288543701172
318   2.123915672302246
319   1.9725456237792969
320   2.176142454147339
321   1.7803058624267578
322   1.7240980863571167
323   1.8092551231384277
324   2.062567710876465
0   0.0
1   1.8159186840057373
2   1.6547104120254517
3   1.3299641609191895
4   1.759738564491272
5   1.835172176361084
6   2.2382700443267822
7   1.5708410739898682
8   1.7316973209381104
9   1.588287591934204
10   1.9024300575256348
11   2.1190390586853027
12   2.160205602645874
13   1.8372642993927002
14   1.8652220964431763
15   2.046114444732666
16   1.817280650138855
17   1.8265206813812256
18   1.7820512056350708
19   1.7330292463302612
20   1.9633585214614868
21   1.8132895231246948
22   1.6588757038116455
23   2.053875684738159
24   1.6185096502304077
25   1.604376196861267
26   1.8042328357696533
27   1.8717906475067139
28   1.907395601272583
29   1.7465888261795044
30   1.9437685012817383
31   1.516623854637146
32   1.7592717409133911
33   2.349808692932129
34   1.6542034149169922
35   1.7691081762313843
36   2.009408473968506
37   1.832788348197937
38   1.785151481628418
39   1.7523488998413086
40   1.6618095636367798
41   2.0384035110473633
42   1.8273372650146484
43   1.7029192447662354
44   1.8203842639923096
45   2.1663215160369873
46   1.8060163259506226
47   1.8889615535736084
48   1.8423891067504883
49   2.0590381622314453
50   2.3642985820770264
51   2.4142115116119385
52   1.837559700012207
53   2.416840076446533
54   2.217473268508911
55   2.248579740524292
56   2.0025863647460938
57   1.9323753118515015
58   2.0446012020111084
59   1.9964414834976196
60   1.9653058052062988
61   2.0374858379364014
62   1.782141923904419
63   1.820878267288208
64   2.2112820148468018
65   2.091387987136841
66   2.130337953567505
67   2.381727695465088
68   2.1770565509796143
69   2.5627622604370117
70   1.8061600923538208
71   2.0724806785583496
72   2.1326141357421875
73   2.1118063926696777
74   2.5323874950408936
75   2.078763246536255
76   2.262640953063965
77   2.042137861251831
78   1.9982068538665771
79   2.8508377075195313
80   1.921054482460022
81   1.6988940238952637
82   2.1576764583587646
83   2.037233352661133
84   1.9440101385116577
85   1.887454867362976
86   1.699387550354004
87   2.383540391921997
88   2.7024173736572266
89   2.913656711578369
90   2.6544251441955566
91   2.1796717643737793
92   1.669642686843872
93   1.9867812395095825
94   2.156979560852051
95   2.2492356300354004
96   2.226374626159668
97   2.255746841430664
98   2.347815990447998
99   2.592886447906494
100   2.4713754653930664
101   2.186168670654297
102   1.9665573835372925
103   2.0982935428619385
104   2.0156660079956055
105   1.982612133026123
106   2.2144649028778076
107   1.6179190874099731
108   2.222287893295288
109   1.6373625993728638
110   1.9193682670593262
111   1.7441649436950684
112   1.670274257659912
113   1.791150450706482
114   2.4157278537750244
115   1.93654465675354
116   1.7795623540878296
117   1.9815807342529297
118   1.8050438165664673
119   1.9869873523712158
120   1.8436427116394043
121   2.9376864433288574
122   2.032970905303955
123   2.198544979095459
124   2.077941656112671
125   2.2701125144958496
126   1.750380039215088
127   1.8400908708572388
128   1.5045297145843506
129   1.8173964023590088
130   2.1825509071350098
131   2.1142115592956543
132   1.8197122812271118
133   1.616753339767456
134   1.5504964590072632
135   1.7228434085845947
136   1.811318278312683
137   1.6400400400161743
138   1.7663410902023315
139   2.188417673110962
140   1.7150566577911377
141   1.7546064853668213
142   1.9088311195373535
143   1.9248102903366089
144   1.596396803855896
145   1.586050271987915
146   1.841858148574829
147   1.8384121656417847
148   2.2122395038604736
149   1.8224769830703735
150   1.7416828870773315
151   1.588348388671875
152   1.6811147928237915
153   1.509371280670166
154   1.6747417449951172
155   1.9219849109649658
156   1.8867300748825073
157   1.7671915292739868
158   1.811590313911438
159   1.6537472009658813
160   1.9119997024536133
161   1.5421831607818604
162   1.780104637145996
163   2.0634007453918457
164   1.6125582456588745
165   1.6139241456985474
166   1.6715036630630493
167   1.6776069402694702
168   1.8394256830215454
169   1.8713561296463013
170   1.5861092805862427
171   1.6740790605545044
172   1.6727906465530396
173   1.896756649017334
174   2.0674781799316406
175   1.7095516920089722
176   1.9016441106796265
177   1.7196542024612427
178   1.675828218460083
179   1.644619107246399
180   1.8576446771621704
181   1.5404901504516602
182   1.7419588565826416
183   1.5248066186904907
184   1.6234338283538818
185   1.8034404516220093
186   1.8380322456359863
187   1.707423448562622
188   1.686237096786499
189   1.600756287574768
190   1.9179877042770386
191   1.4197771549224854
192   1.5195246934890747
193   1.3668240308761597
194   1.8071370124816895
195   2.311091423034668
196   1.8475202322006226
197   1.998899221420288
198   1.88247811794281
199   1.676018238067627
200   1.9240169525146484
201   1.7659204006195068
202   2.670923948287964
203   2.103214979171753
204   2.12375545501709
205   1.7706568241119385
206   1.7081024646759033
207   2.0876402854919434
208   1.7467821836471558
209   1.6085021495819092
210   1.6849274635314941
211   2.336848258972168
212   1.8214412927627563
213   2.1477468013763428
214   2.2677078247070313
215   1.876406192779541
216   2.1770567893981934
217   2.0772414207458496
218   1.8065482378005981
219   2.036587953567505
220   1.6010234355926514
221   1.3221851587295532
222   1.5638395547866821
223   2.0532851219177246
224   1.8252252340316772
225   1.8127405643463135
226   1.907095193862915
227   1.8047590255737305
228   2.0108439922332764
229   2.0692739486694336
230   2.303302764892578
231   1.8297309875488281
232   2.1946184635162354
233   1.9950850009918213
234   1.8271623849868774
235   1.7317781448364258
236   2.1297829151153564
237   1.7676599025726318
238   1.8119858503341675
239   1.5041362047195435
240   1.8038771152496338
241   1.8813420534133911
242   2.0404934883117676
243   1.923416256904602
244   1.8778660297393799
245   1.8202135562896729
246   2.0223350524902344
247   1.7015644311904907
248   2.1001689434051514
249   1.737937331199646
250   1.9733855724334717
251   2.0475215911865234
252   2.2999446392059326
253   1.6989327669143677
254   1.9205971956253052
255   1.7810603380203247
256   1.6769815683364868
257   1.6800711154937744
258   1.9376100301742554
259   2.2495920658111572
260   1.813689947128296
261   1.8664661645889282
262   2.5033438205718994
263   2.048706531524658
264   2.06862211227417
265   2.2088019847869873
266   1.7961184978485107
267   1.8391321897506714
268   2.060004234313965
269   1.662684679031372
270   1.7896368503570557
271   1.7788268327713013
272   1.645534873008728
273   1.8915607929229736
274   1.823390245437622
275   1.8979448080062866
276   1.6594817638397217
277   2.1055595874786377
278   1.887473225593567
279   1.6694297790527344
280   1.8708420991897583
281   1.8500102758407593
282   1.8967869281768799
283   1.7594072818756104
284   1.6866172552108765
285   1.5451724529266357
286   1.4781123399734497
287   1.7774786949157715
288   1.6518127918243408
289   1.784382939338684
290   1.3709073066711426
291   2.0059869289398193
292   1.7661200761795044
293   1.7249938249588013
294   1.6318212747573853
295   1.8094195127487183
296   1.9794131517410278
297   1.7407443523406982
298   1.952006459236145
299   1.7864081859588623
300   1.949416995048523
301   1.8081406354904175
302   1.8453810214996338
303   2.220125198364258
304   1.3506118059158325
305   1.992580771446228
306   1.8198624849319458
307   1.8881921768188477
308   1.596490502357483
309   1.6962896585464478
310   2.310520887374878
311   1.678512454032898
312   1.6613414287567139
313   1.7110012769699097
314   2.0762972831726074
315   1.714342713356018
316   1.9707573652267456
317   1.9440288543701172
318   2.123915672302246
319   1.9725456237792969
320   2.176142454147339
321   1.7803058624267578
322   1.7240980863571167
323   1.8092551231384277
324   2.062567710876465
