0   0.0
1   0.15289095044136047
2   0.28021591901779175
3   0.22471942007541656
4   0.19559405744075775
5   0.18695282936096191
6   0.1618186980485916
7   0.20901572704315186
8   0.14539140462875366
9   1.549176812171936
10   1.566955327987671
11   1.5125758647918701
12   0.8692718744277954
13   1.2391928434371948
14   1.0820178985595703
15   1.0661859512329102
16   1.404577612876892
17   1.3357197046279907
18   1.5585576295852661
19   1.435976266860962
20   1.3880671262741089
21   1.3881456851959229
22   1.42245352268219
23   1.8297022581100464
24   1.7433427572250366
25   1.6735126972198486
26   1.7313227653503418
27   1.1497586965560913
28   1.8518630266189575
29   2.0366711616516113
30   1.3981246948242188
31   1.5472986698150635
32   1.7386962175369263
33   1.355175495147705
34   1.309747338294983
35   1.53169584274292
36   1.6354113817214966
37   1.4578608274459839
38   1.8235313892364502
39   1.3706512451171875
40   1.3121248483657837
41   1.679295301437378
42   1.090946912765503
43   1.5475143194198608
44   1.2600257396697998
45   1.3929197788238525
46   1.6582300662994385
47   1.2464300394058228
48   1.5782042741775513
49   1.4231386184692383
50   1.2083629369735718
51   1.8749772310256958
52   1.7428480386734009
53   1.1720991134643555
54   1.8520135879516602
55   1.385195016860962
56   1.3613618612289429
57   1.5059491395950317
58   1.6136507987976074
59   1.633348822593689
60   1.3933095932006836
61   1.6181803941726685
62   1.3296486139297485
63   1.0044105052947998
64   1.2982875108718872
65   1.3198943138122559
66   1.9585775136947632
67   1.8526140451431274
68   1.7301781177520752
69   1.366902470588684
70   1.9868619441986084
71   1.2995096445083618
72   1.1988476514816284
73   1.6721068620681763
74   2.5066616535186768
75   1.4048618078231812
76   1.7741402387619019
77   1.5208988189697266
78   2.3591978549957275
79   1.75217604637146
80   1.6116020679473877
81   1.7092180252075195
82   1.7145260572433472
83   1.998270869255066
84   1.470693588256836
85   1.9625707864761353
86   1.8801132440567017
87   1.6386823654174805
88   1.612375020980835
89   1.1152147054672241
90   1.2089405059814453
91   2.098332643508911
92   1.3308931589126587
93   1.2696473598480225
94   1.7159701585769653
95   1.503530502319336
96   1.8421114683151245
97   1.403896689414978
98   1.8887085914611816
99   2.032179832458496
100   1.6055494546890259
101   1.3468483686447144
102   1.5162492990493774
103   1.3745157718658447
104   2.0794565677642822
105   1.4393824338912964
106   1.7007558345794678
107   1.2252668142318726
108   1.6239713430404663
109   1.3524377346038818
110   1.6817313432693481
111   1.1531368494033813
112   1.4712234735488892
113   1.9246330261230469
114   1.333727240562439
115   1.7924329042434692
116   1.4895058870315552
117   1.6220718622207642
118   1.4170145988464355
119   1.3921741247177124
120   1.819580316543579
121   2.030210018157959
122   1.398042917251587
123   1.4386451244354248
124   1.1943169832229614
125   0.957244336605072
126   1.6477372646331787
127   1.4247419834136963
128   1.4995540380477905
129   1.513283133506775
130   1.507392406463623
131   1.8831638097763062
132   1.32532799243927
133   1.064261794090271
134   1.6857879161834717
135   1.2346116304397583
136   1.353428602218628
137   2.017179489135742
138   1.0318032503128052
139   1.38398015499115
140   1.4654828310012817
141   1.5472633838653564
142   1.1891183853149414
143   1.203378677368164
144   1.181993007659912
145   1.2643133401870728
146   1.711816668510437
147   1.2872987985610962
148   1.4791700839996338
149   1.2050174474716187
150   1.6446146965026855
151   1.4142709970474243
152   1.8667924404144287
153   1.6912599802017212
154   1.4067295789718628
155   1.8250997066497803
156   2.0439844131469727
157   0.9772325158119202
158   1.232403039932251
159   1.1539427042007446
160   1.6751185655593872
161   1.3411242961883545
162   1.595947027206421
163   1.333044409751892
164   1.2439213991165161
165   1.4475746154785156
166   1.9795533418655396
167   1.940898060798645
168   1.534572958946228
169   1.294276475906372
170   1.2769101858139038
171   1.4450581073760986
172   1.9969894886016846
173   0.9354227185249329
174   2.089529037475586
175   1.3001062870025635
176   1.319589376449585
177   1.69175124168396
178   1.1863030195236206
179   1.4745733737945557
180   1.4846858978271484
181   1.945115566253662
182   1.6159180402755737
183   1.5657328367233276
184   1.474592685699463
185   1.2374632358551025
186   1.4098303318023682
187   1.6343512535095215
188   1.4952335357666016
189   1.5346912145614624
190   1.873195767402649
191   1.050831913948059
192   1.3702560663223267
193   1.109449863433838
194   1.5516976118087769
195   1.4168146848678589
196   1.4946953058242798
197   1.456885814666748
198   1.3618918657302856
199   1.5925590991973877
200   1.3035082817077637
201   1.197170376777649
202   1.2103726863861084
203   0.9560825824737549
204   1.0634008646011353
205   1.1745883226394653
206   1.0109177827835083
207   1.2959020137786865
208   1.1608490943908691
1   1.4187263250350952
2   1.661831259727478
3   1.108068585395813
4   1.320755124092102
5   1.9128272533416748
6   2.132779836654663
7   1.2150921821594238
8   1.3421906232833862
9   1.4737497568130493
10   2.004333734512329
11   1.9441089630126953
12   1.4134012460708618
13   1.228414535522461
14   1.272970199584961
15   1.3897444009780884
16   1.3534759283065796
17   1.5502406358718872
18   1.6828224658966064
19   1.4582346677780151
20   1.2989999055862427
1   1.4821009635925293
2   1.638700008392334
3   1.6373034715652466
4   1.6636340618133545
5   1.6694810390472412
6   1.609129548072815
7   1.487517237663269
8   1.4658591747283936
9   1.4745763540267944
10   1.6857640743255615
11   1.534271240234375
12   1.7027479410171509
13   1.7122389078140259
14   1.557202696800232
15   1.6387145519256592
16   1.5170685052871704
17   1.7498996257781982
18   1.5586854219436646
19   1.6535178422927856
20   1.6122446060180664
21   1.6127357482910156
22   1.3751718997955322
23   1.4699558019638062
24   1.615354061126709
25   1.6740514039993286
26   1.690565824508667
27   1.3826003074645996
28   1.5741138458251953
29   1.4817028045654297
30   1.5673556327819824
31   1.7913206815719604
32   1.6292059421539307
33   1.4928643703460693
34   1.5806465148925781
35   1.5023070573806763
36   1.6192594766616821
37   1.4947192668914795
38   1.7525310516357422
39   1.6228500604629517
40   1.7479908466339111
41   1.5328569412231445
42   1.7388896942138672
43   1.7112277746200562
44   1.5304076671600342
45   1.525044322013855
46   1.653533697128296
47   1.6502807140350342
48   1.6261290311813354
49   1.5096405744552612
50   1.5875256061553955
51   1.5546655654907227
52   1.6619503498077393
53   1.466775894165039
54   1.8238011598587036
55   1.6470232009887695
56   1.7993026971817017
57   1.2688970565795898
58   1.7027692794799805
59   1.8597995042800903
60   1.6664232015609741
61   1.3784102201461792
62   1.620223879814148
63   1.465401530265808
64   1.5058962106704712
65   1.350197434425354
66   1.8360580205917358
67   1.7222774028778076
68   1.742398738861084
69   1.72437584400177
70   1.4696029424667358
71   1.5170249938964844
72   1.56473708152771
73   1.8982125520706177
74   1.4833016395568848
75   1.8972004652023315
76   1.507779598236084
77   1.6502985954284668
78   1.783388614654541
79   1.4973523616790771
80   1.4408223628997803
81   1.5882941484451294
82   1.8174148797988892
83   1.684568166732788
84   1.7066692113876343
85   1.7514523267745972
86   1.6191890239715576
87   1.6389330625534058
88   1.6582679748535156
89   1.4889476299285889
90   1.5898606777191162
91   1.6964423656463623
92   1.6053894758224487
93   1.3576910495758057
94   1.9582903385162354
95   1.5836833715438843
96   1.623665452003479
97   1.3140525817871094
98   1.4719741344451904
99   1.6518603563308716
100   1.8459287881851196
101   1.588559865951538
102   1.4263924360275269
103   1.4242991209030151
104   1.5648947954177856
105   1.6893198490142822
106   1.6669337749481201
107   1.8696198463439941
108   1.953171968460083
109   1.6389211416244507
110   1.721209168434143
111   1.6074217557907104
112   1.6185506582260132
113   1.67775297164917
114   1.7086591720581055
115   1.6234937906265259
116   1.6044272184371948
117   1.6941734552383423
118   1.7693992853164673
119   1.8105061054229736
120   1.6258875131607056
121   1.6288225650787354
122   1.898871898651123
123   1.5822117328643799
124   1.6005868911743164
125   1.461073875427246
126   1.355406641960144
127   1.6817067861557007
128   1.6567926406860352
129   1.4245306253433228
130   1.5727227926254272
131   1.5109835863113403
132   1.6114808320999146
133   1.5311055183410645
134   1.5216408967971802
135   1.4864678382873535
136   1.3955367803573608
137   1.4809738397598267
138   1.4361990690231323
139   1.7824580669403076
140   1.7932276725769043
141   1.656425952911377
142   1.54389488697052
143   1.6115676164627075
144   1.6717395782470703
145   1.7472155094146729
146   1.4966374635696411
147   1.5506786108016968
148   1.4457286596298218
149   1.6287184953689575
150   1.43053138256073
151   1.4684797525405884
152   1.6979498863220215
153   1.7408452033996582
154   1.3566715717315674
155   1.4527524709701538
156   1.6091840267181396
157   1.4739911556243896
158   1.7020046710968018
159   1.5332086086273193
160   1.579297423362732
1   1.5075886249542236
2   1.6331709623336792
3   1.6780173778533936
4   1.580248236656189
5   1.5632957220077515
6   1.5887795686721802
7   1.7791204452514648
8   1.470382809638977
9   1.571328043937683
10   1.5402333736419678
11   1.5039595365524292
12   1.4611341953277588
13   1.624828815460205
14   1.6253588199615479
15   1.4935252666473389
16   1.588059425354004
17   1.3246811628341675
18   1.4430071115493774
19   1.457455039024353
20   1.5729907751083374
21   1.8260289430618286
22   1.394553780555725
23   1.5324699878692627
24   1.6879366636276245
25   1.7763862609863281
26   1.569989562034607
27   1.3862944841384888
28   1.5422066450119019
29   1.4771827459335327
30   1.4707403182983398
31   1.4426343441009521
32   1.6495466232299805
33   1.5047285556793213
34   2.0215365886688232
35   1.5737793445587158
36   1.715550184249878
37   1.4296214580535889
38   1.3742170333862305
39   1.8490251302719116
40   1.5409854650497437
41   1.7282730340957642
42   1.419150710105896
43   1.3641085624694824
44   1.5624077320098877
45   2.211193799972534
46   1.47744619846344
47   1.5266059637069702
48   1.609773874282837
49   1.4499421119689941
50   1.7747468948364258
51   1.331343173980713
52   1.422377586364746
53   1.3190529346466064
54   2.0812816619873047
55   1.683074712753296
56   1.5894831418991089
57   1.5957376956939697
58   1.0699214935302734
59   1.2976508140563965
60   1.2831507921218872
61   1.4706755876541138
62   1.1009982824325562
63   1.5763994455337524
64   1.5062216520309448
65   1.4615291357040405
66   1.2670315504074097
67   1.4835034608840942
68   1.1576746702194214
69   1.791179895401001
70   1.5967572927474976
71   1.6608562469482422
72   1.7065740823745728
73   1.912916898727417
74   1.5271804332733154
75   1.1698707342147827
76   1.7819219827651978
77   1.20885169506073
78   1.2733938694000244
79   1.471248745918274
80   1.607776165008545
81   1.1943591833114624
82   1.645396113395691
83   1.5369796752929688
84   1.6592739820480347
85   1.4078456163406372
86   1.4410456418991089
87   0.7831467986106873
88   1.5929630994796753
89   1.6420385837554932
90   1.342708945274353
91   1.2251641750335693
92   1.5280145406723022
93   1.3808616399765015
94   1.8504709005355835
95   1.6984704732894897
96   2.133739948272705
97   0.7605484127998352
98   1.5539799928665161
99   1.9378374814987183
100   1.2470887899398804
101   1.6107501983642578
102   1.864657998085022
103   1.2778629064559937
104   1.5079257488250732
105   1.8674933910369873
106   1.273823618888855
107   1.2744932174682617
108   1.2325853109359741
109   2.0363032817840576
110   1.5147075653076172
111   1.4226551055908203
112   1.4988715648651123
113   1.9637269973754883
114   1.467059850692749
115   1.471536636352539
116   1.4078692197799683
117   1.3155094385147095
118   1.626173496246338
119   1.314096212387085
120   1.3053226470947266
121   1.4230380058288574
122   1.6700022220611572
123   1.3783259391784668
124   1.718494176864624
125   1.7789578437805176
126   1.6778976917266846
127   1.3817743062973022
128   1.267133116722107
129   1.2158063650131226
130   1.5396109819412231
131   0.933445155620575
132   1.3640719652175903
133   1.6735678911209106
134   1.3483266830444336
135   1.415106177330017
136   1.5241519212722778
137   1.4709497690200806
138   1.5491304397583008
139   1.5274993181228638
140   1.6710152626037598
141   1.847682237625122
142   1.4723094701766968
143   1.5334606170654297
144   1.3944364786148071
145   1.668282151222229
146   1.7785066366195679
147   1.5332964658737183
148   1.5185577869415283
149   1.8487842082977295
150   1.6133077144622803
151   1.648178219795227
152   1.5176637172698975
153   1.6375985145568848
154   1.3606232404708862
155   1.360787272453308
156   1.4801779985427856
157   1.6671618223190308
158   1.527833104133606
159   1.557289481163025
160   1.593748688697815
161   1.7115037441253662
162   1.6450294256210327
163   1.7260677814483643
164   1.688284993171692
