0   0.0
1   2.2381482124328613
2   2.0966854095458984
3   2.240342378616333
4   2.2835941314697266
5   2.058624029159546
6   2.27933931350708
7   1.9699127674102783
8   2.4572746753692627
9   2.161414861679077
10   2.391723871231079
11   3.0305287837982178
12   3.3812966346740723
13   4.088873386383057
14   4.877017021179199
15   4.806736469268799
16   5.56487512588501
17   6.157350540161133
18   5.605375289916992
19   3.7676594257354736
20   3.687716007232666
21   3.846353769302368
22   4.120803356170654
23   4.392560005187988
24   3.3079535961151123
25   3.3391313552856445
26   4.736786365509033
27   4.12234354019165
28   4.330436706542969
29   4.430945873260498
30   4.779806137084961
31   3.9503066539764404
32   4.210043430328369
33   4.618074417114258
34   5.308927536010742
35   5.463271617889404
36   4.545442581176758
37   4.934483051300049
38   4.946341514587402
39   3.9488589763641357
40   4.051486968994141
41   3.92946195602417
42   4.733016490936279
43   3.9484498500823975
44   3.531904935836792
45   5.156763553619385
46   3.4845638275146484
47   4.142344951629639
48   5.272396564483643
49   3.752544641494751
50   4.745823383331299
51   3.573129653930664
52   4.585202693939209
53   5.637051582336426
54   4.830133438110352
55   4.618562698364258
56   3.8275179862976074
57   2.9992823600769043
58   4.27384614944458
59   3.1926634311676025
60   3.858105421066284
61   4.315426826477051
62   3.1183931827545166
63   3.926708221435547
64   4.453040599822998
65   3.480698347091675
66   3.9843859672546387
67   3.162398099899292
68   4.316004276275635
69   4.106077671051025
70   3.570112943649292
71   4.829083442687988
72   3.9110465049743652
73   4.7017645835876465
74   4.465830326080322
75   3.088392496109009
76   3.1792867183685303
77   5.421651840209961
78   5.832839488983154
79   4.582643508911133
80   4.989939212799072
81   4.939897537231445
82   5.050688743591309
83   3.879948139190674
84   4.679290771484375
85   5.125988483428955
86   4.068745136260986
87   5.491260528564453
88   4.446554183959961
89   5.065476417541504
90   4.06484842300415
91   4.8163251876831055
92   4.95002555847168
93   4.2531609535217285
94   5.048727512359619
95   4.307407855987549
96   4.631472587585449
97   3.8482837677001953
98   3.5294461250305176
99   3.606334686279297
100   3.906569719314575
101   4.318758487701416
102   5.2113423347473145
103   5.0057477951049805
104   3.047327995300293
105   3.5255370140075684
106   5.029018402099609
107   3.2975058555603027
108   3.110117197036743
109   5.134476661682129
110   6.306694030761719
111   4.3175530433654785
112   3.847207546234131
113   5.256849765777588
114   5.820279121398926
115   4.341268539428711
116   4.680679798126221
117   4.428182125091553
118   4.847710132598877
119   3.456632137298584
120   3.591668128967285
121   4.321191310882568
122   4.107826232910156
123   4.020400524139404
124   4.884462833404541
125   4.687549114227295
126   5.156229496002197
127   3.686695098876953
128   4.7554168701171875
129   5.099459171295166
130   4.075117588043213
131   3.7522659301757813
132   5.219920635223389
133   4.049393653869629
134   4.451041221618652
135   4.629218578338623
136   4.460360050201416
137   3.5583407878875732
138   4.9010114669799805
139   3.954871892929077
140   4.674129962921143
141   4.538639068603516
142   5.216627597808838
143   4.295192718505859
144   4.750886917114258
145   4.857289791107178
146   4.588605880737305
147   5.416479587554932
148   4.258400917053223
149   4.814788341522217
150   3.692516326904297
151   3.5710649490356445
152   4.461216926574707
153   4.3936591148376465
154   4.002448081970215
155   5.048247337341309
156   5.858651638031006
157   4.127965450286865
158   4.196854114532471
159   4.559586048126221
160   5.32534122467041
161   4.595498561859131
162   4.658567905426025
163   4.16530704498291
164   5.677063941955566
165   3.940730571746826
166   4.374267101287842
167   5.030912399291992
168   3.431617498397827
169   3.7986080646514893
170   3.348015069961548
171   4.645380973815918
172   5.277111530303955
173   5.069854259490967
174   4.559762001037598
175   4.94789457321167
176   5.629649639129639
177   4.827911853790283
178   5.021106243133545
179   3.796720027923584
180   5.227386474609375
181   3.377936840057373
182   3.33705472946167
183   3.4282069206237793
184   4.284887313842773
185   4.193359851837158
186   6.008708477020264
187   5.468357086181641
188   3.7718911170959473
189   4.471807479858398
190   2.863919973373413
191   4.092634677886963
192   4.597601890563965
193   3.1135833263397217
194   4.753292560577393
195   3.9636712074279785
196   2.807682991027832
197   2.8343842029571533
198   4.532818794250488
199   4.386425971984863
200   4.119084358215332
201   5.512246608734131
202   5.6873931884765625
203   3.901671886444092
204   3.98036527633667
205   3.6908116340637207
206   4.651322841644287
207   3.2763779163360596
208   4.035311698913574
209   4.145500659942627
210   3.8371644020080566
211   4.757330417633057
212   4.250121116638184
213   5.153487682342529
1   4.186816692352295
2   4.959958553314209
3   3.649085283279419
4   4.988149166107178
5   3.366283416748047
6   4.404675483703613
7   5.454469680786133
8   6.307694435119629
9   4.715848445892334
10   5.4440412521362305
11   3.3133788108825684
12   4.2207560539245605
13   4.074882984161377
14   4.529880523681641
15   4.783167839050293
16   4.882369041442871
17   3.6052279472351074
18   4.558053493499756
19   5.258467674255371
20   4.887694358825684
1   4.881746292114258
2   4.307371139526367
3   4.452402591705322
4   5.414875030517578
5   4.916699409484863
6   5.048264980316162
7   4.200278282165527
8   4.265860557556152
9   4.826076984405518
10   4.1791863441467285
11   4.142408847808838
12   4.254814147949219
13   3.3552346229553223
14   4.538453578948975
15   4.899013519287109
16   5.102614402770996
17   4.351864337921143
18   4.458670616149902
19   4.773447513580322
20   3.4499990940093994
21   4.445997714996338
22   4.92236328125
23   4.295776844024658
24   5.648740291595459
25   6.147591590881348
26   4.461672782897949
27   4.207052707672119
28   4.44697380065918
29   4.744364261627197
30   4.579722881317139
31   5.041245460510254
32   5.061122894287109
33   3.9529495239257813
34   4.573733806610107
35   4.085934638977051
36   3.39886736869812
37   3.3225107192993164
38   4.504721641540527
39   3.9717540740966797
40   4.642059803009033
41   3.8837342262268066
42   5.214145660400391
43   2.6437313556671143
44   4.415358066558838
45   3.4241814613342285
46   4.446485996246338
47   3.680386781692505
48   2.953324317932129
49   3.6673166751861572
50   4.419950485229492
51   4.003167629241943
52   2.7255702018737793
53   3.6219382286071777
54   5.100712776184082
55   4.2348198890686035
56   5.017717361450195
57   3.5440196990966797
58   2.940619945526123
59   5.095935344696045
60   3.4050838947296143
61   4.023769378662109
62   5.252832412719727
63   3.632094144821167
64   4.362250328063965
65   3.793893814086914
66   4.076183319091797
67   3.6393303871154785
68   4.941780090332031
69   4.541271209716797
70   2.9971706867218018
71   4.111575603485107
72   3.489461898803711
73   4.6042609214782715
74   5.4212727546691895
75   4.1142449378967285
76   5.859080791473389
77   5.179655075073242
78   5.977783203125
79   5.179019451141357
80   5.706470966339111
81   3.4669454097747803
82   4.434786319732666
83   3.5957560539245605
84   3.981092691421509
85   5.097280025482178
86   3.102339029312134
87   3.37783145904541
88   4.558409690856934
89   4.199637413024902
90   3.338486671447754
91   3.543473482131958
92   3.7645835876464844
93   4.815907001495361
94   3.9825456142425537
95   4.746290683746338
96   3.180065870285034
97   3.418123245239258
98   4.450473308563232
99   3.9268064498901367
100   3.102818489074707
101   5.1773362159729
102   4.112054347991943
103   3.5523481369018555
104   4.863946914672852
105   3.846658706665039
106   4.32772159576416
107   3.9567465782165527
108   5.522066116333008
109   5.048038959503174
110   3.5483169555664063
111   3.727994203567505
112   3.6126363277435303
113   3.945657253265381
114   4.3149847984313965
115   5.248162269592285
116   2.9888620376586914
117   3.604867696762085
118   4.2388739585876465
119   3.462475538253784
120   4.239662170410156
121   3.0613644123077393
122   3.8697874546051025
123   4.3159284591674805
124   4.181979179382324
125   3.9489006996154785
126   4.577096462249756
127   5.278977394104004
128   4.1505842208862305
129   3.610727310180664
130   4.038024425506592
131   3.4709792137145996
132   4.119472026824951
133   3.5634429454803467
134   4.602814197540283
135   5.462245464324951
136   4.346853733062744
137   3.68558931350708
138   3.854490280151367
139   4.075474262237549
140   3.578294515609741
141   5.174882888793945
142   4.065881252288818
143   3.3282525539398193
144   3.7206625938415527
145   3.790462017059326
146   3.355727195739746
147   3.9726674556732178
148   4.213959693908691
149   3.8661153316497803
150   3.5361745357513428
151   4.285208702087402
152   3.7413132190704346
153   3.768434524536133
154   4.613850116729736
155   4.534180641174316
156   4.256916522979736
157   3.940736770629883
158   4.179194927215576
159   4.59183406829834
160   4.376064300537109
1   4.0118021965026855
2   4.050455093383789
3   4.522231101989746
4   3.642130136489868
5   4.283150672912598
6   4.267775535583496
7   3.7579798698425293
8   4.590610027313232
9   4.52896785736084
10   3.551898956298828
11   5.468242645263672
12   4.90409517288208
13   4.626031875610352
14   4.243402481079102
15   4.584188938140869
16   5.381606578826904
17   4.84006929397583
18   3.90547513961792
19   3.8687684535980225
20   3.997136116027832
21   3.9970614910125732
22   3.407227039337158
23   3.481832981109619
24   3.872704267501831
25   3.5940940380096436
26   3.7531485557556152
27   3.6984901428222656
28   3.5743730068206787
29   4.1928181648254395
30   4.486266136169434
31   5.9902024269104
32   4.394358158111572
33   4.408669948577881
34   3.65602707862854
35   4.476386070251465
36   3.015017509460449
37   4.233868598937988
38   4.181951999664307
39   3.8930106163024902
40   4.372653484344482
41   3.7666540145874023
42   4.312502861022949
43   4.802740573883057
44   5.63545560836792
45   5.053496360778809
46   3.5119125843048096
47   3.825495958328247
48   3.4955379962921143
49   3.307591438293457
50   4.368811130523682
51   3.674927234649658
52   4.037524223327637
53   4.608424663543701
54   4.801753520965576
55   4.183007717132568
56   3.5723392963409424
57   5.0045485496521
58   3.9349124431610107
59   4.757726192474365
60   3.3384456634521484
61   3.8408031463623047
62   3.7363202571868896
63   4.756929397583008
64   3.8564186096191406
65   5.008781909942627
66   3.7421748638153076
67   4.289291858673096
68   4.309423923492432
69   3.9709978103637695
70   4.482183933258057
71   4.745397567749023
72   2.856738567352295
73   4.616764068603516
74   4.176908016204834
75   4.021268367767334
76   5.8178229331970215
77   4.442978858947754
78   3.6602025032043457
79   3.6101272106170654
80   3.059232473373413
81   4.515111923217773
82   4.204028129577637
83   4.974520206451416
84   5.080650806427002
85   4.612048149108887
86   4.422789096832275
87   4.9623260498046875
88   5.2651262283325195
89   3.404963493347168
90   4.22659969329834
91   3.555152654647827
92   4.104137420654297
93   3.6584367752075195
94   4.081070899963379
95   3.590682029724121
96   4.216975688934326
97   3.6026883125305176
98   3.926743745803833
99   4.268586158752441
100   5.379518508911133
101   4.985793113708496
102   3.702127456665039
103   4.6467719078063965
104   3.874831438064575
105   3.0942142009735107
106   4.3277058601379395
107   5.376500129699707
108   4.997550010681152
109   4.388831615447998
110   4.805773735046387
111   4.199465751647949
112   6.625552177429199
113   5.717860221862793
114   6.057942867279053
115   6.587683200836182
116   7.6029953956604
117   6.598935127258301
118   8.657687187194824
119   6.139847755432129
120   5.621264457702637
121   5.541006088256836
122   6.862641334533691
123   5.658092021942139
124   5.527704238891602
125   6.399011611938477
126   6.615368843078613
127   5.810805797576904
128   5.377813816070557
129   5.168884754180908
130   8.248909950256348
131   7.823883533477783
132   8.043098449707031
133   7.506903171539307
134   7.408191204071045
135   9.012574195861816
136   9.74992847442627
137   9.910909652709961
138   10.733258247375488
139   9.526961326599121
140   10.31268310546875
141   9.107513427734375
142   11.19111442565918
143   11.105685234069824
144   10.793697357177734
145   10.783088684082031
146   11.049856185913086
147   11.56058406829834
148   14.149130821228027
149   12.34250259399414
150   11.586749076843262
151   12.601985931396484
152   13.150890350341797
153   12.906542778015137
154   13.307589530944824
155   14.34366226196289
156   14.168046951293945
157   14.385823249816895
158   13.934435844421387
159   13.903621673583984
160   13.05357837677002
161   14.27332878112793
162   13.216585159301758
163   13.154361724853516
164   14.018549919128418
