0   0.0
1   0.1817304491996765
2   0.19051387906074524
3   0.17797867953777313
4   0.1869780570268631
5   0.17730668187141418
6   0.1866375058889389
7   0.16267257928848267
8   0.17396870255470276
9   0.30365660786628723
10   0.2970539629459381
11   0.28340137004852295
12   0.30086231231689453
13   0.29198795557022095
14   0.2758537232875824
15   0.2720353305339813
16   0.31951406598091125
17   0.29805317521095276
18   0.28528881072998047
19   0.2856772243976593
20   0.28784412145614624
21   0.29115697741508484
22   0.29459983110427856
23   0.30390825867652893
24   0.28448233008384705
25   0.2988220155239105
26   0.2914947271347046
27   0.32135796546936035
28   0.30613330006599426
29   0.2984255254268646
30   0.30446887016296387
31   0.3001443147659302
32   0.2871817946434021
33   0.29567185044288635
34   0.30580615997314453
35   0.27972474694252014
36   0.28307023644447327
37   0.3123842179775238
38   0.28895047307014465
39   0.31813353300094604
40   0.2928615212440491
41   0.3007686734199524
42   0.31147500872612
43   0.3141046166419983
44   0.3064870834350586
45   0.3180581331253052
46   0.29190880060195923
47   0.26431167125701904
48   0.3005698025226593
49   0.2936072051525116
50   0.30581367015838623
51   0.2818909287452698
52   0.2855486571788788
53   0.30430909991264343
54   0.2905268371105194
55   0.28593751788139343
56   0.2988767921924591
57   0.30911606550216675
58   0.29676002264022827
59   0.28669628500938416
60   0.2896142303943634
61   0.28920626640319824
62   0.28431347012519836
63   0.3136196434497833
64   0.3054681718349457
65   0.3017204999923706
66   0.29663175344467163
67   0.29917725920677185
68   0.3202352225780487
69   0.30388501286506653
70   0.2842460870742798
71   0.31472963094711304
72   0.3279745578765869
73   0.30450621247291565
74   0.28351983428001404
75   0.32598426938056946
76   0.3070563077926636
77   0.2700934410095215
78   0.2736647427082062
79   0.27258795499801636
80   0.32438990473747253
81   0.30542096495628357
82   0.29658472537994385
83   0.2942802608013153
84   0.2995993494987488
85   0.3134986162185669
86   0.3143857717514038
87   0.3108418583869934
88   0.276871919631958
89   0.30552080273628235
90   0.29869046807289124
91   0.30174311995506287
92   0.29624131321907043
93   0.31428757309913635
94   0.28458353877067566
95   0.3363586962223053
96   0.317393034696579
97   0.3173270523548126
98   0.3178187608718872
99   0.3007775843143463
100   0.29339081048965454
101   0.3128947615623474
102   0.311737060546875
103   0.30257448554039
104   0.2952621877193451
105   0.28438347578048706
106   0.2956501543521881
107   0.3010796308517456
108   0.28903844952583313
109   0.2896730303764343
110   0.29950422048568726
111   0.30714285373687744
112   0.3157355487346649
113   0.31771427392959595
114   0.3059406876564026
115   0.30923202633857727
116   0.31106698513031006
117   0.29719576239585876
118   0.31757768988609314
119   0.28967049717903137
120   0.31218719482421875
121   0.3060864210128784
122   0.2919263541698456
123   0.278380811214447
124   0.28067901730537415
125   0.298267126083374
126   0.31268152594566345
127   0.28274109959602356
128   0.277543842792511
129   0.28824231028556824
130   0.2824569344520569
131   0.3001950681209564
132   0.2990410327911377
133   0.30608510971069336
134   0.3188494145870209
135   0.30961090326309204
136   0.29787784814834595
137   0.2940574884414673
138   0.2914702594280243
139   0.29054808616638184
140   0.29034876823425293
141   0.29968497157096863
142   0.2864557206630707
143   0.2764837145805359
144   0.32042938470840454
145   0.3078458905220032
146   0.2886940836906433
147   0.3022225499153137
148   0.3003052771091461
149   0.3152928650379181
150   0.29882538318634033
151   0.2711522877216339
152   0.27688443660736084
153   0.28283756971359253
154   0.31700846552848816
155   0.2804795205593109
156   0.2839525043964386
157   0.3106363117694855
158   0.30475977063179016
159   0.3054354190826416
160   0.2960131764411926
161   0.29551753401756287
162   0.3059779107570648
163   0.30946847796440125
164   0.27633312344551086
165   0.2808254361152649
166   0.29907605051994324
167   0.30985763669013977
168   0.29700881242752075
169   0.29104697704315186
170   0.30205777287483215
171   0.31537553668022156
172   0.2928401827812195
173   0.32602033019065857
174   0.2967962324619293
175   0.2935817241668701
176   0.2919859290122986
177   0.31105944514274597
178   0.29982975125312805
179   0.28968584537506104
180   0.2988782525062561
181   0.2892115116119385
182   0.29696622490882874
183   0.29964736104011536
184   0.26731568574905396
185   0.3055315613746643
186   0.2993893325328827
187   0.2854520380496979
188   0.29955601692199707
189   0.29339107871055603
190   0.3039683401584625
191   0.27682727575302124
192   0.28866446018218994
193   0.3066241443157196
194   0.30929750204086304
195   0.29874253273010254
196   0.290381520986557
197   0.2960617244243622
198   0.31496378779411316
199   0.30099406838417053
200   0.32176896929740906
201   0.2871202230453491
202   0.2894574999809265
203   0.2822234332561493
204   0.31157395243644714
205   0.2782147526741028
206   0.2889848053455353
207   0.3050629496574402
208   0.3045108914375305
1   0.2723653316497803
2   0.2786484360694885
3   0.2875484526157379
4   0.32306990027427673
5   0.2848800718784332
6   0.2935027480125427
7   0.29214930534362793
8   0.28014394640922546
9   0.30350783467292786
10   0.29207316040992737
11   0.2894457280635834
12   0.31734034419059753
13   0.31274378299713135
14   0.30920350551605225
15   0.2909667193889618
16   0.30110427737236023
17   0.3191092908382416
18   0.29968711733818054
19   0.3293338119983673
20   0.3107855021953583
1   0.28380879759788513
2   0.29862356185913086
3   0.3143354654312134
4   0.2945862412452698
5   0.29525747895240784
6   0.27867233753204346
7   0.30344051122665405
8   0.2903710603713989
9   0.2859441936016083
10   0.3174377679824829
11   0.27334555983543396
12   0.28579071164131165
13   0.28555044531822205
14   0.30205604434013367
15   0.29225707054138184
16   0.2969728112220764
17   0.2773352265357971
18   0.28964343667030334
19   0.2839215397834778
20   0.30149176716804504
21   0.30298957228660583
22   0.3092522621154785
23   0.2714971899986267
24   0.2819240689277649
25   0.288739949464798
26   0.2962930202484131
27   0.30552685260772705
28   0.31641677021980286
29   0.27478155493736267
30   0.29377493262290955
31   0.3004196584224701
32   0.2849995493888855
33   0.2825329899787903
34   0.33187007904052734
35   0.29484301805496216
36   0.29491758346557617
37   0.31129178404808044
38   0.2913976013660431
39   0.2886335551738739
40   0.29074740409851074
41   0.2569648325443268
42   0.3112688660621643
43   0.3081423044204712
44   0.3057194948196411
45   0.2841196656227112
46   0.28079354763031006
47   0.2793926000595093
48   0.32020238041877747
49   0.29132726788520813
50   0.2857162654399872
51   0.3066963255405426
52   0.317094087600708
53   0.30700376629829407
54   0.32298555970191956
55   0.29558902978897095
56   0.3103821277618408
57   0.31463608145713806
58   0.2814488410949707
59   0.28887325525283813
60   0.29324424266815186
61   0.28090134263038635
62   0.2968922257423401
63   0.2975773513317108
64   0.3014099597930908
65   0.2752057909965515
66   0.28675639629364014
67   0.2905969023704529
68   0.26098665595054626
69   0.3154315948486328
70   0.279110848903656
71   0.3256044089794159
72   0.3010987639427185
73   0.2897929847240448
74   0.3102138936519623
75   0.29133179783821106
76   0.3023766279220581
77   0.319308876991272
78   0.3046567738056183
79   0.3056245744228363
80   0.30611684918403625
81   0.28798240423202515
82   0.27725085616111755
83   0.3004947602748871
84   0.2856605648994446
85   0.3139152526855469
86   0.3144005537033081
87   0.27791476249694824
88   0.26197370886802673
89   0.29745906591415405
90   0.29979774355888367
91   0.2785857915878296
92   0.308292955160141
93   0.29313501715660095
94   0.31211939454078674
95   0.3097931742668152
96   0.3011634051799774
97   0.267717182636261
98   0.3141342103481293
99   0.30728596448898315
100   0.30090487003326416
101   0.3016446828842163
102   0.29366549849510193
103   0.30651384592056274
104   0.30479463934898376
105   0.27285128831863403
106   0.2987149953842163
107   0.2918543815612793
108   0.3091185986995697
109   0.2802858054637909
110   0.3153190314769745
111   0.28740885853767395
112   0.29978612065315247
113   0.31833305954933167
114   0.29487550258636475
115   0.30498918890953064
116   0.2887932360172272
117   0.3036292791366577
118   0.30824553966522217
119   0.2933809161186218
120   0.3205890655517578
121   0.28853869438171387
122   0.28952524065971375
123   0.30402424931526184
124   0.27762073278427124
125   0.30067184567451477
126   0.29999059438705444
127   0.28179773688316345
128   0.2981880307197571
129   0.30810287594795227
130   0.3117336928844452
131   0.29626044631004333
132   0.3069020211696625
133   0.2926389276981354
134   0.29431861639022827
135   0.30472925305366516
136   0.28877171874046326
137   0.316156804561615
138   0.3031153678894043
139   0.2884570360183716
140   0.2963238060474396
141   0.30094262957572937
142   0.30618372559547424
143   0.26712459325790405
144   0.3088793456554413
145   0.30138349533081055
146   0.273576557636261
147   0.2818714380264282
148   0.2951975166797638
149   0.3186414837837219
150   0.2931003272533417
151   0.2974579334259033
152   0.28804269433021545
153   0.2993200719356537
154   0.2928878962993622
155   0.3036463260650635
156   0.293487548828125
157   0.2932667136192322
158   0.3042900264263153
159   0.30468612909317017
160   0.30251312255859375
1   0.3040028512477875
2   0.2956971228122711
3   0.30120790004730225
4   0.3118595480918884
5   0.3021774888038635
6   0.3115847706794739
7   0.29399800300598145
8   0.30645376443862915
9   0.30344656109809875
10   0.2819299101829529
11   0.31159836053848267
12   0.27454569935798645
13   0.3183883726596832
14   0.2906160354614258
15   0.30262550711631775
16   0.29444003105163574
17   0.2998817563056946
18   0.2879215180873871
19   0.29209327697753906
20   0.3028668165206909
21   0.30524030327796936
22   0.3063092827796936
23   0.287028431892395
24   0.28861185908317566
25   0.29974600672721863
26   0.3153558373451233
27   0.2890944480895996
28   0.30193960666656494
29   0.32096442580223083
30   0.30194106698036194
31   0.3051607310771942
32   0.3056888282299042
33   0.30161017179489136
34   0.30900973081588745
35   0.29059892892837524
36   0.29314514994621277
37   0.27411597967147827
38   0.29908934235572815
39   0.2933599650859833
40   0.3181930482387543
41   0.3051460087299347
42   0.2817205786705017
43   0.30147585272789
44   0.30907878279685974
45   0.28947940468788147
46   0.2899484634399414
47   0.30354228615760803
48   0.30446138978004456
49   0.2860507071018219
50   0.32108110189437866
51   0.2781996726989746
52   0.3117384910583496
53   0.30833879113197327
54   0.26713958382606506
55   0.2784821689128876
56   0.30294618010520935
57   0.3114251494407654
58   0.2810923457145691
59   0.2961222529411316
60   0.304758220911026
61   0.30546441674232483
62   0.28881198167800903
63   0.30080753564834595
64   0.27226701378822327
65   0.2799583673477173
66   0.2930131256580353
67   0.31906238198280334
68   0.29726171493530273
69   0.29431262612342834
70   0.3255913257598877
71   0.29704225063323975
72   0.31916865706443787
73   0.2824980914592743
74   0.3033832609653473
75   0.28442293405532837
76   0.3087071180343628
77   0.3084923326969147
78   0.3041080832481384
79   0.29276391863822937
80   0.28886622190475464
81   0.2964904010295868
82   0.2980940043926239
83   0.3112889528274536
84   0.2981654405593872
85   0.3040321469306946
86   0.3065698742866516
87   0.2979987859725952
88   0.3059294819831848
89   0.27617940306663513
90   0.290097713470459
91   0.2996252477169037
92   0.29507994651794434
93   0.28460386395454407
94   0.28542229533195496
95   0.3143931031227112
96   0.29400834441185
97   0.29794469475746155
98   0.3089560568332672
99   0.29823148250579834
100   0.28549250960350037
101   0.2753242254257202
102   0.2934454679489136
103   0.3061206638813019
104   0.30806636810302734
105   0.31638920307159424
106   0.29208776354789734
107   0.3186655640602112
108   0.29751792550086975
109   0.3194226026535034
110   0.3387337625026703
111   0.2795044183731079
112   0.3049902021884918
113   0.3035774827003479
114   0.29164353013038635
115   0.29386618733406067
116   0.2948998808860779
117   0.2985055446624756
118   0.29529836773872375
119   0.27796730399131775
120   0.3086909055709839
121   0.30965670943260193
122   0.3084355592727661
123   0.308625727891922
124   0.3038509786128998
125   0.28844448924064636
126   0.31195953488349915
127   0.26681429147720337
128   0.2885056734085083
129   0.30034303665161133
130   0.2813683748245239
131   0.2826387286186218
132   0.3042295277118683
133   0.3078365921974182
134   0.30860400199890137
135   0.30284762382507324
136   0.29137906432151794
137   0.28921589255332947
138   0.295197993516922
139   0.31461101770401
140   0.3023921847343445
141   0.29305100440979004
142   0.29185888171195984
143   0.29312029480934143
144   0.3082531988620758
145   0.31747129559516907
146   0.28601160645484924
147   0.3170906901359558
148   0.2943710386753082
149   0.28867700695991516
150   0.25500252842903137
151   0.3097091615200043
152   0.3175817131996155
153   0.2950687110424042
154   0.2940322160720825
155   0.29868605732917786
156   0.3363229036331177
157   0.29628825187683105
158   0.2973580062389374
159   0.26948297023773193
160   0.3053921163082123
161   0.2731993496417999
162   0.29500001668930054
163   0.2838098108768463
164   0.2888975739479065
