0   0.0
1   0.15289095044136047
2   0.28021591901779175
3   0.22471942007541656
4   0.19559405744075775
5   0.18695282936096191
6   0.1618186980485916
7   0.20901572704315186
8   0.14539140462875366
9   1.549176812171936
10   1.566955327987671
11   1.5125758647918701
12   0.8692718744277954
13   1.2391928434371948
14   1.0820178985595703
15   1.0661859512329102
16   1.404577612876892
17   1.3357197046279907
18   1.5585576295852661
19   1.435976266860962
20   1.3880671262741089
21   1.3881456851959229
22   1.42245352268219
23   1.8297022581100464
24   1.7433427572250366
25   1.6735126972198486
26   1.7313227653503418
27   1.1497586965560913
28   1.8518630266189575
29   2.0366711616516113
30   1.3981246948242188
31   1.5472986698150635
32   1.7386962175369263
33   1.355175495147705
34   1.309747338294983
35   1.53169584274292
36   1.6354113817214966
37   1.4578608274459839
38   1.8235313892364502
39   1.3706512451171875
40   1.3121248483657837
41   1.679295301437378
42   1.090946912765503
43   1.5475143194198608
44   1.2600257396697998
45   1.3929197788238525
46   1.6582300662994385
47   1.2464300394058228
48   1.5782042741775513
49   1.4231386184692383
50   1.2083629369735718
51   1.8749772310256958
52   1.7428480386734009
53   1.1720991134643555
54   1.8520135879516602
55   1.385195016860962
56   1.3613618612289429
57   1.5059491395950317
58   1.6136507987976074
59   1.633348822593689
60   1.3933095932006836
61   1.6181803941726685
62   1.3296486139297485
63   1.0044105052947998
64   1.2982875108718872
65   1.3198943138122559
66   1.9585775136947632
67   1.8526140451431274
68   1.7301781177520752
69   1.366902470588684
70   1.9868619441986084
71   1.2995096445083618
72   1.1988476514816284
73   1.6721068620681763
74   2.5066616535186768
75   1.4048618078231812
76   1.7741402387619019
77   1.5208988189697266
78   2.3591978549957275
79   1.75217604637146
80   1.6116020679473877
81   1.7092180252075195
82   1.7145260572433472
83   1.998270869255066
84   1.470693588256836
85   1.9625707864761353
86   1.8801132440567017
87   1.6386823654174805
88   1.612375020980835
89   1.1152147054672241
90   1.2089405059814453
91   2.098332643508911
92   1.3308931589126587
93   1.2696473598480225
94   1.7159701585769653
95   1.503530502319336
96   1.8421114683151245
97   1.403896689414978
98   1.8887085914611816
99   2.032179832458496
100   1.6055494546890259
101   1.3468483686447144
102   1.5162492990493774
103   1.3745157718658447
104   2.0794565677642822
105   1.4393824338912964
106   1.7007558345794678
107   1.2252668142318726
108   1.6239713430404663
109   1.3524377346038818
110   1.6817313432693481
111   1.1531368494033813
112   1.4712234735488892
113   1.9246330261230469
114   1.333727240562439
115   1.7924329042434692
116   1.4895058870315552
117   1.6220718622207642
118   1.4170145988464355
119   1.3921741247177124
120   1.819580316543579
121   2.030210018157959
122   1.398042917251587
123   1.4386451244354248
124   1.1943169832229614
125   0.957244336605072
126   1.6477372646331787
127   1.4247419834136963
128   1.4995540380477905
129   1.513283133506775
130   1.507392406463623
131   1.8831638097763062
132   1.32532799243927
133   1.064261794090271
134   1.6857879161834717
135   1.2346116304397583
136   1.353428602218628
137   2.017179489135742
138   1.0318032503128052
139   1.38398015499115
140   1.4654828310012817
141   1.5472633838653564
142   1.1891183853149414
143   1.203378677368164
144   1.181993007659912
145   1.2643133401870728
146   1.711816668510437
147   1.2872987985610962
148   1.4791700839996338
149   1.2050174474716187
150   1.6446146965026855
151   1.4142709970474243
152   1.8667924404144287
153   1.6912599802017212
154   1.4067295789718628
155   1.8250997066497803
156   2.0439844131469727
157   0.9772325158119202
158   1.232403039932251
159   1.1539427042007446
160   1.6751185655593872
161   1.3411242961883545
162   1.595947027206421
163   1.333044409751892
164   1.2439213991165161
165   1.4475746154785156
166   1.9795533418655396
167   1.940898060798645
168   1.534572958946228
169   1.294276475906372
170   1.2769101858139038
171   1.4450581073760986
172   1.9969894886016846
173   0.9354227185249329
174   2.089529037475586
175   1.3001062870025635
176   1.319589376449585
177   1.69175124168396
178   1.1863030195236206
179   1.4745733737945557
180   1.4846858978271484
181   1.945115566253662
182   1.6159180402755737
183   1.5657328367233276
184   1.474592685699463
185   1.2374632358551025
186   1.4098303318023682
187   1.6343512535095215
188   1.4952335357666016
189   1.5346912145614624
190   1.873195767402649
191   1.050831913948059
192   1.3702560663223267
193   1.109449863433838
194   1.5516976118087769
195   1.4168146848678589
196   1.4946953058242798
197   1.456885814666748
198   1.3618918657302856
199   1.5925590991973877
200   1.3035082817077637
201   1.197170376777649
202   1.2103726863861084
203   0.9560825824737549
204   1.0634008646011353
205   1.1745883226394653
206   1.0109177827835083
207   1.2959020137786865
208   1.1608490943908691
