0   0.0
1   1.6386680603027344
2   2.0145621299743652
3   1.8499833345413208
4   2.0756173133850098
5   1.8994977474212646
6   2.035792589187622
7   1.8665521144866943
8   1.8784563541412354
9   2.4974141120910645
10   2.614129066467285
11   3.144951820373535
12   3.541555404663086
13   3.3948357105255127
14   5.009364604949951
15   4.455543041229248
16   3.851959705352783
17   4.616921424865723
18   3.33148455619812
19   4.250251770019531
20   3.6310296058654785
21   4.915541648864746
22   2.9612371921539307
23   3.6154754161834717
24   3.7565765380859375
25   4.564052581787109
26   3.34623122215271
27   3.7527780532836914
28   3.672407627105713
29   3.748730421066284
30   4.447322368621826
31   3.2999699115753174
32   3.6892545223236084
33   4.048159122467041
34   3.1012203693389893
35   3.847025156021118
36   3.4201598167419434
37   4.676202774047852
38   3.7095580101013184
39   4.137847900390625
40   3.3186404705047607
41   3.712775707244873
42   4.4050445556640625
43   3.3732657432556152
44   3.777005195617676
45   3.4570558071136475
46   4.425815582275391
47   3.2969393730163574
48   4.611379623413086
49   2.6370885372161865
50   3.6677467823028564
51   4.696071624755859
52   3.622631311416626
53   4.745884895324707
54   3.548224925994873
55   3.6842668056488037
56   3.0197877883911133
57   3.4359073638916016
58   4.401880741119385
59   4.7535719871521
60   4.422789573669434
61   3.000244379043579
62   4.320453643798828
63   4.3473992347717285
64   4.673197269439697
65   4.621681213378906
66   4.467586517333984
67   3.857088565826416
68   2.913429021835327
69   4.238078594207764
70   4.145544052124023
71   5.541934967041016
72   5.050909042358398
73   3.617398738861084
74   5.097951889038086
75   3.9301774501800537
76   3.946331262588501
77   4.578641414642334
78   4.530559062957764
79   4.1692023277282715
80   4.956756591796875
81   4.388068675994873
82   4.349240779876709
83   4.009854316711426
84   4.416610240936279
85   4.513651371002197
86   4.206074237823486
87   4.05283784866333
88   4.497535228729248
89   4.111494064331055
90   4.427035331726074
91   4.87645149230957
92   4.095146179199219
93   3.752242088317871
94   4.843794822692871
95   4.972165107727051
96   4.969727516174316
97   4.2555742263793945
98   3.907647132873535
99   4.0848588943481445
100   4.688788414001465
101   4.93375825881958
102   4.672353267669678
103   3.380359411239624
104   4.145315647125244
105   2.7332067489624023
106   2.4743168354034424
107   3.878380060195923
108   3.9072940349578857
109   2.6369359493255615
110   4.097879886627197
111   4.3014140129089355
112   4.119827747344971
113   3.5165951251983643
114   3.967388391494751
115   4.547731876373291
116   4.700049877166748
117   4.892395496368408
118   4.503411293029785
119   5.248778820037842
120   6.047997951507568
121   4.607287883758545
122   4.895160675048828
123   4.476622581481934
124   4.703489780426025
125   3.5773892402648926
126   4.125348091125488
127   5.180746555328369
128   4.861515998840332
129   4.902209281921387
130   4.494516372680664
131   4.836423397064209
132   5.265652656555176
133   5.271929740905762
134   5.424193859100342
135   4.765673637390137
136   4.6992106437683105
137   5.128879070281982
138   5.443180084228516
139   4.773232936859131
140   4.41623592376709
141   4.70665979385376
142   5.36651086807251
143   4.6125874519348145
144   4.431809425354004
145   4.273629188537598
146   4.860649108886719
147   3.668194532394409
148   3.9141647815704346
149   4.566420078277588
150   3.785153388977051
151   4.34293270111084
152   4.431774616241455
153   4.51702356338501
154   5.066164970397949
155   4.295341491699219
156   4.248759746551514
157   4.370312690734863
158   4.486360549926758
159   4.913660526275635
160   5.09941291809082
161   4.882608413696289
162   6.243172645568848
163   6.000207424163818
164   4.475932598114014
165   4.081258296966553
166   5.799202919006348
167   5.268742084503174
168   5.468003273010254
169   6.383586883544922
170   6.474584102630615
171   5.650723934173584
172   5.530948638916016
173   5.196492671966553
174   6.201846122741699
175   4.689835548400879
176   4.283585071563721
177   4.463157653808594
178   4.984198093414307
179   3.506570339202881
180   4.489413261413574
181   3.686943531036377
182   4.690218925476074
183   4.007456302642822
184   5.147538661956787
185   4.676135063171387
186   4.23056697845459
187   4.677759170532227
188   4.176176071166992
189   3.2421491146087646
190   4.2573676109313965
191   4.547042369842529
192   4.450204849243164
193   4.081109046936035
194   4.016496658325195
195   4.374317169189453
196   4.659702777862549
197   5.62204647064209
198   5.275838851928711
199   4.656308174133301
200   5.317105770111084
201   5.362716197967529
202   4.676476955413818
203   3.9175164699554443
204   5.284496307373047
205   4.771028518676758
206   4.2863688468933105
207   4.146231174468994
208   4.016737937927246
209   4.67401647567749
210   4.715988636016846
211   4.1092143058776855
212   3.894793748855591
213   4.632230281829834
