0   0.0
1   0.1817304491996765
2   0.19051387906074524
3   0.17797867953777313
4   0.1869780570268631
5   0.17730668187141418
6   0.1866375058889389
7   0.16267257928848267
8   0.17396870255470276
9   0.30365660786628723
10   0.2970539629459381
11   0.28340137004852295
12   0.30086231231689453
13   0.29198795557022095
14   0.2758537232875824
15   0.2720353305339813
16   0.31951406598091125
17   0.29805317521095276
18   0.28528881072998047
19   0.2856772243976593
20   0.28784412145614624
21   0.29115697741508484
22   0.29459983110427856
23   0.30390825867652893
24   0.28448233008384705
25   0.2988220155239105
26   0.2914947271347046
27   0.32135796546936035
28   0.30613330006599426
29   0.2984255254268646
30   0.30446887016296387
31   0.3001443147659302
32   0.2871817946434021
33   0.29567185044288635
34   0.30580615997314453
35   0.27972474694252014
36   0.28307023644447327
37   0.3123842179775238
38   0.28895047307014465
39   0.31813353300094604
40   0.2928615212440491
41   0.3007686734199524
42   0.31147500872612
43   0.3141046166419983
44   0.3064870834350586
45   0.3180581331253052
46   0.29190880060195923
47   0.26431167125701904
48   0.3005698025226593
49   0.2936072051525116
50   0.30581367015838623
51   0.2818909287452698
52   0.2855486571788788
53   0.30430909991264343
54   0.2905268371105194
55   0.28593751788139343
56   0.2988767921924591
57   0.30911606550216675
58   0.29676002264022827
59   0.28669628500938416
60   0.2896142303943634
61   0.28920626640319824
62   0.28431347012519836
63   0.3136196434497833
64   0.3054681718349457
65   0.3017204999923706
66   0.29663175344467163
67   0.29917725920677185
68   0.3202352225780487
69   0.30388501286506653
70   0.2842460870742798
71   0.31472963094711304
72   0.3279745578765869
73   0.30450621247291565
74   0.28351983428001404
75   0.32598426938056946
76   0.3070563077926636
77   0.2700934410095215
78   0.2736647427082062
79   0.27258795499801636
80   0.32438990473747253
81   0.30542096495628357
82   0.29658472537994385
83   0.2942802608013153
84   0.2995993494987488
85   0.3134986162185669
86   0.3143857717514038
87   0.3108418583869934
88   0.276871919631958
89   0.30552080273628235
90   0.29869046807289124
91   0.30174311995506287
92   0.29624131321907043
93   0.31428757309913635
94   0.28458353877067566
95   0.3363586962223053
96   0.317393034696579
97   0.3173270523548126
98   0.3178187608718872
99   0.3007775843143463
100   0.29339081048965454
101   0.3128947615623474
102   0.311737060546875
103   0.30257448554039
104   0.2952621877193451
105   0.28438347578048706
106   0.2956501543521881
107   0.3010796308517456
108   0.28903844952583313
109   0.2896730303764343
110   0.29950422048568726
111   0.30714285373687744
112   0.3157355487346649
113   0.31771427392959595
114   0.3059406876564026
115   0.30923202633857727
116   0.31106698513031006
117   0.29719576239585876
118   0.31757768988609314
119   0.28967049717903137
120   0.31218719482421875
121   0.3060864210128784
122   0.2919263541698456
123   0.278380811214447
124   0.28067901730537415
125   0.298267126083374
126   0.31268152594566345
127   0.28274109959602356
128   0.277543842792511
129   0.28824231028556824
130   0.2824569344520569
131   0.3001950681209564
132   0.2990410327911377
133   0.30608510971069336
134   0.3188494145870209
135   0.30961090326309204
136   0.29787784814834595
137   0.2940574884414673
138   0.2914702594280243
139   0.29054808616638184
140   0.29034876823425293
141   0.29968497157096863
142   0.2864557206630707
143   0.2764837145805359
144   0.32042938470840454
145   0.3078458905220032
146   0.2886940836906433
147   0.3022225499153137
148   0.3003052771091461
149   0.3152928650379181
150   0.29882538318634033
151   0.2711522877216339
152   0.27688443660736084
153   0.28283756971359253
154   0.31700846552848816
155   0.2804795205593109
156   0.2839525043964386
157   0.3106363117694855
158   0.30475977063179016
159   0.3054354190826416
160   0.2960131764411926
161   0.29551753401756287
162   0.3059779107570648
163   0.30946847796440125
164   0.27633312344551086
165   0.2808254361152649
166   0.29907605051994324
167   0.30985763669013977
168   0.29700881242752075
169   0.29104697704315186
170   0.30205777287483215
171   0.31537553668022156
172   0.2928401827812195
173   0.32602033019065857
174   0.2967962324619293
175   0.2935817241668701
176   0.2919859290122986
177   0.31105944514274597
178   0.29982975125312805
179   0.28968584537506104
180   0.2988782525062561
181   0.2892115116119385
182   0.29696622490882874
183   0.29964736104011536
184   0.26731568574905396
185   0.3055315613746643
186   0.2993893325328827
187   0.2854520380496979
188   0.29955601692199707
189   0.29339107871055603
190   0.3039683401584625
191   0.27682727575302124
192   0.28866446018218994
193   0.3066241443157196
194   0.30929750204086304
195   0.29874253273010254
196   0.290381520986557
197   0.2960617244243622
198   0.31496378779411316
199   0.30099406838417053
200   0.32176896929740906
201   0.2871202230453491
202   0.2894574999809265
203   0.2822234332561493
204   0.31157395243644714
205   0.2782147526741028
206   0.2889848053455353
207   0.3050629496574402
208   0.3045108914375305
