0   0.0
1   0.19937200844287872
2   0.20460261404514313
3   0.1996982991695404
4   0.20143011212348938
5   0.20015501976013184
6   0.1943957507610321
7   0.19112804532051086
8   0.20194154977798462
9   0.5612359642982483
10   0.607572078704834
11   0.6169741749763489
12   0.778917133808136
13   0.5965495109558105
14   0.7319669127464294
15   0.5919178128242493
16   0.619343101978302
17   0.594620406627655
18   0.667452335357666
19   0.5676614046096802
20   0.5818412899971008
21   0.5418860912322998
22   0.5702817440032959
23   0.6049825549125671
24   0.5571497082710266
25   0.6615365743637085
26   0.5978429913520813
27   0.5961911082267761
28   0.6338688135147095
29   0.6691813468933105
30   0.5672867894172668
31   0.6022945642471313
32   0.5794016718864441
33   0.5882216095924377
34   0.5928549766540527
35   0.5992217659950256
36   0.7751495838165283
37   0.5853614211082458
38   0.6115246415138245
39   0.7080563306808472
40   0.6989894509315491
41   0.7249492406845093
42   0.6297488808631897
43   0.5622425079345703
44   0.5694468021392822
45   0.6251479983329773
46   0.8147697448730469
47   0.5857426524162292
48   0.5668862462043762
49   0.754946768283844
50   0.5785162448883057
51   0.6252877116203308
52   0.6548842191696167
53   0.5719130039215088
54   0.6285930871963501
55   0.5459256768226624
56   0.6215015053749084
57   0.7429021596908569
58   0.6251952648162842
59   0.5775275230407715
60   0.6433570981025696
61   0.606399655342102
62   0.7226349711418152
63   0.6019117832183838
64   0.6581396460533142
65   0.715595006942749
66   0.6282356381416321
67   0.6181420683860779
68   0.5776241421699524
69   0.5902047753334045
70   0.5790740847587585
71   0.682356595993042
72   0.7234286665916443
73   0.680273175239563
74   0.6217250823974609
75   0.5755828619003296
76   0.6004225611686707
77   0.5601445436477661
78   0.6846711039543152
79   0.6596521139144897
80   0.6241199970245361
81   0.5741555094718933
82   0.5933759212493896
83   0.7821473479270935
84   0.8003780841827393
85   0.6077874302864075
86   0.6030062437057495
87   0.574752926826477
88   0.6755629777908325
89   0.6318577527999878
90   0.6767194867134094
91   0.6689228415489197
92   0.6256858706474304
93   0.5897977948188782
94   0.6286174654960632
95   0.610849142074585
96   0.7265664935112
97   0.6457898020744324
98   0.6315852403640747
99   0.613350510597229
100   0.61913001537323
101   0.6330840587615967
102   0.6223587393760681
103   0.5764355659484863
104   0.5468477010726929
105   0.5679060816764832
106   0.6415311098098755
107   0.6282006502151489
108   0.5886236429214478
109   0.6170415878295898
110   0.5988287329673767
111   0.5712836980819702
112   0.6433764696121216
113   0.8248572945594788
114   0.7629498839378357
115   0.7657548785209656
116   0.767500102519989
117   0.7658904790878296
118   0.7480272054672241
119   0.6222719550132751
120   0.6933430433273315
121   0.6446300148963928
122   0.6438081860542297
123   0.6051574349403381
124   0.5953309535980225
125   0.61589515209198
126   0.6700818538665771
127   0.8033462166786194
128   0.7324116230010986
129   0.6562954187393188
130   0.6661286354064941
131   0.6689072847366333
132   0.6876752972602844
133   0.6550894379615784
134   0.6545472145080566
135   0.7081108689308167
136   0.6910691857337952
137   0.7523093819618225
138   0.5942186713218689
139   0.6424413323402405
140   0.6623287796974182
141   0.5845329165458679
142   0.6442978978157043
143   0.6031466126441956
144   0.6923563480377197
145   0.643692135810852
146   0.6942664384841919
147   0.6507933735847473
148   0.6693782806396484
149   0.6825777888298035
150   0.8179177045822144
151   0.6691470146179199
152   0.6582936644554138
153   0.7824364900588989
154   0.6732299327850342
155   0.6553998589515686
156   0.7141499519348145
157   0.6974007487297058
158   0.7506278157234192
159   0.713826596736908
160   0.6118744015693665
161   0.6168675422668457
162   0.7063408493995667
163   0.7390653491020203
164   0.686050295829773
165   0.5927609205245972
166   0.7819297909736633
167   0.7910171747207642
168   0.6413822770118713
169   0.7080514430999756
170   0.7722316384315491
171   0.6431516408920288
172   0.7549282312393188
173   0.7454666495323181
174   0.7874916195869446
175   0.6802605986595154
176   0.776471734046936
177   0.7574219107627869
178   0.6623992323875427
179   0.7004346251487732
180   0.6231675744056702
181   0.6146050095558167
182   0.5740872025489807
183   0.6489879488945007
184   0.743702232837677
185   0.686173677444458
186   0.6106930375099182
187   0.5705196261405945
188   0.599054753780365
189   0.5782300233840942
190   0.6098772287368774
191   0.5212413668632507
192   0.7063590884208679
193   0.6060343384742737
194   0.5246047973632813
195   0.6998874545097351
196   0.5501242876052856
197   0.6805628538131714
198   0.6161292791366577
199   0.576713502407074
200   0.6041203141212463
201   0.5817945599555969
202   0.7624111771583557
203   0.6312196254730225
204   0.7707487940788269
205   0.7955146431922913
206   0.6883749961853027
207   0.5796871185302734
208   0.567120373249054
