1   1.4821009635925293
2   1.638700008392334
3   1.6373034715652466
4   1.6636340618133545
5   1.6694810390472412
6   1.609129548072815
7   1.487517237663269
8   1.4658591747283936
9   1.4745763540267944
10   1.6857640743255615
11   1.534271240234375
12   1.7027479410171509
13   1.7122389078140259
14   1.557202696800232
15   1.6387145519256592
16   1.5170685052871704
17   1.7498996257781982
18   1.5586854219436646
19   1.6535178422927856
20   1.6122446060180664
21   1.6127357482910156
22   1.3751718997955322
23   1.4699558019638062
24   1.615354061126709
25   1.6740514039993286
26   1.690565824508667
27   1.3826003074645996
28   1.5741138458251953
29   1.4817028045654297
30   1.5673556327819824
31   1.7913206815719604
32   1.6292059421539307
33   1.4928643703460693
34   1.5806465148925781
35   1.5023070573806763
36   1.6192594766616821
37   1.4947192668914795
38   1.7525310516357422
39   1.6228500604629517
40   1.7479908466339111
41   1.5328569412231445
42   1.7388896942138672
43   1.7112277746200562
44   1.5304076671600342
45   1.525044322013855
46   1.653533697128296
47   1.6502807140350342
48   1.6261290311813354
49   1.5096405744552612
50   1.5875256061553955
51   1.5546655654907227
52   1.6619503498077393
53   1.466775894165039
54   1.8238011598587036
55   1.6470232009887695
56   1.7993026971817017
57   1.2688970565795898
58   1.7027692794799805
59   1.8597995042800903
60   1.6664232015609741
61   1.3784102201461792
62   1.620223879814148
63   1.465401530265808
64   1.5058962106704712
65   1.350197434425354
66   1.8360580205917358
67   1.7222774028778076
68   1.742398738861084
69   1.72437584400177
70   1.4696029424667358
71   1.5170249938964844
72   1.56473708152771
73   1.8982125520706177
74   1.4833016395568848
75   1.8972004652023315
76   1.507779598236084
77   1.6502985954284668
78   1.783388614654541
79   1.4973523616790771
80   1.4408223628997803
81   1.5882941484451294
82   1.8174148797988892
83   1.684568166732788
84   1.7066692113876343
85   1.7514523267745972
86   1.6191890239715576
87   1.6389330625534058
88   1.6582679748535156
89   1.4889476299285889
90   1.5898606777191162
91   1.6964423656463623
92   1.6053894758224487
93   1.3576910495758057
94   1.9582903385162354
95   1.5836833715438843
96   1.623665452003479
97   1.3140525817871094
98   1.4719741344451904
99   1.6518603563308716
100   1.8459287881851196
101   1.588559865951538
102   1.4263924360275269
103   1.4242991209030151
104   1.5648947954177856
105   1.6893198490142822
106   1.6669337749481201
107   1.8696198463439941
108   1.953171968460083
109   1.6389211416244507
110   1.721209168434143
111   1.6074217557907104
112   1.6185506582260132
113   1.67775297164917
114   1.7086591720581055
115   1.6234937906265259
116   1.6044272184371948
117   1.6941734552383423
118   1.7693992853164673
119   1.8105061054229736
120   1.6258875131607056
121   1.6288225650787354
122   1.898871898651123
123   1.5822117328643799
124   1.6005868911743164
125   1.461073875427246
126   1.355406641960144
127   1.6817067861557007
128   1.6567926406860352
129   1.4245306253433228
130   1.5727227926254272
131   1.5109835863113403
132   1.6114808320999146
133   1.5311055183410645
134   1.5216408967971802
135   1.4864678382873535
136   1.3955367803573608
137   1.4809738397598267
138   1.4361990690231323
139   1.7824580669403076
140   1.7932276725769043
141   1.656425952911377
142   1.54389488697052
143   1.6115676164627075
144   1.6717395782470703
145   1.7472155094146729
146   1.4966374635696411
147   1.5506786108016968
148   1.4457286596298218
149   1.6287184953689575
150   1.43053138256073
151   1.4684797525405884
152   1.6979498863220215
153   1.7408452033996582
154   1.3566715717315674
155   1.4527524709701538
156   1.6091840267181396
157   1.4739911556243896
158   1.7020046710968018
159   1.5332086086273193
160   1.579297423362732
