1   0.28380879759788513
2   0.29862356185913086
3   0.3143354654312134
4   0.2945862412452698
5   0.29525747895240784
6   0.27867233753204346
7   0.30344051122665405
8   0.2903710603713989
9   0.2859441936016083
10   0.3174377679824829
11   0.27334555983543396
12   0.28579071164131165
13   0.28555044531822205
14   0.30205604434013367
15   0.29225707054138184
16   0.2969728112220764
17   0.2773352265357971
18   0.28964343667030334
19   0.2839215397834778
20   0.30149176716804504
21   0.30298957228660583
22   0.3092522621154785
23   0.2714971899986267
24   0.2819240689277649
25   0.288739949464798
26   0.2962930202484131
27   0.30552685260772705
28   0.31641677021980286
29   0.27478155493736267
30   0.29377493262290955
31   0.3004196584224701
32   0.2849995493888855
33   0.2825329899787903
34   0.33187007904052734
35   0.29484301805496216
36   0.29491758346557617
37   0.31129178404808044
38   0.2913976013660431
39   0.2886335551738739
40   0.29074740409851074
41   0.2569648325443268
42   0.3112688660621643
43   0.3081423044204712
44   0.3057194948196411
45   0.2841196656227112
46   0.28079354763031006
47   0.2793926000595093
48   0.32020238041877747
49   0.29132726788520813
50   0.2857162654399872
51   0.3066963255405426
52   0.317094087600708
53   0.30700376629829407
54   0.32298555970191956
55   0.29558902978897095
56   0.3103821277618408
57   0.31463608145713806
58   0.2814488410949707
59   0.28887325525283813
60   0.29324424266815186
61   0.28090134263038635
62   0.2968922257423401
63   0.2975773513317108
64   0.3014099597930908
65   0.2752057909965515
66   0.28675639629364014
67   0.2905969023704529
68   0.26098665595054626
69   0.3154315948486328
70   0.279110848903656
71   0.3256044089794159
72   0.3010987639427185
73   0.2897929847240448
74   0.3102138936519623
75   0.29133179783821106
76   0.3023766279220581
77   0.319308876991272
78   0.3046567738056183
79   0.3056245744228363
80   0.30611684918403625
81   0.28798240423202515
82   0.27725085616111755
83   0.3004947602748871
84   0.2856605648994446
85   0.3139152526855469
86   0.3144005537033081
87   0.27791476249694824
88   0.26197370886802673
89   0.29745906591415405
90   0.29979774355888367
91   0.2785857915878296
92   0.308292955160141
93   0.29313501715660095
94   0.31211939454078674
95   0.3097931742668152
96   0.3011634051799774
97   0.267717182636261
98   0.3141342103481293
99   0.30728596448898315
100   0.30090487003326416
101   0.3016446828842163
102   0.29366549849510193
103   0.30651384592056274
104   0.30479463934898376
105   0.27285128831863403
106   0.2987149953842163
107   0.2918543815612793
108   0.3091185986995697
109   0.2802858054637909
110   0.3153190314769745
111   0.28740885853767395
112   0.29978612065315247
113   0.31833305954933167
114   0.29487550258636475
115   0.30498918890953064
116   0.2887932360172272
117   0.3036292791366577
118   0.30824553966522217
119   0.2933809161186218
120   0.3205890655517578
121   0.28853869438171387
122   0.28952524065971375
123   0.30402424931526184
124   0.27762073278427124
125   0.30067184567451477
126   0.29999059438705444
127   0.28179773688316345
128   0.2981880307197571
129   0.30810287594795227
130   0.3117336928844452
131   0.29626044631004333
132   0.3069020211696625
133   0.2926389276981354
134   0.29431861639022827
135   0.30472925305366516
136   0.28877171874046326
137   0.316156804561615
138   0.3031153678894043
139   0.2884570360183716
140   0.2963238060474396
141   0.30094262957572937
142   0.30618372559547424
143   0.26712459325790405
144   0.3088793456554413
145   0.30138349533081055
146   0.273576557636261
147   0.2818714380264282
148   0.2951975166797638
149   0.3186414837837219
150   0.2931003272533417
151   0.2974579334259033
152   0.28804269433021545
153   0.2993200719356537
154   0.2928878962993622
155   0.3036463260650635
156   0.293487548828125
157   0.2932667136192322
158   0.3042900264263153
159   0.30468612909317017
160   0.30251312255859375
