1   1.5075886249542236
2   1.6331709623336792
3   1.6780173778533936
4   1.580248236656189
5   1.5632957220077515
6   1.5887795686721802
7   1.7791204452514648
8   1.470382809638977
9   1.571328043937683
10   1.5402333736419678
11   1.5039595365524292
12   1.4611341953277588
13   1.624828815460205
14   1.6253588199615479
15   1.4935252666473389
16   1.588059425354004
17   1.3246811628341675
18   1.4430071115493774
19   1.457455039024353
20   1.5729907751083374
21   1.8260289430618286
22   1.394553780555725
23   1.5324699878692627
24   1.6879366636276245
25   1.7763862609863281
26   1.569989562034607
27   1.3862944841384888
28   1.5422066450119019
29   1.4771827459335327
30   1.4707403182983398
31   1.4426343441009521
32   1.6495466232299805
33   1.5047285556793213
34   2.0215365886688232
35   1.5737793445587158
36   1.715550184249878
37   1.4296214580535889
38   1.3742170333862305
39   1.8490251302719116
40   1.5409854650497437
41   1.7282730340957642
42   1.419150710105896
43   1.3641085624694824
44   1.5624077320098877
45   2.211193799972534
46   1.47744619846344
47   1.5266059637069702
48   1.609773874282837
49   1.4499421119689941
50   1.7747468948364258
51   1.331343173980713
52   1.422377586364746
53   1.3190529346466064
54   2.0812816619873047
55   1.683074712753296
56   1.5894831418991089
57   1.5957376956939697
58   1.0699214935302734
59   1.2976508140563965
60   1.2831507921218872
61   1.4706755876541138
62   1.1009982824325562
63   1.5763994455337524
64   1.5062216520309448
65   1.4615291357040405
66   1.2670315504074097
67   1.4835034608840942
68   1.1576746702194214
69   1.791179895401001
70   1.5967572927474976
71   1.6608562469482422
72   1.7065740823745728
73   1.912916898727417
74   1.5271804332733154
75   1.1698707342147827
76   1.7819219827651978
77   1.20885169506073
78   1.2733938694000244
79   1.471248745918274
80   1.607776165008545
81   1.1943591833114624
82   1.645396113395691
83   1.5369796752929688
84   1.6592739820480347
85   1.4078456163406372
86   1.4410456418991089
87   0.7831467986106873
88   1.5929630994796753
89   1.6420385837554932
90   1.342708945274353
91   1.2251641750335693
92   1.5280145406723022
93   1.3808616399765015
94   1.8504709005355835
95   1.6984704732894897
96   2.133739948272705
97   0.7605484127998352
98   1.5539799928665161
99   1.9378374814987183
100   1.2470887899398804
101   1.6107501983642578
102   1.864657998085022
103   1.2778629064559937
104   1.5079257488250732
105   1.8674933910369873
106   1.273823618888855
107   1.2744932174682617
108   1.2325853109359741
109   2.0363032817840576
110   1.5147075653076172
111   1.4226551055908203
112   1.4988715648651123
113   1.9637269973754883
114   1.467059850692749
115   1.471536636352539
116   1.4078692197799683
117   1.3155094385147095
118   1.626173496246338
119   1.314096212387085
120   1.3053226470947266
121   1.4230380058288574
122   1.6700022220611572
123   1.3783259391784668
124   1.718494176864624
125   1.7789578437805176
126   1.6778976917266846
127   1.3817743062973022
128   1.267133116722107
129   1.2158063650131226
130   1.5396109819412231
131   0.933445155620575
132   1.3640719652175903
133   1.6735678911209106
134   1.3483266830444336
135   1.415106177330017
136   1.5241519212722778
137   1.4709497690200806
138   1.5491304397583008
139   1.5274993181228638
140   1.6710152626037598
141   1.847682237625122
142   1.4723094701766968
143   1.5334606170654297
144   1.3944364786148071
145   1.668282151222229
146   1.7785066366195679
147   1.5332964658737183
148   1.5185577869415283
149   1.8487842082977295
150   1.6133077144622803
151   1.648178219795227
152   1.5176637172698975
153   1.6375985145568848
154   1.3606232404708862
155   1.360787272453308
156   1.4801779985427856
157   1.6671618223190308
158   1.527833104133606
159   1.557289481163025
160   1.593748688697815
161   1.7115037441253662
162   1.6450294256210327
163   1.7260677814483643
164   1.688284993171692
