1   0.7064260840415955
2   0.6716306209564209
3   0.6196609139442444
4   0.7991193532943726
5   0.7343571186065674
6   0.8084505796432495
7   0.6421229839324951
8   0.7534415125846863
9   0.7117745876312256
10   0.620922863483429
11   0.6080543398857117
12   0.6067100763320923
13   0.5902054905891418
14   0.5847461819648743
15   0.5948992371559143
16   0.6861152648925781
17   0.6001592874526978
18   0.5668107271194458
19   0.5625273585319519
20   0.6180349588394165
21   0.6556186079978943
22   0.583768367767334
23   0.5816358923912048
24   0.6507596373558044
25   0.6158543229103088
26   0.6501832008361816
27   0.5426296591758728
28   0.6009599566459656
29   0.6802266836166382
30   0.6009772419929504
31   0.6136434674263
32   0.6803733706474304
33   0.6043606996536255
34   0.634833574295044
35   0.7090463042259216
36   0.5998571515083313
37   0.6066805720329285
38   0.6010160446166992
39   0.6307641267776489
40   0.5939012765884399
41   0.7258099317550659
42   0.5277162790298462
43   0.600669801235199
44   0.6409124732017517
45   0.6300541758537292
46   0.5799686312675476
47   0.604583203792572
48   0.5954068303108215
49   0.6365439891815186
50   0.7353855967521667
51   0.6719276309013367
52   0.5863348841667175
53   0.5705307722091675
54   0.5803044438362122
55   0.5712318420410156
56   0.6234625577926636
57   0.6144800782203674
58   0.5783448815345764
59   0.6455383896827698
60   0.6929775476455688
61   0.6562119722366333
62   0.6370872855186462
63   0.6724308729171753
64   0.6073061227798462
65   0.5929656624794006
66   0.5945824980735779
67   0.564244270324707
68   0.7697393894195557
69   0.5399380922317505
70   0.5553197264671326
71   0.5927782654762268
72   0.6984136700630188
73   0.640296220779419
74   0.571887195110321
75   0.5954122543334961
76   0.6226196885108948
77   0.5621894598007202
78   0.5938224792480469
79   0.5770617127418518
80   0.625478982925415
81   0.5783910155296326
82   0.6508333683013916
83   0.6711353659629822
84   0.5923686027526855
85   0.5951046943664551
86   0.6397833824157715
87   0.6556049585342407
88   0.6321990489959717
89   0.546282947063446
90   0.5605284571647644
91   0.5756441950798035
92   0.7279080152511597
93   0.6489648818969727
94   0.6519291996955872
95   0.5942589640617371
96   0.6117724776268005
97   0.5394989848136902
98   0.5818597078323364
99   0.6083797812461853
100   0.6416756510734558
101   0.592290461063385
102   0.5896245837211609
103   0.5891362428665161
104   0.6135458946228027
105   0.6929762959480286
106   0.6293184757232666
107   0.6131778359413147
108   0.649334728717804
109   0.6524772644042969
110   0.7049705982208252
111   0.5605698227882385
112   0.6556075811386108
113   0.6446810960769653
114   0.6559146642684937
115   0.6773403882980347
116   0.7411187291145325
117   0.596807062625885
118   0.6118143200874329
119   0.5952500700950623
120   0.6078957319259644
121   0.6585185527801514
122   0.5906946659088135
123   0.683742344379425
124   0.6174885034561157
125   0.6194005608558655
126   0.6249048113822937
127   0.6549190878868103
128   0.5943300127983093
129   0.6110898852348328
130   0.6500046849250793
131   0.5896642208099365
132   0.597603440284729
133   0.6070525050163269
134   0.6089121699333191
135   0.6205983757972717
136   0.6183637380599976
137   0.5409279465675354
138   0.6273136138916016
139   0.6409726142883301
140   0.6476044058799744
141   0.6256806254386902
142   0.6815193295478821
143   0.6086525917053223
144   0.5840731859207153
145   0.6757217049598694
146   0.6589656472206116
147   0.5800000429153442
148   0.6260195970535278
149   0.610558032989502
150   0.6635187268257141
151   0.6305318474769592
152   0.6146008372306824
153   0.6668919920921326
154   0.5574219226837158
155   0.6727770566940308
156   0.677233874797821
157   0.5922967791557312
158   0.6131837368011475
159   0.6110578179359436
160   0.5705156326293945
161   0.6481688022613525
162   0.6300634145736694
163   0.5736120939254761
164   0.5616930723190308
