1   0.3040028512477875
2   0.2956971228122711
3   0.30120790004730225
4   0.3118595480918884
5   0.3021774888038635
6   0.3115847706794739
7   0.29399800300598145
8   0.30645376443862915
9   0.30344656109809875
10   0.2819299101829529
11   0.31159836053848267
12   0.27454569935798645
13   0.3183883726596832
14   0.2906160354614258
15   0.30262550711631775
16   0.29444003105163574
17   0.2998817563056946
18   0.2879215180873871
19   0.29209327697753906
20   0.3028668165206909
21   0.30524030327796936
22   0.3063092827796936
23   0.287028431892395
24   0.28861185908317566
25   0.29974600672721863
26   0.3153558373451233
27   0.2890944480895996
28   0.30193960666656494
29   0.32096442580223083
30   0.30194106698036194
31   0.3051607310771942
32   0.3056888282299042
33   0.30161017179489136
34   0.30900973081588745
35   0.29059892892837524
36   0.29314514994621277
37   0.27411597967147827
38   0.29908934235572815
39   0.2933599650859833
40   0.3181930482387543
41   0.3051460087299347
42   0.2817205786705017
43   0.30147585272789
44   0.30907878279685974
45   0.28947940468788147
46   0.2899484634399414
47   0.30354228615760803
48   0.30446138978004456
49   0.2860507071018219
50   0.32108110189437866
51   0.2781996726989746
52   0.3117384910583496
53   0.30833879113197327
54   0.26713958382606506
55   0.2784821689128876
56   0.30294618010520935
57   0.3114251494407654
58   0.2810923457145691
59   0.2961222529411316
60   0.304758220911026
61   0.30546441674232483
62   0.28881198167800903
63   0.30080753564834595
64   0.27226701378822327
65   0.2799583673477173
66   0.2930131256580353
67   0.31906238198280334
68   0.29726171493530273
69   0.29431262612342834
70   0.3255913257598877
71   0.29704225063323975
72   0.31916865706443787
73   0.2824980914592743
74   0.3033832609653473
75   0.28442293405532837
76   0.3087071180343628
77   0.3084923326969147
78   0.3041080832481384
79   0.29276391863822937
80   0.28886622190475464
81   0.2964904010295868
82   0.2980940043926239
83   0.3112889528274536
84   0.2981654405593872
85   0.3040321469306946
86   0.3065698742866516
87   0.2979987859725952
88   0.3059294819831848
89   0.27617940306663513
90   0.290097713470459
91   0.2996252477169037
92   0.29507994651794434
93   0.28460386395454407
94   0.28542229533195496
95   0.3143931031227112
96   0.29400834441185
97   0.29794469475746155
98   0.3089560568332672
99   0.29823148250579834
100   0.28549250960350037
101   0.2753242254257202
102   0.2934454679489136
103   0.3061206638813019
104   0.30806636810302734
105   0.31638920307159424
106   0.29208776354789734
107   0.3186655640602112
108   0.29751792550086975
109   0.3194226026535034
110   0.3387337625026703
111   0.2795044183731079
112   0.3049902021884918
113   0.3035774827003479
114   0.29164353013038635
115   0.29386618733406067
116   0.2948998808860779
117   0.2985055446624756
118   0.29529836773872375
119   0.27796730399131775
120   0.3086909055709839
121   0.30965670943260193
122   0.3084355592727661
123   0.308625727891922
124   0.3038509786128998
125   0.28844448924064636
126   0.31195953488349915
127   0.26681429147720337
128   0.2885056734085083
129   0.30034303665161133
130   0.2813683748245239
131   0.2826387286186218
132   0.3042295277118683
133   0.3078365921974182
134   0.30860400199890137
135   0.30284762382507324
136   0.29137906432151794
137   0.28921589255332947
138   0.295197993516922
139   0.31461101770401
140   0.3023921847343445
141   0.29305100440979004
142   0.29185888171195984
143   0.29312029480934143
144   0.3082531988620758
145   0.31747129559516907
146   0.28601160645484924
147   0.3170906901359558
148   0.2943710386753082
149   0.28867700695991516
150   0.25500252842903137
151   0.3097091615200043
152   0.3175817131996155
153   0.2950687110424042
154   0.2940322160720825
155   0.29868605732917786
156   0.3363229036331177
157   0.29628825187683105
158   0.2973580062389374
159   0.26948297023773193
160   0.3053921163082123
161   0.2731993496417999
162   0.29500001668930054
163   0.2838098108768463
164   0.2888975739479065
