0   0.0
1   0.20424628257751465
2   0.22156687080860138
3   0.22416016459465027
4   0.20510879158973694
5   0.1988256573677063
6   0.2345675677061081
7   0.1870492547750473
8   0.27895283699035645
9   0.2541472315788269
10   0.523334264755249
11   0.3513282835483551
12   1.044219970703125
13   0.8487640023231506
14   1.486191987991333
15   1.4113678932189941
16   1.6281163692474365
17   1.896498680114746
18   1.3972116708755493
19   1.163444995880127
20   1.4993692636489868
21   1.1115244626998901
22   2.57796311378479
23   1.9130123853683472
24   2.6062848567962646
25   2.1507210731506348
26   2.0916805267333984
27   2.932401418685913
28   2.9181909561157227
29   2.419006109237671
30   2.102112293243408
31   2.0951409339904785
32   2.9096791744232178
33   2.0239806175231934
34   2.0422797203063965
35   1.1363528966903687
36   1.0707204341888428
37   1.5073646306991577
38   1.7143691778182983
39   0.7599331140518188
40   1.4498497247695923
41   1.158935308456421
42   0.970294713973999
43   0.8174625635147095
44   1.070690393447876
45   1.2568683624267578
46   1.0145657062530518
47   1.1843734979629517
48   1.536891222000122
49   1.434577226638794
50   0.8951046466827393
51   1.5625615119934082
52   1.3076332807540894
53   1.1598187685012817
54   1.0581363439559937
55   1.4265244007110596
56   0.7327317595481873
57   1.303235411643982
58   1.2471188306808472
59   1.5140726566314697
60   2.0996670722961426
61   2.2537968158721924
62   2.3662848472595215
63   1.5586051940917969
64   1.302866816520691
65   1.3097623586654663
66   1.504085659980774
67   1.982707142829895
68   1.9053893089294434
69   2.34411358833313
70   2.1068625450134277
71   2.5376999378204346
72   2.194821357727051
73   1.537805438041687
74   2.2175960540771484
75   1.962383508682251
76   1.3029839992523193
77   2.0250985622406006
78   1.5683948993682861
79   1.3024595975875854
80   2.4154739379882813
81   2.2466375827789307
82   1.659912109375
83   2.0900216102600098
84   1.0639280080795288
85   1.0006439685821533
86   1.1962828636169434
87   2.1516964435577393
88   2.2663586139678955
89   2.922959804534912
90   1.340041995048523
91   2.366683006286621
92   2.0890634059906006
93   1.8343524932861328
94   2.1824259757995605
95   2.095951795578003
96   1.684714674949646
97   2.29777455329895
98   1.537514567375183
99   2.4480631351470947
100   2.3009657859802246
101   1.9330004453659058
102   1.932094693183899
103   2.1787190437316895
104   1.7775729894638062
105   1.6571619510650635
106   2.7349095344543457
107   2.386594772338867
108   1.7921419143676758
109   1.9778715372085571
110   1.7768915891647339
111   2.543424129486084
112   1.9535223245620728
113   1.6816521883010864
114   2.386542320251465
115   2.390626907348633
116   2.697932004928589
117   1.7434098720550537
118   1.6707514524459839
119   2.151397228240967
120   2.1439311504364014
121   1.3000249862670898
122   1.2404817342758179
123   1.7366057634353638
124   2.0778653621673584
125   1.730096697807312
126   2.7348451614379883
127   1.98837411403656
128   2.511057138442993
129   1.7717491388320923
130   2.2062389850616455
131   2.2418572902679443
132   1.321567177772522
133   1.779548168182373
134   2.403064489364624
135   1.581889271736145
136   1.7007023096084595
137   2.5343215465545654
138   1.4353904724121094
139   2.5315873622894287
140   2.278791904449463
141   1.022779941558838
142   1.0867849588394165
143   1.373278021812439
144   2.416651964187622
145   2.1894357204437256
146   2.340315580368042
147   1.9850753545761108
148   2.263993501663208
149   2.380507469177246
150   2.4528982639312744
151   2.4181666374206543
152   2.65452241897583
153   2.945664167404175
154   2.8132550716400146
155   2.191340446472168
156   1.8725327253341675
157   2.1218605041503906
158   1.7920989990234375
159   1.468630075454712
160   1.2544257640838623
161   1.898573398590088
162   1.5175952911376953
163   1.9083058834075928
164   1.910961627960205
165   2.78137469291687
166   2.124488353729248
167   1.9827191829681396
168   1.8627568483352661
169   1.0126416683197021
170   2.3547656536102295
171   1.845337152481079
172   1.667886734008789
173   1.3924446105957031
174   1.0629523992538452
175   1.6756927967071533
176   1.9669424295425415
177   1.0839250087738037
178   1.98037850856781
179   2.201869249343872
180   2.461118221282959
181   1.6004427671432495
182   1.6270265579223633
183   1.7689775228500366
184   1.6156260967254639
185   2.480360746383667
186   1.4502854347229004
187   1.995024561882019
188   2.5152931213378906
189   2.708955764770508
190   2.6895322799682617
191   2.0082921981811523
192   1.8824769258499146
193   1.9661113023757935
194   2.2216193675994873
195   1.9711965322494507
196   2.390820264816284
197   1.7937638759613037
198   1.5832507610321045
199   3.181077718734741
200   2.404515027999878
201   1.5648064613342285
202   2.566761016845703
203   2.306074619293213
204   1.4637590646743774
205   1.3754370212554932
206   1.1696360111236572
207   0.802621603012085
208   1.1883888244628906
209   0.9945558309555054
210   1.274462103843689
211   1.2891730070114136
212   1.5465800762176514
213   1.459032654762268
1   1.695657730102539
2   1.460281252861023
3   1.2535054683685303
4   1.4330531358718872
5   1.5050206184387207
6   1.7444849014282227
7   1.5091356039047241
8   1.7604492902755737
9   1.660921573638916
10   1.502955436706543
11   1.2405503988265991
12   1.298977255821228
13   1.6392571926116943
14   0.9771826267242432
15   0.8620960712432861
16   1.4921338558197021
17   1.4404430389404297
18   1.8690370321273804
19   1.7206555604934692
20   0.8310454487800598
1   1.3375780582427979
2   1.3764193058013916
3   1.3176870346069336
4   1.324544906616211
5   1.279172420501709
6   1.4987372159957886
7   1.2752934694290161
8   1.2978858947753906
9   1.1545443534851074
10   1.3405637741088867
11   1.4381608963012695
12   1.6204415559768677
13   1.3205580711364746
14   1.2290433645248413
15   1.5027207136154175
16   1.169092059135437
17   1.2564154863357544
18   1.376067042350769
19   1.4974501132965088
20   1.335504174232483
21   1.3300433158874512
22   1.2099075317382813
23   1.5857532024383545
24   1.064381718635559
25   1.0620430707931519
26   1.2793561220169067
27   1.3896840810775757
28   1.4245305061340332
29   1.459511399269104
30   1.2098126411437988
31   1.060780644416809
32   1.3533871173858643
33   1.4930860996246338
34   1.300145149230957
35   1.242537021636963
36   1.4196462631225586
37   1.3517097234725952
38   1.3493376970291138
39   1.4748271703720093
40   1.430406093597412
41   1.2783321142196655
42   1.2906938791275024
43   1.1283907890319824
44   1.3949421644210815
45   1.274600625038147
46   1.345121145248413
47   1.0938507318496704
48   1.2690163850784302
49   1.4338700771331787
50   1.1044034957885742
51   1.7057125568389893
52   1.3642054796218872
53   1.2745890617370605
54   1.2837388515472412
55   1.3173772096633911
56   0.8636025190353394
57   1.2449321746826172
58   1.2528018951416016
59   1.2852023839950562
60   1.3531385660171509
61   1.1822625398635864
62   1.5081887245178223
63   1.1993612051010132
64   1.3202534914016724
65   1.2735226154327393
66   1.4102519750595093
67   1.0078622102737427
68   1.2551274299621582
69   1.1998863220214844
70   0.9203862547874451
71   1.3650093078613281
72   1.332614779472351
73   1.2159336805343628
74   1.0876820087432861
75   1.0784450769424438
76   1.0544512271881104
77   1.1822296380996704
78   1.3837491273880005
79   1.2343875169754028
80   1.0885170698165894
81   1.2129186391830444
82   1.2574925422668457
83   1.8182950019836426
84   1.1583607196807861
85   1.3084923028945923
86   1.2059839963912964
87   1.25004243850708
88   1.510615348815918
89   1.4133868217468262
90   1.2463079690933228
91   1.1147252321243286
92   1.2256133556365967
93   1.3003921508789063
94   1.0093821287155151
95   1.3242040872573853
96   1.1167950630187988
97   1.5704320669174194
98   1.132514476776123
99   1.3244128227233887
100   1.3807563781738281
101   1.3225948810577393
102   1.0575131177902222
103   1.206803321838379
104   1.2251847982406616
105   1.1250791549682617
106   1.2996081113815308
107   1.49212646484375
108   1.5287060737609863
109   1.3605726957321167
110   1.525962471961975
111   1.206070065498352
112   1.2943271398544312
113   1.0185121297836304
114   1.4118311405181885
115   1.1095833778381348
116   1.0084738731384277
117   1.2850797176361084
118   1.6443454027175903
119   1.3757503032684326
120   1.232378363609314
121   1.8375693559646606
122   1.130029320716858
123   1.270933985710144
124   1.2470544576644897
125   1.4914153814315796
126   1.0928148031234741
127   1.180436134338379
128   1.1974639892578125
129   1.0684282779693604
130   1.6824523210525513
131   1.4155293703079224
132   1.5205273628234863
133   1.054547905921936
134   1.1560256481170654
135   1.286726474761963
136   1.2147376537322998
137   1.1436537504196167
138   1.2985092401504517
139   1.2439059019088745
140   1.2917840480804443
141   1.1305791139602661
142   1.1378673315048218
143   1.1241265535354614
144   0.9356029629707336
145   1.0688105821609497
146   1.5398248434066772
147   1.30111563205719
148   1.2722105979919434
149   1.3471465110778809
150   1.402327299118042
151   1.2570217847824097
152   1.1659632921218872
153   1.2226145267486572
154   1.2885864973068237
155   1.3125258684158325
156   1.4209296703338623
157   1.4105138778686523
158   1.3562829494476318
159   1.3489786386489868
160   1.551474690437317
1   1.2755922079086304
2   1.3640632629394531
3   1.3668107986450195
4   1.0789316892623901
5   1.3990380764007568
6   1.5181289911270142
7   1.341355562210083
8   1.3507980108261108
9   1.3061078786849976
10   1.1887086629867554
11   1.2970227003097534
12   1.056774616241455
13   1.6547383069992065
14   1.4271284341812134
15   1.3718570470809937
16   1.3172669410705566
17   1.0195478200912476
18   0.9731895923614502
19   1.0433225631713867
20   1.5022954940795898
21   1.0963469743728638
22   1.2114853858947754
23   1.2500367164611816
24   1.2875887155532837
25   1.4596383571624756
26   1.2913161516189575
27   1.3241114616394043
28   1.4983927011489868
29   1.1264907121658325
30   1.1472258567810059
31   0.9753342866897583
32   0.9966438412666321
33   0.8279872536659241
34   1.3479372262954712
35   1.6430941820144653
36   1.3790470361709595
37   1.0323526859283447
38   1.445526361465454
39   1.2435044050216675
40   1.6028435230255127
41   1.2927037477493286
42   2.1063663959503174
43   1.3885911703109741
44   1.2341163158416748
45   0.9386535882949829
46   0.9749731421470642
47   1.222530484199524
48   1.6877853870391846
49   0.9846565127372742
50   1.308722734451294
51   1.879605770111084
52   1.0876327753067017
53   1.7451684474945068
54   1.6341562271118164
55   0.9886491298675537
56   1.154058575630188
57   1.090212106704712
58   1.481097936630249
59   1.384385347366333
60   1.1421570777893066
61   1.0955915451049805
62   1.1691375970840454
63   1.4438689947128296
64   1.1734062433242798
65   1.0159586668014526
66   2.5400853157043457
67   1.0508731603622437
68   2.5001232624053955
69   2.611339807510376
70   1.9487370252609253
71   1.9877727031707764
72   2.0191826820373535
73   2.5756399631500244
74   1.4574140310287476
75   1.2645223140716553
76   1.7230896949768066
77   1.6102489233016968
78   2.48598313331604
79   2.502363920211792
80   1.5005499124526978
81   1.7967616319656372
82   1.7919220924377441
83   1.6428639888763428
84   2.5646517276763916
85   1.7318897247314453
86   1.7299995422363281
87   2.2197325229644775
88   1.641357421875
89   2.058377504348755
90   2.611837863922119
91   2.6932899951934814
92   2.6686348915100098
93   0.7896642088890076
94   0.7445997595787048
95   1.1445879936218262
96   0.8886891603469849
97   0.7338659167289734
98   0.883854866027832
99   1.9477758407592773
100   0.747879147529602
101   0.9613511562347412
102   3.07151198387146
103   1.9626984596252441
104   0.8845551013946533
105   0.9974207878112793
106   1.0179967880249023
107   1.1265839338302612
108   0.5130112171173096
109   1.2753887176513672
110   0.9744065999984741
111   1.1738076210021973
112   0.6116644740104675
113   0.7957887649536133
114   0.8858853578567505
115   1.0808573961257935
116   0.9532171487808228
117   1.5915220975875854
118   1.5753099918365479
119   1.050119400024414
120   1.2837955951690674
121   1.7568143606185913
122   1.4634571075439453
123   1.3251702785491943
124   0.8471847772598267
125   0.8296382427215576
126   1.1409395933151245
127   1.2725841999053955
128   1.2076243162155151
129   1.0416582822799683
130   1.1519355773925781
131   1.200430989265442
132   1.1778732538223267
133   1.0350579023361206
134   1.5130419731140137
135   1.0647823810577393
136   1.3292672634124756
137   1.3013465404510498
138   1.9126689434051514
139   0.981580376625061
140   1.4839612245559692
141   0.7760066986083984
142   1.1674602031707764
143   1.636273980140686
144   0.9618395566940308
145   1.3859845399856567
146   1.3200621604919434
147   1.2937686443328857
148   1.1537188291549683
149   1.2168911695480347
150   1.3468542098999023
151   1.3284904956817627
152   1.1257151365280151
153   1.2645418643951416
154   1.8641982078552246
155   1.1855310201644897
156   1.3489223718643188
157   1.1593159437179565
158   1.255080223083496
159   1.3191858530044556
160   1.6077834367752075
161   1.4097357988357544
162   1.0843939781188965
163   1.0771570205688477
164   1.452697992324829
