0   0.0
1   2.0391180515289307
2   2.1369450092315674
3   2.197345495223999
4   2.1126978397369385
5   2.401280403137207
6   1.788610816001892
7   2.2897815704345703
8   1.7539558410644531
9   2.3678464889526367
10   3.114225149154663
11   3.6059517860412598
12   3.6089818477630615
13   3.575476884841919
14   4.554450988769531
15   3.8953042030334473
16   3.752293109893799
17   4.541406154632568
18   5.631221771240234
19   5.6227946281433105
20   6.1560282707214355
21   6.301721572875977
22   4.513739585876465
23   6.371642112731934
24   5.4734883308410645
25   5.919520854949951
26   4.1930060386657715
27   3.733017921447754
28   4.295504093170166
29   3.906008243560791
30   5.219637393951416
31   5.805394649505615
32   4.987003803253174
33   3.075958251953125
34   2.880420207977295
35   2.710392951965332
36   3.520730972290039
37   4.284505367279053
38   3.9713656902313232
39   3.6018049716949463
40   4.530709266662598
41   5.233249664306641
42   4.878996849060059
43   3.582510232925415
44   4.653571128845215
45   4.849949836730957
46   3.6137752532958984
47   3.1867783069610596
48   4.017990589141846
49   3.5057802200317383
50   3.53378963470459
51   3.7650303840637207
52   4.2073588371276855
53   3.82519793510437
54   3.9849565029144287
55   4.744451522827148
56   4.89596700668335
57   4.601602554321289
58   4.0807952880859375
59   4.502523899078369
60   5.380548477172852
61   3.3197762966156006
62   4.505400657653809
63   2.566647529602051
64   4.315935134887695
65   4.376978397369385
66   5.901834964752197
67   6.033531665802002
68   6.126091480255127
69   4.286877155303955
70   5.910036087036133
71   6.209471702575684
72   5.72593879699707
73   5.804919242858887
74   4.631046295166016
75   4.848660469055176
76   4.871706485748291
77   5.766165733337402
78   4.778493404388428
79   4.374149322509766
80   4.850313186645508
81   5.376018047332764
82   5.474672317504883
83   5.332341194152832
84   5.193394660949707
85   5.9042181968688965
86   5.909361362457275
87   5.309220790863037
88   3.6558470726013184
89   5.132687091827393
90   4.376035690307617
91   5.204264163970947
92   5.89298677444458
93   6.119783401489258
94   4.709314346313477
95   5.716554641723633
96   5.987368106842041
97   5.354891300201416
98   6.0511393547058105
99   5.632322311401367
100   5.803133964538574
101   5.687626838684082
102   5.353951454162598
103   5.983827114105225
104   6.395264148712158
105   5.761166095733643
106   4.965425491333008
107   4.318458557128906
108   4.849747180938721
109   5.404501914978027
110   4.554956436157227
111   5.176981449127197
112   4.5646185874938965
113   4.468161106109619
114   5.067089080810547
115   3.8595285415649414
116   4.98214864730835
117   5.838822841644287
118   5.583224773406982
119   5.034446716308594
120   5.730616092681885
121   5.074573040008545
122   4.418426036834717
123   6.161001205444336
124   6.173050880432129
125   5.926484107971191
126   5.429330348968506
127   4.154061317443848
128   5.1736369132995605
129   4.601231098175049
130   3.909268617630005
131   4.003612518310547
132   4.816505432128906
133   5.187108993530273
134   4.737491607666016
135   5.413519859313965
136   4.951539516448975
137   5.740436553955078
138   5.4923415184021
139   4.135098457336426
140   4.910379409790039
141   4.4132981300354
142   3.740809917449951
143   4.649913787841797
144   3.5438790321350098
145   5.129360675811768
146   6.08960485458374
147   5.518333911895752
148   4.781152725219727
149   5.572685718536377
150   3.3726680278778076
151   4.86090087890625
152   5.521816730499268
153   5.471112251281738
154   3.730544328689575
155   4.76224946975708
156   4.612560272216797
157   6.378892421722412
158   4.799986362457275
159   5.48766565322876
160   5.936680316925049
161   6.1000657081604
162   5.382627010345459
163   6.520984649658203
164   5.234843730926514
165   4.966418743133545
166   5.187342166900635
167   6.405923843383789
168   6.433578014373779
169   6.54770040512085
170   4.122097492218018
171   4.08377742767334
172   5.566040992736816
173   5.774476528167725
174   5.2368998527526855
175   5.442358016967773
176   5.0344367027282715
177   4.620173454284668
178   4.720035076141357
179   4.090740203857422
180   5.858529090881348
181   4.625899791717529
182   3.1481213569641113
183   3.984886407852173
184   6.298806190490723
185   5.229076862335205
186   4.773261070251465
187   4.472121715545654
188   6.162137508392334
189   5.306408882141113
190   4.673895835876465
191   4.975640296936035
192   6.435544967651367
193   5.82875919342041
194   4.6155476570129395
195   5.2458367347717285
196   4.554833889007568
197   5.889407634735107
198   4.656540870666504
199   4.157748699188232
200   4.528909206390381
201   4.559704780578613
202   4.670477867126465
203   4.978714466094971
204   6.099055767059326
205   4.568842887878418
206   4.080049991607666
207   4.6967668533325195
208   4.43672513961792
209   5.983195781707764
210   3.5457444190979004
211   4.265864372253418
212   3.612245798110962
213   3.554626703262329
1   3.264889717102051
2   4.270654678344727
3   4.291733741760254
4   4.095001697540283
5   3.815308094024658
6   3.7515594959259033
7   4.229893207550049
8   3.3456568717956543
9   3.6522209644317627
10   4.134634017944336
11   3.8447611331939697
12   3.626730442047119
13   2.9935617446899414
14   4.227636814117432
15   4.146121025085449
16   3.5630924701690674
17   4.13678503036499
18   3.9280192852020264
19   3.7613131999969482
20   4.561263084411621
1   4.1128973960876465
2   4.405222415924072
3   5.2636260986328125
4   4.043332099914551
5   4.094351291656494
6   4.485249996185303
7   4.502685070037842
8   4.138881206512451
9   3.919569253921509
10   4.550239086151123
11   4.305079460144043
12   4.9225687980651855
13   4.538977146148682
14   3.8070871829986572
15   3.992976188659668
16   3.877270460128784
17   4.560225963592529
18   4.120018005371094
19   4.797938346862793
20   4.467602729797363
21   4.021623134613037
22   4.318610668182373
23   3.885643720626831
24   4.452723503112793
25   4.295168399810791
26   3.472423791885376
27   4.831807613372803
28   4.431861400604248
29   3.946390390396118
30   3.3083901405334473
31   4.147433757781982
32   3.0767180919647217
33   5.129862308502197
34   4.189581394195557
35   5.0172953605651855
36   4.062434673309326
37   5.411739826202393
38   5.157777786254883
39   5.78850793838501
40   6.507328510284424
41   3.9865901470184326
42   5.231834888458252
43   5.7183685302734375
44   6.127668380737305
45   5.346397876739502
46   3.4568030834198
47   3.8211171627044678
48   4.308758735656738
49   4.451720714569092
50   3.624565362930298
51   4.3084845542907715
52   4.424264430999756
53   4.082951068878174
54   5.215980052947998
55   4.541362762451172
56   4.326320171356201
57   4.478178977966309
58   5.018630027770996
59   5.015800476074219
60   4.6701979637146
61   5.6451735496521
62   6.493290424346924
63   5.9187912940979
64   5.120314121246338
65   5.365910053253174
66   5.81512451171875
67   3.5895836353302
68   4.2675461769104
69   3.910170316696167
70   4.059360980987549
71   3.9605138301849365
72   4.645082950592041
73   3.2554991245269775
74   3.2822659015655518
75   3.9398610591888428
76   4.138885498046875
77   3.5710318088531494
78   3.61273455619812
79   3.6641499996185303
80   4.223614692687988
81   4.1994709968566895
82   4.190572738647461
83   3.5485498905181885
84   3.6314568519592285
85   4.086987018585205
86   4.1982927322387695
87   6.392640113830566
88   3.915347099304199
89   4.456395149230957
90   3.6820602416992188
91   4.867818355560303
92   5.475040435791016
93   4.935786247253418
94   6.374876976013184
95   4.918769359588623
96   4.838785648345947
97   4.67277717590332
98   4.949410438537598
99   4.706029415130615
100   3.30924916267395
101   4.952358722686768
102   5.427633285522461
103   4.435781955718994
104   5.27628755569458
105   4.842410087585449
106   5.1954026222229
107   6.218786239624023
108   4.626857757568359
109   4.732605457305908
110   4.684510231018066
111   5.436341762542725
112   4.504754543304443
113   4.986903667449951
114   4.694907188415527
115   5.708266258239746
116   4.1870880126953125
117   4.319591999053955
118   4.602608680725098
119   3.8465733528137207
120   4.017037868499756
121   3.400174140930176
122   4.689461708068848
123   3.859135866165161
124   3.6582016944885254
125   3.8445937633514404
126   4.220109462738037
127   5.380585670471191
128   5.189897060394287
129   5.656688690185547
130   4.911806583404541
131   4.207468509674072
132   5.235935211181641
133   5.567986488342285
134   6.2364912033081055
135   5.907625675201416
136   5.5519185066223145
137   5.976315975189209
138   5.7832136154174805
139   6.155087471008301
140   4.53624153137207
141   4.997711181640625
142   4.592347145080566
143   5.000096797943115
144   5.556822299957275
145   3.566591501235962
146   3.1696090698242188
147   4.464847087860107
148   4.120192050933838
149   4.12612771987915
150   4.715217590332031
151   4.86426305770874
152   5.735817909240723
153   4.787988662719727
154   5.525338649749756
155   4.278743267059326
156   3.996943235397339
157   4.721722602844238
158   6.083570957183838
159   4.754525661468506
160   5.680495262145996
1   4.25110387802124
2   4.46690559387207
3   4.743226051330566
4   4.2237958908081055
5   4.77945613861084
6   4.441558361053467
7   4.293340682983398
8   3.8456437587738037
9   4.00288724899292
10   4.1457414627075195
11   4.129960060119629
12   4.230090618133545
13   4.341779708862305
14   3.872840166091919
15   5.775506973266602
16   4.753912448883057
17   4.439260005950928
18   4.422927379608154
19   4.53913688659668
20   4.917086601257324
21   4.791107654571533
22   4.25798225402832
23   5.253355503082275
24   4.446972846984863
25   3.7793290615081787
26   4.383963108062744
27   4.3155341148376465
28   4.606377124786377
29   2.9686880111694336
30   5.43360710144043
31   5.419738292694092
32   4.8429951667785645
33   4.369003772735596
34   3.9665348529815674
35   3.2674925327301025
36   5.1159892082214355
37   5.244853973388672
38   5.641960620880127
39   4.563147068023682
40   5.488476753234863
41   2.499056577682495
42   3.9457433223724365
43   3.5187435150146484
44   4.177430629730225
45   4.248773574829102
46   3.8455047607421875
47   4.93958044052124
48   4.736483573913574
49   4.360877513885498
50   3.9003984928131104
51   4.250260829925537
52   4.3267502784729
53   4.559621810913086
54   4.538376331329346
55   4.561263561248779
56   3.2483294010162354
57   4.759843826293945
58   5.14933967590332
59   4.4299468994140625
60   4.88203239440918
61   2.604642152786255
62   3.7852325439453125
63   4.911802768707275
64   4.981473922729492
65   5.9312849044799805
66   5.528041839599609
67   5.091221809387207
68   4.459300994873047
69   4.773519992828369
70   5.543820858001709
71   4.392536163330078
72   4.417068958282471
73   4.473179340362549
74   5.6858086585998535
75   4.954885005950928
76   5.341451168060303
77   5.711318492889404
78   5.954057216644287
79   6.486715793609619
80   6.436408519744873
81   6.07127571105957
82   4.737255096435547
83   5.271299839019775
84   3.546013355255127
85   4.272602558135986
86   5.501724720001221
87   4.96235466003418
88   6.292747974395752
89   4.758177757263184
90   4.626511573791504
91   5.010878562927246
92   2.6292200088500977
93   3.7384321689605713
94   4.439814567565918
95   3.4410035610198975
96   3.7823328971862793
97   4.150645732879639
98   4.167140960693359
99   1.7128032445907593
100   4.272298336029053
101   3.834414482116699
102   3.120032787322998
103   3.89300537109375
104   4.0744500160217285
105   4.1668620109558105
106   3.6611084938049316
107   3.7879159450531006
108   4.6866326332092285
109   4.08095645904541
110   4.330684185028076
111   4.088107585906982
112   4.187023639678955
113   4.803309917449951
114   4.727077484130859
115   3.5232112407684326
116   4.765344619750977
117   5.351243019104004
118   5.323704242706299
119   4.426873207092285
120   4.519822120666504
121   3.4040141105651855
122   4.983187198638916
123   4.182913303375244
124   4.315069675445557
125   4.574939727783203
126   4.823576927185059
127   4.454792022705078
128   6.1417012214660645
129   4.131435871124268
130   4.952447414398193
131   5.1089372634887695
132   5.6366987228393555
133   4.452017784118652
134   5.333699703216553
135   5.369227886199951
136   4.37891960144043
137   5.633705139160156
138   4.660778522491455
139   5.388288497924805
140   5.995056629180908
141   5.823331832885742
142   4.862218379974365
143   4.738304138183594
144   3.772406578063965
145   4.988804817199707
146   5.392457962036133
147   5.388038635253906
148   5.381039142608643
149   6.4454665184021
150   5.815860271453857
151   5.7029571533203125
152   5.653686046600342
153   5.479745864868164
154   4.419732093811035
155   4.253201484680176
156   4.798167705535889
157   6.141214847564697
158   5.356883525848389
159   5.654677391052246
160   5.659478187561035
161   4.553260326385498
162   5.636777877807617
163   4.001432418823242
164   4.689053058624268
