0   0.0
1   1.2520076036453247
2   1.0968314409255981
3   1.427960753440857
4   1.0600279569625854
5   1.4924614429473877
6   1.4135147333145142
7   1.2033507823944092
8   1.2360894680023193
9   1.1025117635726929
10   1.2742286920547485
11   1.8123230934143066
12   1.489290475845337
13   1.592455267906189
14   2.428626298904419
15   4.202292442321777
16   5.119556903839111
17   4.766706943511963
18   3.272519588470459
19   2.8840882778167725
20   3.108618974685669
21   3.138716459274292
22   3.456281900405884
23   2.9489386081695557
24   3.0002238750457764
25   3.504589557647705
26   5.242103576660156
27   3.11456298828125
28   2.4385178089141846
29   1.692991018295288
30   2.2275943756103516
31   3.8035478591918945
32   2.808950424194336
33   2.3308968544006348
34   1.5332897901535034
35   2.0510733127593994
36   2.4842751026153564
37   1.9435274600982666
38   3.3094818592071533
39   2.9813294410705566
40   3.4902567863464355
41   3.6899046897888184
42   4.558670520782471
43   2.4794108867645264
44   3.2838070392608643
45   2.4875919818878174
46   3.5138607025146484
47   3.688062906265259
48   2.807621479034424
49   3.9731123447418213
50   2.778209686279297
51   4.394457817077637
52   3.454389810562134
53   2.474561929702759
54   2.897014856338501
55   3.470590829849243
56   2.8673195838928223
57   3.0091946125030518
58   3.9906325340270996
59   3.8045217990875244
60   3.269718885421753
61   3.2981348037719727
62   4.011215686798096
63   4.718073844909668
64   3.351480484008789
65   2.988825559616089
66   5.121285915374756
67   2.4128077030181885
68   3.0516715049743652
69   3.1851768493652344
70   2.9489927291870117
71   2.819117784500122
72   3.706401824951172
73   2.6574997901916504
74   3.797980308532715
75   3.266733407974243
76   3.2858049869537354
77   3.268702507019043
78   3.2308425903320313
79   3.1562845706939697
80   2.374135732650757
81   3.5305421352386475
82   2.8588991165161133
83   4.263453006744385
84   2.526848554611206
85   3.3405704498291016
86   3.275052070617676
87   3.3713247776031494
88   2.4447450637817383
89   2.3038647174835205
90   1.9135395288467407
91   1.5487927198410034
92   2.5674021244049072
93   2.212040662765503
94   1.8542901277542114
95   0.859584629535675
96   2.2606282234191895
97   2.8789825439453125
98   1.5410106182098389
99   1.3395004272460938
100   1.5694236755371094
101   1.7452812194824219
102   1.0892329216003418
103   2.980116367340088
104   1.6779484748840332
105   3.9378364086151123
106   5.189633369445801
107   3.5512349605560303
108   4.0015411376953125
109   2.2558157444000244
110   3.033475399017334
111   4.546658039093018
112   3.7596728801727295
113   3.534663200378418
114   3.6921308040618896
115   4.817259788513184
116   3.7417211532592773
117   3.361347198486328
118   3.2428061962127686
119   3.23124098777771
120   4.428043365478516
121   2.430988311767578
122   2.471862554550171
123   2.7633402347564697
124   3.451313018798828
125   3.072798490524292
126   4.793524265289307
127   3.620750904083252
128   2.523076057434082
129   3.767252206802368
130   1.9140987396240234
131   2.1823477745056152
132   1.6896743774414063
133   1.2503979206085205
134   3.524094820022583
135   1.9734259843826294
136   2.0841994285583496
137   1.7116007804870605
138   1.6967384815216064
139   2.4208719730377197
140   3.3051350116729736
141   1.932802438735962
142   1.7431919574737549
143   1.6698107719421387
144   3.2159080505371094
145   2.5203704833984375
146   1.695352554321289
147   1.0512267351150513
148   1.4876359701156616
149   1.654626488685608
150   2.180852174758911
151   2.249427556991577
152   4.4091997146606445
153   2.856213331222534
154   3.9594035148620605
155   4.911454677581787
156   3.5196118354797363
157   3.665271759033203
158   3.3703131675720215
159   3.002211570739746
160   1.8203567266464233
161   4.250471115112305
162   1.495500922203064
163   1.409314751625061
164   2.0383193492889404
165   1.190929651260376
166   1.670807957649231
167   1.2991653680801392
168   2.1445138454437256
169   1.3780053853988647
170   1.9968852996826172
171   3.5215272903442383
172   2.3938558101654053
173   2.9225990772247314
174   4.276278972625732
175   3.5366647243499756
176   2.0162312984466553
177   3.1744563579559326
178   3.526150703430176
179   3.968890905380249
180   3.049373149871826
181   3.4532105922698975
182   1.244687557220459
183   2.9379656314849854
184   2.4355146884918213
185   4.514686107635498
186   3.9092938899993896
187   3.1086032390594482
188   3.128384590148926
189   4.524035453796387
190   3.9073052406311035
191   4.123054504394531
192   3.782318353652954
193   2.8080368041992188
194   3.6759135723114014
195   2.3333420753479004
196   3.0786383152008057
197   4.153546333312988
198   3.7463161945343018
199   4.750448703765869
200   3.5529911518096924
201   2.294304370880127
202   3.285705804824829
203   3.939302921295166
204   3.5131139755249023
205   3.604520797729492
206   1.9595465660095215
207   2.7428338527679443
208   3.5678064823150635
209   2.8110408782958984
210   3.55356502532959
211   3.631502151489258
212   4.47784423828125
213   3.966306447982788
1   4.201785564422607
2   3.5684397220611572
3   3.69331693649292
4   3.6457207202911377
5   3.678520441055298
6   3.191971778869629
7   3.018786668777466
8   3.8189408779144287
9   4.619911193847656
10   3.6111514568328857
11   3.010756731033325
12   3.416304111480713
13   4.1254353523254395
14   2.7195534706115723
15   2.0372254848480225
16   2.488375663757324
17   3.1493797302246094
18   3.805891990661621
19   2.1958086490631104
20   1.6158878803253174
1   0.7566903829574585
2   1.890088438987732
3   3.724921703338623
4   4.421433448791504
5   3.9922893047332764
6   4.861834526062012
7   3.18630313873291
8   3.60396409034729
9   3.2522358894348145
10   2.800429344177246
11   3.375739574432373
12   4.302335739135742
13   4.24397611618042
14   4.261560916900635
15   5.104027271270752
16   3.627148389816284
17   3.850637912750244
18   3.75203800201416
19   3.097635269165039
20   4.4513959884643555
21   2.9186084270477295
22   2.8780765533447266
23   1.6663322448730469
24   1.8925130367279053
25   3.1471967697143555
26   2.601872444152832
27   4.351899147033691
28   4.308106899261475
29   4.375417709350586
30   1.913130760192871
31   2.853203535079956
32   3.774580717086792
33   4.513122081756592
34   3.566162586212158
35   4.492199420928955
36   5.026108264923096
37   4.085886001586914
38   3.563718318939209
39   4.1759772300720215
40   3.679985761642456
41   4.390482425689697
42   4.015452861785889
43   3.605154037475586
44   4.128076553344727
45   4.508665084838867
46   3.3668928146362305
47   3.304640769958496
48   5.003511905670166
49   4.76935338973999
50   3.5262935161590576
51   4.731815814971924
52   4.025432109832764
53   5.195854663848877
54   4.2692670822143555
55   4.246851444244385
56   3.735116720199585
57   3.1782336235046387
58   5.1741228103637695
59   3.8579885959625244
60   3.338829278945923
61   3.9879889488220215
62   1.9932446479797363
63   1.6297909021377563
64   2.323683500289917
65   2.7832205295562744
66   3.202301025390625
67   3.521785020828247
68   3.841815710067749
69   4.6374592781066895
70   3.2586374282836914
71   3.7723445892333984
72   4.643716812133789
73   3.2623085975646973
74   3.8800852298736572
75   3.7258541584014893
76   4.092147350311279
77   4.096524238586426
78   3.0747272968292236
79   5.538525581359863
80   3.224473237991333
81   3.522463798522949
82   3.080892324447632
83   3.192413568496704
84   2.2727904319763184
85   2.0329604148864746
86   1.6419756412506104
87   2.4615509510040283
88   2.5858805179595947
89   2.90915584564209
90   2.0780820846557617
91   1.7933430671691895
92   2.0664970874786377
93   2.714083194732666
94   2.466562509536743
95   2.526883840560913
96   2.9431064128875732
97   2.3452911376953125
98   5.074698448181152
99   4.487225532531738
100   5.365536212921143
101   3.6811256408691406
102   3.510411500930786
103   3.221975564956665
104   3.1219706535339355
105   3.958940267562866
106   4.210740089416504
107   2.6069462299346924
108   3.860398769378662
109   3.3048269748687744
110   3.7716782093048096
111   3.278959035873413
112   2.9383363723754883
113   3.321333885192871
114   4.254662990570068
115   4.378805637359619
116   3.5489449501037598
117   3.733642816543579
118   3.7831408977508545
119   2.135087728500366
120   3.9429714679718018
121   5.403202533721924
122   2.5224664211273193
123   2.391238212585449
124   4.331789493560791
125   5.180043697357178
126   2.1321113109588623
127   3.1942102909088135
128   3.335340738296509
129   4.204277992248535
130   4.196230888366699
131   4.345099925994873
132   4.034324645996094
133   4.1708598136901855
134   2.5591161251068115
135   3.786858320236206
136   3.2911360263824463
137   4.039942741394043
138   4.770759582519531
139   3.602008581161499
140   4.1297287940979
141   4.793170928955078
142   4.039351940155029
143   3.960970163345337
144   2.4683704376220703
145   2.9394147396087646
146   3.637861728668213
147   4.144450664520264
148   3.2313406467437744
149   3.109116315841675
150   2.7443854808807373
151   3.6860103607177734
152   2.9940764904022217
153   2.809513807296753
154   3.5912933349609375
155   3.6991138458251953
156   4.797207832336426
157   4.224149227142334
158   3.6352591514587402
159   3.173898220062256
160   4.131181716918945
1   0.5666888952255249
2   2.7038118839263916
3   2.0188889503479004
4   3.0618302822113037
5   3.6144635677337646
6   3.824211359024048
7   3.957000255584717
8   3.149941921234131
9   4.718508720397949
10   3.655290126800537
11   3.6955487728118896
12   3.911925792694092
13   3.707303524017334
14   4.123861312866211
15   4.109121799468994
16   3.849905014038086
17   4.304225921630859
18   1.512774109840393
19   2.334998846054077
20   3.245360851287842
21   2.972951650619507
22   3.620727300643921
23   3.507222890853882
24   3.166088104248047
25   4.138267517089844
26   3.9244115352630615
27   4.09678840637207
28   2.8272135257720947
29   3.6138532161712646
30   4.2462873458862305
31   3.2450430393218994
32   2.975148916244507
33   2.8341562747955322
34   2.8232126235961914
35   3.691657543182373
36   3.294761896133423
37   5.981132507324219
38   3.7731919288635254
39   3.319322109222412
40   3.879650115966797
41   3.704230546951294
42   4.881697177886963
43   3.996485710144043
44   4.063961029052734
45   1.2694963216781616
46   3.2349870204925537
47   3.27063250541687
48   2.726067543029785
49   4.302076816558838
50   3.6335980892181396
51   3.038867473602295
52   2.4569175243377686
53   2.196877956390381
54   1.524500846862793
55   3.719013214111328
56   4.128599166870117
57   3.345397710800171
58   4.10998010635376
59   3.8903849124908447
60   2.7663955688476563
61   2.767183542251587
62   3.0180420875549316
63   4.430683135986328
64   2.555922269821167
65   4.417303085327148
66   3.9193058013916016
67   2.8330235481262207
68   3.9655373096466064
69   3.76579213142395
70   3.9170053005218506
71   3.065897226333618
72   3.331591844558716
73   4.121679782867432
74   3.355120897293091
75   2.8913087844848633
76   4.462998867034912
77   3.2942326068878174
78   3.995107650756836
79   2.5999085903167725
80   2.9195103645324707
81   1.264768362045288
82   3.1957976818084717
83   3.4220948219299316
84   2.022346019744873
85   3.0127556324005127
86   2.447269916534424
87   3.561255931854248
88   4.155547142028809
89   3.3102245330810547
90   3.518906831741333
91   3.7262160778045654
92   4.408608436584473
93   3.6611688137054443
94   3.2848949432373047
95   3.8486528396606445
96   2.644360303878784
97   2.8459627628326416
98   3.039100170135498
99   3.705275058746338
100   3.791867256164551
101   1.2928789854049683
102   3.4549546241760254
103   3.289241075515747
104   2.430645227432251
105   3.058387041091919
106   3.1255202293395996
107   2.8627567291259766
108   4.425692558288574
109   3.6467716693878174
110   2.72890043258667
111   3.7468621730804443
112   2.992995262145996
113   2.3439221382141113
114   2.8509700298309326
115   2.842764139175415
116   3.0192363262176514
117   4.19435453414917
118   3.372101068496704
119   3.7699546813964844
120   3.1425015926361084
121   3.811124086380005
122   3.25968074798584
123   2.3348336219787598
124   1.910184383392334
125   1.558719515800476
126   2.830559253692627
127   1.8313919305801392
128   1.7644392251968384
129   2.014108419418335
130   1.3346905708312988
131   1.8947328329086304
132   1.4715818166732788
133   2.092806100845337
134   1.3756510019302368
135   1.5551680326461792
136   2.074583053588867
137   0.8764213919639587
138   4.078483581542969
139   3.017796754837036
140   5.208954334259033
141   3.365859270095825
142   3.2433295249938965
143   4.28082275390625
144   2.83547306060791
145   3.0766217708587646
146   3.785278797149658
147   2.54024338722229
148   3.556122303009033
149   2.722698211669922
150   4.385882377624512
151   3.7150254249572754
152   3.6063218116760254
153   2.4831717014312744
154   3.9194064140319824
155   3.5741708278656006
156   2.5630428791046143
157   3.71107816696167
158   3.4496347904205322
159   4.120609760284424
160   3.790586471557617
161   4.20468282699585
162   2.930546998977661
163   3.5067098140716553
164   3.3697800636291504
