0   0.0
1   0.19428525865077972
2   0.21658551692962646
3   0.2038901001214981
4   0.21212495863437653
5   0.2000308334827423
6   0.20698505640029907
7   0.2036372870206833
8   0.21082435548305511
9   0.25725430250167847
10   0.31247615814208984
11   0.3943096399307251
12   0.5223335027694702
13   1.1091389656066895
14   1.8621782064437866
15   1.9651908874511719
16   2.367668390274048
17   2.4571919441223145
18   1.9217294454574585
19   1.5422548055648804
20   1.5552427768707275
21   1.8686561584472656
22   2.055144786834717
23   1.840814232826233
24   1.8440979719161987
25   1.7750661373138428
26   2.1543726921081543
27   1.9211452007293701
28   2.167001247406006
29   2.0384891033172607
30   1.7591145038604736
31   1.8032772541046143
32   1.8522849082946777
33   2.3972418308258057
34   1.9685319662094116
35   1.8225120306015015
36   1.7386349439620972
37   1.722798228263855
38   1.5552898645401
39   1.3727885484695435
40   1.9566062688827515
41   1.7649251222610474
42   1.7493553161621094
43   1.4682502746582031
44   1.381881594657898
45   1.8718140125274658
46   1.782098650932312
47   1.8413490056991577
48   1.5852891206741333
49   1.5896189212799072
50   1.8210763931274414
51   1.7447808980941772
52   1.8265318870544434
53   1.6674566268920898
54   1.8365974426269531
55   2.0766022205352783
56   1.5025995969772339
57   1.7043657302856445
58   2.1443991661071777
59   2.1008999347686768
60   1.6213228702545166
61   2.1125261783599854
62   1.8535312414169312
63   2.192750930786133
64   2.002819299697876
65   1.685272216796875
66   1.709137201309204
67   1.8901309967041016
68   1.6552178859710693
69   1.9923627376556396
70   1.6369731426239014
71   1.6768163442611694
72   1.56172513961792
73   1.8600150346755981
74   1.5467761754989624
75   1.961921215057373
76   1.9393236637115479
77   2.0608575344085693
78   1.781172752380371
79   1.7061817646026611
80   1.6638864278793335
81   1.904004693031311
82   1.7677981853485107
83   2.431117057800293
84   1.7236199378967285
85   1.6071587800979614
86   1.903186559677124
87   1.723227858543396
88   1.861045002937317
89   2.6495308876037598
90   2.007051467895508
91   2.0682196617126465
92   1.9419091939926147
93   1.9092079401016235
94   2.1816816329956055
95   1.9944813251495361
96   1.7205071449279785
97   2.1094484329223633
98   1.6933094263076782
99   1.7594550848007202
100   1.6919677257537842
101   1.766465663909912
102   1.8181036710739136
103   1.8447598218917847
104   1.7910375595092773
105   1.730229139328003
106   2.0692780017852783
107   1.8936614990234375
108   1.8605360984802246
109   1.8191453218460083
110   2.021820306777954
111   2.0813393592834473
112   1.9381564855575562
113   1.7179914712905884
114   1.8093971014022827
115   1.6505231857299805
116   1.95619535446167
117   1.681158423423767
118   1.7716357707977295
119   1.8742011785507202
120   1.8597570657730103
121   1.613953948020935
122   1.9142097234725952
123   1.5534946918487549
124   1.5224064588546753
125   1.892956256866455
126   2.1876015663146973
127   1.7122762203216553
128   1.9486198425292969
129   1.5293656587600708
130   1.7471208572387695
131   1.8129349946975708
132   1.5280388593673706
133   1.6424616575241089
134   1.7811145782470703
135   1.8894176483154297
136   1.7778313159942627
137   1.9086099863052368
138   1.6871376037597656
139   2.483362913131714
140   2.0569097995758057
141   1.812669038772583
142   2.044581174850464
143   1.6631362438201904
144   2.4733688831329346
145   1.6733078956604004
146   1.871264934539795
147   1.6241564750671387
148   1.7734594345092773
149   1.8617963790893555
150   2.170318603515625
151   2.1398298740386963
152   2.3840408325195313
153   2.4529833793640137
154   2.04768967628479
155   1.932237148284912
156   1.871382236480713
157   1.9178428649902344
158   1.8672791719436646
159   1.6041202545166016
160   1.835547685623169
161   1.7136300802230835
162   1.7844778299331665
163   1.6746464967727661
164   1.5233745574951172
165   2.180104970932007
166   1.8253085613250732
167   1.7355657815933228
168   1.6622633934020996
169   1.609110951423645
170   1.4876892566680908
171   1.292838454246521
172   1.723558783531189
173   1.8076071739196777
174   1.71797513961792
175   2.3280937671661377
176   1.9484541416168213
177   1.5555907487869263
178   1.6156327724456787
179   2.043233633041382
180   1.658244252204895
181   1.7420388460159302
182   1.651424527168274
183   1.7073134183883667
184   1.5945452451705933
185   2.1475636959075928
186   1.5936359167099
187   1.2869855165481567
188   1.7109858989715576
189   2.080108165740967
190   2.2676913738250732
191   1.7850511074066162
192   1.802457332611084
193   1.6911342144012451
194   1.7851600646972656
195   1.8054982423782349
196   2.432832717895508
197   2.048208236694336
198   1.764965295791626
199   2.674239158630371
200   2.5499534606933594
201   1.718849539756775
202   1.9909926652908325
203   1.8935035467147827
204   2.0098533630371094
205   1.7184723615646362
206   1.6569323539733887
207   1.778946876525879
208   1.873219609260559
209   1.346787691116333
210   1.9231820106506348
211   2.1498539447784424
212   2.0928955078125
213   2.3244619369506836
1   1.979468822479248
2   1.960007667541504
3   2.106996536254883
4   1.9341381788253784
5   2.3112680912017822
6   2.175657272338867
7   1.6324142217636108
8   2.415262222290039
9   2.2162704467773438
10   1.9722354412078857
11   1.5877920389175415
12   2.0074477195739746
13   2.503023624420166
14   1.8493634462356567
15   1.9874929189682007
16   1.7812069654464722
17   2.4958951473236084
18   2.4516494274139404
19   2.249892473220825
20   1.7960962057113647
1   1.8159186840057373
2   1.6547104120254517
3   1.3299641609191895
4   1.759738564491272
5   1.835172176361084
6   2.2382700443267822
7   1.5708410739898682
8   1.7316973209381104
9   1.588287591934204
10   1.9024300575256348
11   2.1190390586853027
12   2.160205602645874
13   1.8372642993927002
14   1.8652220964431763
15   2.046114444732666
16   1.817280650138855
17   1.8265206813812256
18   1.7820512056350708
19   1.7330292463302612
20   1.9633585214614868
21   1.8132895231246948
22   1.6588757038116455
23   2.053875684738159
24   1.6185096502304077
25   1.604376196861267
26   1.8042328357696533
27   1.8717906475067139
28   1.907395601272583
29   1.7465888261795044
30   1.9437685012817383
31   1.516623854637146
32   1.7592717409133911
33   2.349808692932129
34   1.6542034149169922
35   1.7691081762313843
36   2.009408473968506
37   1.832788348197937
38   1.785151481628418
39   1.7523488998413086
40   1.6618095636367798
41   2.0384035110473633
42   1.8273372650146484
43   1.7029192447662354
44   1.8203842639923096
45   2.1663215160369873
46   1.8060163259506226
47   1.8889615535736084
48   1.8423891067504883
49   2.0590381622314453
50   2.3642985820770264
51   2.4142115116119385
52   1.837559700012207
53   2.416840076446533
54   2.217473268508911
55   2.248579740524292
56   2.0025863647460938
57   1.9323753118515015
58   2.0446012020111084
59   1.9964414834976196
60   1.9653058052062988
61   2.0374858379364014
62   1.782141923904419
63   1.820878267288208
64   2.2112820148468018
65   2.091387987136841
66   2.130337953567505
67   2.381727695465088
68   2.1770565509796143
69   2.5627622604370117
70   1.8061600923538208
71   2.0724806785583496
72   2.1326141357421875
73   2.1118063926696777
74   2.5323874950408936
75   2.078763246536255
76   2.262640953063965
77   2.042137861251831
78   1.9982068538665771
79   2.8508377075195313
80   1.921054482460022
81   1.6988940238952637
82   2.1576764583587646
83   2.037233352661133
84   1.9440101385116577
85   1.887454867362976
86   1.699387550354004
87   2.383540391921997
88   2.7024173736572266
89   2.913656711578369
90   2.6544251441955566
91   2.1796717643737793
92   1.669642686843872
93   1.9867812395095825
94   2.156979560852051
95   2.2492356300354004
96   2.226374626159668
97   2.255746841430664
98   2.347815990447998
99   2.592886447906494
100   2.4713754653930664
101   2.186168670654297
102   1.9665573835372925
103   2.0982935428619385
104   2.0156660079956055
105   1.982612133026123
106   2.2144649028778076
107   1.6179190874099731
108   2.222287893295288
109   1.6373625993728638
110   1.9193682670593262
111   1.7441649436950684
112   1.670274257659912
113   1.791150450706482
114   2.4157278537750244
115   1.93654465675354
116   1.7795623540878296
117   1.9815807342529297
118   1.8050438165664673
119   1.9869873523712158
120   1.8436427116394043
121   2.9376864433288574
122   2.032970905303955
123   2.198544979095459
124   2.077941656112671
125   2.2701125144958496
126   1.750380039215088
127   1.8400908708572388
128   1.5045297145843506
129   1.8173964023590088
130   2.1825509071350098
131   2.1142115592956543
132   1.8197122812271118
133   1.616753339767456
134   1.5504964590072632
135   1.7228434085845947
136   1.811318278312683
137   1.6400400400161743
138   1.7663410902023315
139   2.188417673110962
140   1.7150566577911377
141   1.7546064853668213
142   1.9088311195373535
143   1.9248102903366089
144   1.596396803855896
145   1.586050271987915
146   1.841858148574829
147   1.8384121656417847
148   2.2122395038604736
149   1.8224769830703735
150   1.7416828870773315
151   1.588348388671875
152   1.6811147928237915
153   1.509371280670166
154   1.6747417449951172
155   1.9219849109649658
156   1.8867300748825073
157   1.7671915292739868
158   1.811590313911438
159   1.6537472009658813
160   1.9119997024536133
1   1.5421831607818604
2   1.780104637145996
3   2.0634007453918457
4   1.6125582456588745
5   1.6139241456985474
6   1.6715036630630493
7   1.6776069402694702
8   1.8394256830215454
9   1.8713561296463013
10   1.5861092805862427
11   1.6740790605545044
12   1.6727906465530396
13   1.896756649017334
14   2.0674781799316406
15   1.7095516920089722
16   1.9016441106796265
17   1.7196542024612427
18   1.675828218460083
19   1.644619107246399
20   1.8576446771621704
21   1.5404901504516602
22   1.7419588565826416
23   1.5248066186904907
24   1.6234338283538818
25   1.8034404516220093
26   1.8380322456359863
27   1.707423448562622
28   1.686237096786499
29   1.600756287574768
30   1.9179877042770386
31   1.4197771549224854
32   1.5195246934890747
33   1.3668240308761597
34   1.8071370124816895
35   2.311091423034668
36   1.8475202322006226
37   1.998899221420288
38   1.88247811794281
39   1.676018238067627
40   1.9240169525146484
41   1.7659204006195068
42   2.670923948287964
43   2.103214979171753
44   2.12375545501709
45   1.7706568241119385
46   1.7081024646759033
47   2.0876402854919434
48   1.7467821836471558
49   1.6085021495819092
50   1.6849274635314941
51   2.336848258972168
52   1.8214412927627563
53   2.1477468013763428
54   2.2677078247070313
55   1.876406192779541
56   2.1770567893981934
57   2.0772414207458496
58   1.8065482378005981
59   2.036587953567505
60   1.6010234355926514
61   1.3221851587295532
62   1.5638395547866821
63   2.0532851219177246
64   1.8252252340316772
65   1.8127405643463135
66   1.907095193862915
67   1.8047590255737305
68   2.0108439922332764
69   2.0692739486694336
70   2.303302764892578
71   1.8297309875488281
72   2.1946184635162354
73   1.9950850009918213
74   1.8271623849868774
75   1.7317781448364258
76   2.1297829151153564
77   1.7676599025726318
78   1.8119858503341675
79   1.5041362047195435
80   1.8038771152496338
81   1.8813420534133911
82   2.0404934883117676
83   1.923416256904602
84   1.8778660297393799
85   1.8202135562896729
86   2.0223350524902344
87   1.7015644311904907
88   2.1001689434051514
89   1.737937331199646
90   1.9733855724334717
91   2.0475215911865234
92   2.2999446392059326
93   1.6989327669143677
94   1.9205971956253052
95   1.7810603380203247
96   1.6769815683364868
97   1.6800711154937744
98   1.9376100301742554
99   2.2495920658111572
100   1.813689947128296
101   1.8664661645889282
102   2.5033438205718994
103   2.048706531524658
104   2.06862211227417
105   2.2088019847869873
106   1.7961184978485107
107   1.8391321897506714
108   2.060004234313965
109   1.662684679031372
110   1.7896368503570557
111   1.7788268327713013
112   1.645534873008728
113   1.8915607929229736
114   1.823390245437622
115   1.8979448080062866
116   1.6594817638397217
117   2.1055595874786377
118   1.887473225593567
119   1.6694297790527344
120   1.8708420991897583
121   1.8500102758407593
122   1.8967869281768799
123   1.7594072818756104
124   1.6866172552108765
125   1.5451724529266357
126   1.4781123399734497
127   1.7774786949157715
128   1.6518127918243408
129   1.784382939338684
130   1.3709073066711426
131   2.0059869289398193
132   1.7661200761795044
133   1.7249938249588013
134   1.6318212747573853
135   1.8094195127487183
136   1.9794131517410278
137   1.7407443523406982
138   1.952006459236145
139   1.7864081859588623
140   1.949416995048523
141   1.8081406354904175
142   1.8453810214996338
143   2.220125198364258
144   1.3506118059158325
145   1.992580771446228
146   1.8198624849319458
147   1.8881921768188477
148   1.596490502357483
149   1.6962896585464478
150   2.310520887374878
151   1.678512454032898
152   1.6613414287567139
153   1.7110012769699097
154   2.0762972831726074
155   1.714342713356018
156   1.9707573652267456
157   1.9440288543701172
158   2.123915672302246
159   1.9725456237792969
160   2.176142454147339
161   1.7803058624267578
162   1.7240980863571167
163   1.8092551231384277
164   2.062567710876465
