0   0.0
1   0.1957806944847107
2   0.19845876097679138
3   0.19708728790283203
4   0.18423029780387878
5   0.18936000764369965
6   0.20368707180023193
7   0.19230125844478607
8   0.19633400440216064
9   0.25679829716682434
10   0.29767468571662903
11   0.35474324226379395
12   0.5171356201171875
13   1.017000675201416
14   2.0636863708496094
15   1.9998120069503784
16   2.4826900959014893
17   2.5430757999420166
18   1.8365495204925537
19   1.4804798364639282
20   1.5991036891937256
21   1.8551230430603027
22   2.128873109817505
23   1.8906407356262207
24   1.9072191715240479
25   1.9061137437820435
26   2.171773910522461
27   1.973389983177185
28   2.097123146057129
29   2.0885825157165527
30   1.6519376039505005
31   1.7541788816452026
32   1.7694648504257202
33   2.4046170711517334
34   2.13057804107666
35   1.793657898902893
36   1.7215684652328491
37   1.7503838539123535
38   1.638885498046875
39   1.4730552434921265
40   2.0841193199157715
41   1.8158823251724243
42   1.8343746662139893
43   1.4972764253616333
44   1.4713548421859741
45   1.8482452630996704
46   1.8279157876968384
47   1.785706639289856
48   1.6406830549240112
49   1.5962127447128296
50   1.8316839933395386
51   1.7675846815109253
52   1.8766064643859863
53   1.585493564605713
54   2.015002489089966
55   2.191412925720215
56   1.6476689577102661
57   1.8324040174484253
58   2.2457423210144043
59   2.2848212718963623
60   1.5964404344558716
61   2.136188268661499
62   1.9131733179092407
63   2.119473457336426
64   2.073906421661377
65   1.6916085481643677
66   1.8496404886245728
67   1.9689977169036865
68   1.723609209060669
69   2.019111156463623
70   1.686922311782837
71   1.7792413234710693
72   1.6663545370101929
73   2.017141342163086
74   1.515116810798645
75   1.9816776514053345
76   1.9776848554611206
77   2.1327896118164063
78   1.8519642353057861
79   1.8604007959365845
80   1.7907854318618774
81   1.9472720623016357
82   1.8865351676940918
83   2.52797532081604
84   1.8317571878433228
85   1.6992050409317017
86   1.987015724182129
87   1.8629982471466064
88   1.907401442527771
89   2.4858968257904053
90   2.0681145191192627
91   2.0991649627685547
92   1.9491822719573975
93   1.9272007942199707
94   2.2121899127960205
95   2.0441129207611084
96   1.7621151208877563
97   2.254812717437744
98   1.8881603479385376
99   1.9244849681854248
100   1.7815754413604736
101   1.83928382396698
102   2.0025765895843506
103   1.9755265712738037
104   1.919252872467041
105   1.9485564231872559
106   2.332986831665039
107   2.0158534049987793
108   1.9844133853912354
109   2.003178358078003
110   2.073803424835205
111   2.1377696990966797
112   2.0578229427337646
113   1.8515856266021729
114   1.890279769897461
115   1.6727334260940552
116   1.9492262601852417
117   1.876853346824646
118   1.9134167432785034
119   2.0754127502441406
120   1.9684609174728394
121   1.7227481603622437
122   2.013017177581787
123   1.7191557884216309
124   1.670512318611145
125   1.9302310943603516
126   2.248000144958496
127   1.7479078769683838
128   2.0960545539855957
129   1.5348080396652222
130   1.861090898513794
131   1.8307782411575317
132   1.6158115863800049
133   1.6793285608291626
134   1.9177846908569336
135   2.101867437362671
136   1.850150465965271
137   2.0681116580963135
138   1.8213210105895996
139   2.5358242988586426
140   2.1926167011260986
141   1.941780686378479
142   2.2218568325042725
143   1.7669354677200317
144   2.6200644969940186
145   1.6896764039993286
146   2.0614116191864014
147   1.7350618839263916
148   1.8982083797454834
149   1.9308981895446777
150   2.261859655380249
151   2.2498059272766113
152   2.5409996509552
153   2.526080369949341
154   2.231182813644409
155   2.1027755737304688
156   2.0581231117248535
157   2.02254319190979
158   2.0425987243652344
159   1.7211120128631592
160   1.9648847579956055
161   1.92689847946167
162   1.7821779251098633
163   1.7877863645553589
164   1.5830600261688232
165   2.2054872512817383
166   1.9197241067886353
167   1.861337661743164
168   1.769487977027893
169   1.7684705257415771
170   1.5229765176773071
171   1.2982299327850342
172   1.8513926267623901
173   1.921188473701477
174   1.8789350986480713
175   2.4122135639190674
176   2.0958211421966553
177   1.5962822437286377
178   1.5955843925476074
179   2.188584327697754
180   1.7460227012634277
181   1.9083325862884521
182   1.8357590436935425
183   1.8382313251495361
184   1.7696597576141357
185   2.2699646949768066
186   1.698275089263916
187   1.4574339389801025
188   1.9031461477279663
189   2.1417346000671387
190   2.356217861175537
191   1.9264601469039917
192   1.9339525699615479
193   1.8779791593551636
194   1.8699650764465332
195   1.9308918714523315
196   2.541745901107788
197   2.1768674850463867
198   1.895892858505249
199   2.7194039821624756
200   2.6112043857574463
201   1.9279056787490845
202   2.056504726409912
203   1.999253511428833
204   2.1532440185546875
205   1.9117523431777954
206   1.7571641206741333
207   2.0121073722839355
208   1.9926984310150146
209   1.4881701469421387
210   1.9241455793380737
211   2.2022945880889893
212   2.196533679962158
213   2.4309334754943848
1   2.0846924781799316
2   2.1042275428771973
3   2.2170650959014893
4   1.9757840633392334
5   2.490388870239258
6   2.339580535888672
7   1.7621043920516968
8   2.553382635116577
9   2.3009347915649414
10   2.1060943603515625
11   1.6179423332214355
12   2.1488192081451416
13   2.6829192638397217
14   1.9321991205215454
15   2.0827629566192627
16   1.8639934062957764
17   2.6074345111846924
18   2.5785014629364014
19   2.3385140895843506
20   1.8706259727478027
1   1.9180266857147217
2   1.814125657081604
3   1.4483329057693481
4   1.9133362770080566
5   1.9629278182983398
6   2.388333559036255
7   1.6249185800552368
8   1.8218376636505127
9   1.7219284772872925
10   1.910405158996582
11   2.3130455017089844
12   2.0945534706115723
13   1.8714981079101563
14   1.9678804874420166
15   2.1722521781921387
16   1.9782214164733887
17   1.8122587203979492
18   1.910315752029419
19   1.7867379188537598
20   1.935878872871399
21   1.8707284927368164
22   1.7075501680374146
23   2.170698881149292
24   1.7042031288146973
25   1.6533366441726685
26   1.938502311706543
27   1.8958803415298462
28   1.9905699491500854
29   1.7780272960662842
30   2.093581199645996
31   1.5851291418075562
32   1.8856855630874634
33   2.465754747390747
34   1.7496970891952515
35   1.937237024307251
36   2.127441167831421
37   1.9817063808441162
38   1.9585529565811157
39   1.8315099477767944
40   1.737066388130188
41   2.2067484855651855
42   2.0041141510009766
43   1.8631428480148315
44   1.9576178789138794
45   2.2993550300598145
46   2.0269882678985596
47   1.984869360923767
48   1.933724284172058
49   2.1888771057128906
50   2.5278608798980713
51   2.5848822593688965
52   1.925799012184143
53   2.633136510848999
54   2.3951327800750732
55   2.3085951805114746
56   2.099646806716919
57   2.042729377746582
58   2.2828896045684814
59   2.1156294345855713
60   2.02609920501709
61   2.079936981201172
62   1.9306542873382568
63   1.9388585090637207
64   2.4525563716888428
65   2.231140613555908
66   2.2001235485076904
67   2.5412702560424805
68   2.2221460342407227
69   2.6509830951690674
70   1.8274608850479126
71   2.1079089641571045
72   2.160412073135376
73   1.9957221746444702
74   2.6157524585723877
75   2.1209657192230225
76   2.339027166366577
77   2.0525333881378174
78   2.0894739627838135
79   2.935671329498291
80   1.9812629222869873
81   1.767399549484253
82   2.3075110912323
83   2.0751237869262695
84   2.005181312561035
85   1.994842529296875
86   1.8284649848937988
87   2.4580905437469482
88   2.6845035552978516
89   2.905062437057495
90   2.6588923931121826
91   2.255122423171997
92   1.7751470804214478
93   2.0204386711120605
94   2.119161605834961
95   2.193321943283081
96   2.0811588764190674
97   2.237527847290039
98   2.351484537124634
99   2.517397403717041
100   2.490417957305908
101   2.1494369506835938
102   1.9094557762145996
103   2.03637957572937
104   1.9190754890441895
105   1.9514790773391724
106   2.309342622756958
107   1.700317144393921
108   2.2343332767486572
109   1.8036407232284546
110   1.9359920024871826
111   1.7987592220306396
112   1.7753825187683105
113   1.9737204313278198
114   2.576568365097046
115   2.0701024532318115
116   1.9376983642578125
117   1.9686925411224365
118   1.8559560775756836
119   2.1297976970672607
120   1.9206091165542603
121   3.1330432891845703
122   2.1425023078918457
123   2.2793939113616943
124   2.1333823204040527
125   2.417146682739258
126   1.9152698516845703
127   1.9777438640594482
128   1.670264720916748
129   1.9824674129486084
130   2.250565767288208
131   2.247715950012207
132   1.916640281677246
133   1.7606638669967651
134   1.7137502431869507
135   1.8901195526123047
136   2.036857843399048
137   1.7903540134429932
138   1.931154727935791
139   2.065931797027588
140   1.9141110181808472
141   1.868256688117981
142   2.059856414794922
143   2.0899658203125
144   1.7163569927215576
145   1.6079864501953125
146   1.91004478931427
147   1.8542033433914185
148   2.3291993141174316
149   1.9394538402557373
150   1.8930672407150269
151   1.626983880996704
152   1.8268754482269287
153   1.6561956405639648
154   1.8888212442398071
155   1.9681611061096191
156   2.058474540710449
157   1.828765869140625
158   1.9642829895019531
159   1.8841689825057983
160   2.0630054473876953
1   1.6258859634399414
2   1.9467605352401733
3   2.090686082839966
4   1.6967577934265137
5   1.6770819425582886
6   1.8382641077041626
7   1.795483946800232
8   1.878214716911316
9   2.032036542892456
10   1.7002055644989014
11   1.8428748846054077
12   1.8027808666229248
13   2.0017032623291016
14   2.112618923187256
15   1.8172606229782104
16   2.0244510173797607
17   1.8607659339904785
18   1.7197237014770508
19   1.81350576877594
20   2.0358238220214844
21   1.6993688344955444
22   1.944186806678772
23   1.6299769878387451
24   1.7977811098098755
25   2.0146875381469727
26   1.9388313293457031
27   1.7604525089263916
28   1.7930008172988892
29   1.7417573928833008
30   2.081697940826416
31   1.4870423078536987
32   1.4789161682128906
33   1.5009626150131226
34   1.9731956720352173
35   2.4989824295043945
36   1.973038673400879
37   2.1373941898345947
38   2.0210070610046387
39   1.8153042793273926
40   1.8662594556808472
41   1.6562752723693848
42   2.601685047149658
43   2.1833584308624268
44   2.1262521743774414
45   1.949014663696289
46   1.7894223928451538
47   2.215285301208496
48   1.8241219520568848
49   1.745705485343933
50   1.8545430898666382
51   2.489353895187378
52   1.7925223112106323
53   2.160675287246704
54   2.2921106815338135
55   1.859171986579895
56   2.2218189239501953
57   2.1287877559661865
58   1.847833275794983
59   2.0766050815582275
60   1.7296462059020996
61   1.386059045791626
62   1.6159265041351318
63   2.077744960784912
64   2.0213897228240967
65   2.0999491214752197
66   2.060457706451416
67   2.0508852005004883
68   2.1560661792755127
69   2.257748603820801
70   2.345665216445923
71   1.9948512315750122
72   2.302053213119507
73   2.1820428371429443
74   1.9781272411346436
75   1.8271623849868774
76   2.2030839920043945
77   1.907263994216919
78   2.050511360168457
79   1.6770859956741333
80   1.94645094871521
81   1.7399320602416992
82   2.0333073139190674
83   1.9047319889068604
84   1.8445541858673096
85   1.9136854410171509
86   2.0455446243286133
87   1.7334787845611572
88   2.1514933109283447
89   1.8701673746109009
90   2.076059341430664
91   2.005430221557617
92   2.3535115718841553
93   1.797878623008728
94   2.0426926612854004
95   1.9061094522476196
96   1.776100516319275
97   1.7624272108078003
98   2.089423179626465
99   2.2762041091918945
100   1.9252676963806152
101   2.0436673164367676
102   2.723292350769043
103   2.201596260070801
104   2.252828598022461
105   2.385223865509033
106   1.899138331413269
107   1.9131180047988892
108   2.098478078842163
109   1.6862871646881104
110   1.9605841636657715
111   1.9351911544799805
112   1.721411108970642
113   2.018237352371216
114   1.8781843185424805
115   2.000755786895752
116   1.6530503034591675
117   2.1728155612945557
118   1.9980571269989014
119   1.7952631711959839
120   2.064551830291748
121   1.9160982370376587
122   1.9849481582641602
123   1.8689110279083252
124   1.6993581056594849
125   1.6794198751449585
126   1.5393013954162598
127   1.8980052471160889
128   1.6823627948760986
129   1.822038173675537
130   1.403622031211853
131   2.0083155632019043
132   1.8486042022705078
133   1.765602469444275
134   1.690138578414917
135   2.018925666809082
136   2.15592360496521
137   1.9220774173736572
138   2.0398178100585938
139   1.9143033027648926
140   2.056182384490967
141   1.9736336469650269
142   1.9679179191589355
143   2.319061279296875
144   1.4821580648422241
145   2.042600631713867
146   1.889939546585083
147   1.9518413543701172
148   1.5953395366668701
149   1.7541632652282715
150   2.262586832046509
151   1.7564276456832886
152   1.82632315158844
153   1.7561535835266113
154   2.172731876373291
155   1.7729063034057617
156   1.9461450576782227
157   1.8312910795211792
158   2.0928874015808105
159   2.0761754512786865
160   2.2261345386505127
161   1.899151086807251
162   1.772599220275879
163   1.7969372272491455
164   2.161862373352051
