0   15.798117637634277
1   15.800395011901855
2   15.796966552734375
3   15.797157287597656
4   15.816359519958496
5   15.792036056518555
6   15.800338745117188
7   15.77685260772705
8   15.803390502929688
9   15.831816673278809
10   15.773728370666504
11   15.822909355163574
12   15.802783966064453
13   15.764410018920898
14   16.02427101135254
15   15.912968635559082
16   15.608781814575195
17   16.09888458251953
18   15.798551559448242
19   15.871308326721191
20   15.868471145629883
21   15.835501670837402
22   15.666189193725586
23   15.623730659484863
24   15.514593124389648
25   15.875125885009766
26   15.729273796081543
27   15.533132553100586
28   15.649456977844238
29   15.58205509185791
30   15.74204158782959
31   15.588532447814941
32   16.003463745117188
33   15.741129875183105
34   15.704670906066895
35   15.649272918701172
36   15.911937713623047
37   15.715975761413574
38   15.506896018981934
39   15.739533424377441
40   15.965738296508789
41   15.726455688476563
42   15.660881996154785
43   15.857844352722168
44   15.619983673095703
45   15.605880737304688
46   15.819758415222168
47   15.493078231811523
48   15.426129341125488
49   15.727843284606934
50   15.838224411010742
51   15.780241966247559
52   15.839811325073242
53   15.520644187927246
54   15.605547904968262
55   15.848701477050781
56   15.80469799041748
57   15.724370002746582
58   15.709244728088379
59   15.586352348327637
60   15.654438018798828
61   15.659189224243164
62   15.580138206481934
63   15.84134578704834
64   16.183618545532227
65   15.59892463684082
66   15.957453727722168
67   15.895050048828125
68   15.709922790527344
69   15.575723648071289
70   15.633159637451172
71   15.752577781677246
72   15.749007225036621
73   15.794020652770996
74   15.929754257202148
75   15.861687660217285
76   15.980792999267578
77   15.714688301086426
78   16.00106430053711
79   15.634037971496582
80   15.714767456054688
81   15.712860107421875
82   15.452252388000488
83   15.884888648986816
84   15.76151180267334
85   15.712928771972656
86   15.607962608337402
87   15.493487358093262
88   15.625572204589844
89   15.794294357299805
90   15.816040992736816
91   15.506204605102539
92   15.851899147033691
93   15.961613655090332
94   16.121627807617188
95   15.722258567810059
96   15.62612247467041
97   15.610830307006836
98   15.753016471862793
99   15.526501655578613
100   15.9048490524292
101   15.809826850891113
102   15.817949295043945
103   15.835066795349121
104   15.887969017028809
105   15.938091278076172
106   15.589465141296387
107   15.804841041564941
108   15.446002006530762
109   15.485032081604004
110   15.602624893188477
111   15.795917510986328
112   15.623600006103516
113   15.989348411560059
114   15.801777839660645
115   15.559649467468262
116   15.784414291381836
117   15.98793888092041
118   15.429834365844727
119   15.696621894836426
120   15.398612022399902
121   15.856430053710938
122   15.892147064208984
123   15.797636032104492
124   15.640942573547363
125   15.935473442077637
126   15.650994300842285
127   15.748927116394043
128   15.731587409973145
129   15.787373542785645
130   16.020587921142578
131   15.812617301940918
132   15.813386917114258
133   15.761791229248047
134   16.119497299194336
135   15.775164604187012
136   15.474590301513672
137   15.713047981262207
138   15.788918495178223
139   15.408845901489258
140   15.877142906188965
141   15.833569526672363
142   15.583698272705078
143   15.771738052368164
144   15.836053848266602
145   15.778421401977539
146   15.770735740661621
147   15.63163948059082
148   15.206023216247559
149   15.9208984375
150   15.979414939880371
151   15.698484420776367
152   15.75147819519043
153   15.578835487365723
154   16.124725341796875
155   15.662598609924316
156   15.524829864501953
157   15.74695110321045
158   15.685911178588867
159   15.67950439453125
160   15.653580665588379
161   15.83883285522461
162   15.630183219909668
163   15.601910591125488
164   15.426475524902344
165   15.590508460998535
166   15.693787574768066
167   15.46389389038086
168   15.777721405029297
169   15.294991493225098
170   15.480119705200195
171   15.506134033203125
172   15.588357925415039
173   15.677736282348633
174   15.522993087768555
175   15.622903823852539
176   15.410053253173828
177   15.634726524353027
178   15.925531387329102
179   15.703364372253418
180   16.153602600097656
181   15.753397941589355
182   15.681079864501953
183   15.728243827819824
184   16.062009811401367
185   15.738007545471191
186   15.855568885803223
187   15.485847473144531
188   15.876465797424316
189   15.654473304748535
190   16.083932876586914
191   15.503216743469238
192   15.722163200378418
193   15.866729736328125
194   16.044633865356445
195   15.645858764648438
196   15.698163032531738
197   15.651082038879395
198   16.153812408447266
199   15.990692138671875
200   15.918380737304688
201   15.753772735595703
202   15.674260139465332
203   15.873099327087402
204   15.52035903930664
205   15.763579368591309
206   15.628259658813477
207   15.938380241394043
208   15.65854263305664
209   15.876408576965332
210   15.863805770874023
211   15.40052604675293
212   15.761470794677734
213   15.667970657348633
