1   15.632546424865723
2   15.646382331848145
3   15.701390266418457
4   15.777207374572754
5   15.841094017028809
6   15.786961555480957
7   15.958040237426758
8   15.682186126708984
9   15.849079132080078
10   15.985854148864746
11   15.766757011413574
12   16.060590744018555
13   15.69231128692627
14   15.682616233825684
15   15.914102554321289
16   15.982625961303711
17   15.799423217773438
18   15.764510154724121
19   15.859539031982422
20   15.881268501281738
21   16.052827835083008
22   15.70328140258789
23   16.10137367248535
24   16.14360809326172
25   15.89963150024414
26   16.170392990112305
27   15.709355354309082
28   15.896946907043457
29   15.98900032043457
30   15.667268753051758
31   15.820828437805176
32   15.72204875946045
33   15.907872200012207
34   15.756452560424805
35   15.526224136352539
36   15.75375747680664
37   15.792885780334473
38   16.03193473815918
39   15.663840293884277
40   15.50687313079834
41   15.569222450256348
42   15.625575065612793
43   15.736568450927734
44   15.748841285705566
45   15.619372367858887
46   15.5766019821167
47   15.817127227783203
48   15.467310905456543
49   15.496832847595215
50   15.572602272033691
51   15.964080810546875
52   15.538213729858398
53   15.804226875305176
54   15.595684051513672
55   15.804389953613281
56   15.509687423706055
57   15.940740585327148
58   15.980316162109375
59   15.88339614868164
60   15.961085319519043
61   15.797789573669434
62   15.644554138183594
63   15.951659202575684
64   15.878579139709473
65   15.4133882522583
66   15.66204833984375
67   15.998039245605469
68   15.775707244873047
69   15.52485466003418
70   15.588929176330566
71   15.708505630493164
72   15.774168968200684
73   15.581363677978516
74   15.984180450439453
75   15.740283012390137
76   15.644991874694824
77   16.020036697387695
78   15.551607131958008
79   15.811294555664063
80   15.730461120605469
81   15.637338638305664
82   15.90987491607666
83   15.646520614624023
84   15.673215866088867
85   15.984600067138672
86   15.731531143188477
87   15.70307445526123
88   16.092416763305664
89   15.733537673950195
90   15.775148391723633
91   15.66659927368164
92   15.594277381896973
93   15.812731742858887
94   15.683248519897461
95   15.611289978027344
96   15.638562202453613
97   15.754034996032715
98   15.70700740814209
99   15.680078506469727
100   15.815356254577637
101   15.584455490112305
102   15.599221229553223
103   15.734200477600098
104   15.818936347961426
105   15.613699913024902
106   15.786786079406738
107   15.791316032409668
108   15.515707015991211
109   15.555237770080566
110   15.684754371643066
111   15.73105525970459
112   15.644795417785645
113   15.80247974395752
114   15.737993240356445
115   15.88010025024414
116   15.614578247070313
117   15.613014221191406
118   15.557088851928711
119   15.605477333068848
120   15.795888900756836
121   15.439994812011719
122   15.882974624633789
123   15.944823265075684
124   15.519238471984863
125   15.611238479614258
126   15.629971504211426
127   15.863238334655762
128   15.626997947692871
129   15.628491401672363
130   15.827471733093262
131   15.842642784118652
132   15.491677284240723
133   15.631052017211914
134   15.774564743041992
135   15.520809173583984
136   15.62067985534668
137   15.635980606079102
138   15.53052806854248
139   15.635188102722168
140   15.633133888244629
141   15.569438934326172
142   15.555559158325195
143   15.65189266204834
144   15.771808624267578
145   15.64172649383545
146   15.757237434387207
147   15.511341094970703
148   15.486100196838379
149   15.869430541992188
150   15.548531532287598
151   15.729334831237793
152   15.850883483886719
153   16.052257537841797
154   15.864256858825684
155   15.692205429077148
156   15.649626731872559
157   15.514564514160156
158   15.611181259155273
159   15.625929832458496
160   16.21137237548828
