1   15.688982009887695
2   15.873763084411621
3   15.636883735656738
4   15.699629783630371
5   15.887321472167969
6   15.830217361450195
7   15.9639253616333
8   15.792922973632813
9   15.613994598388672
10   15.757284164428711
11   15.968917846679688
12   15.893475532531738
13   15.703139305114746
14   15.78127384185791
15   15.91481876373291
16   15.925139427185059
17   16.00650978088379
18   15.983506202697754
19   15.790913581848145
20   15.799736022949219
21   16.06612205505371
22   15.831045150756836
23   15.7606782913208
24   16.02770233154297
25   15.739513397216797
26   15.82435131072998
27   15.778003692626953
28   16.058019638061523
29   15.789194107055664
30   15.792181015014648
31   15.733844757080078
32   15.669938087463379
33   15.413073539733887
34   15.539085388183594
35   15.580268859863281
36   15.748381614685059
37   15.765286445617676
38   15.55064582824707
39   15.713871955871582
40   15.483073234558105
41   15.640336036682129
42   15.641111373901367
43   15.712224960327148
44   15.50563907623291
45   15.767810821533203
46   15.831765174865723
47   15.699016571044922
48   15.656062126159668
49   15.71139907836914
50   15.815491676330566
51   15.867264747619629
52   15.59174919128418
53   15.587916374206543
54   15.74906063079834
55   15.701566696166992
56   15.628437995910645
57   15.702244758605957
58   15.716120719909668
59   15.818404197692871
60   15.882654190063477
61   15.808058738708496
62   15.656167030334473
63   15.602920532226563
64   15.779903411865234
65   15.400246620178223
66   15.53925609588623
67   15.553610801696777
68   15.71615219116211
69   15.737725257873535
70   15.711697578430176
71   15.92025089263916
72   15.9761323928833
73   15.689072608947754
74   15.552266120910645
75   16.08907127380371
76   15.559774398803711
77   15.83517837524414
78   15.838882446289063
79   15.723987579345703
80   15.59472942352295
81   16.05218505859375
82   15.415667533874512
83   15.608842849731445
84   15.786369323730469
85   15.8489408493042
86   15.732952117919922
87   15.865357398986816
88   15.543510437011719
89   15.904267311096191
90   15.70654296875
91   15.810758590698242
92   16.07826042175293
93   16.152591705322266
94   15.86300277709961
95   15.704245567321777
96   15.892895698547363
97   16.277435302734375
98   15.974672317504883
99   16.222375869750977
100   15.30557632446289
101   15.71118450164795
102   15.97230339050293
103   15.560066223144531
104   15.441661834716797
105   15.786948204040527
106   15.676000595092773
107   15.790260314941406
108   15.396023750305176
109   15.719799041748047
110   15.596246719360352
111   15.812248229980469
112   15.749022483825684
113   15.967841148376465
114   16.079978942871094
115   16.00592613220215
116   15.900952339172363
117   15.549829483032227
118   15.694428443908691
119   15.650375366210938
120   15.704068183898926
121   15.957259178161621
122   15.767067909240723
123   15.535505294799805
124   15.636484146118164
125   15.629127502441406
126   15.75151252746582
127   15.732807159423828
128   15.922511100769043
129   15.882978439331055
130   15.912130355834961
131   15.791708946228027
132   15.81554889678955
133   15.780710220336914
134   15.577351570129395
135   15.777793884277344
136   15.633015632629395
137   15.665565490722656
138   15.511588096618652
139   15.645987510681152
140   15.6924409866333
141   15.53791618347168
142   15.844541549682617
143   15.95362377166748
144   15.520628929138184
145   15.744498252868652
146   15.541709899902344
147   15.655394554138184
148   15.653414726257324
149   15.708271026611328
150   15.863780975341797
151   15.906160354614258
152   15.838554382324219
153   15.830924034118652
154   15.839686393737793
155   15.996849060058594
156   15.881998062133789
157   15.986011505126953
158   15.74467945098877
159   16.158849716186523
160   15.662187576293945
161   15.764891624450684
162   15.756673812866211
163   15.876496315002441
164   15.810454368591309
