0   15.79811954498291
1   15.816742897033691
2   15.793168067932129
3   15.799534797668457
4   15.839390754699707
5   15.772475242614746
6   15.804707527160645
7   15.789146423339844
8   15.804073333740234
9   16.010297775268555
10   15.547359466552734
11   15.463679313659668
12   15.454572677612305
13   15.528692245483398
14   15.524039268493652
15   15.494166374206543
16   15.657057762145996
17   15.657641410827637
18   15.427412986755371
19   15.712358474731445
20   15.587873458862305
21   15.812982559204102
22   15.678749084472656
23   15.666105270385742
24   15.525714874267578
25   15.461763381958008
26   15.584924697875977
27   15.629328727722168
28   15.6519136428833
29   15.669066429138184
30   15.729844093322754
31   15.517890930175781
32   15.695703506469727
33   15.826845169067383
34   15.563425064086914
35   15.563592910766602
36   15.80472183227539
37   15.743199348449707
38   15.453451156616211
39   15.630402565002441
40   15.551233291625977
41   15.558587074279785
42   15.770886421203613
43   15.761248588562012
44   15.793547630310059
45   15.581681251525879
46   15.752242088317871
47   15.679645538330078
48   15.562848091125488
49   15.590422630310059
50   15.715044975280762
51   15.722234725952148
52   15.665907859802246
53   15.740428924560547
54   15.806944847106934
55   15.572928428649902
56   15.480628967285156
57   15.920880317687988
58   15.522017478942871
59   15.564764022827148
60   15.699549674987793
61   15.740008354187012
62   15.588977813720703
63   15.624244689941406
64   15.634317398071289
65   15.652589797973633
66   15.537975311279297
67   15.513582229614258
68   15.754891395568848
69   15.737858772277832
70   15.57384204864502
71   15.800592422485352
72   15.658764839172363
73   15.701119422912598
74   15.744047164916992
75   15.66831111907959
76   15.685503959655762
77   15.573579788208008
78   15.724861145019531
79   15.814059257507324
80   15.522220611572266
81   15.766379356384277
82   15.677071571350098
83   15.670645713806152
84   15.863483428955078
85   15.820859909057617
86   15.652092933654785
87   15.6846923828125
88   15.657236099243164
89   15.635520935058594
90   15.885563850402832
91   15.82496452331543
92   15.571794509887695
93   15.720598220825195
94   15.79203987121582
95   15.626317024230957
96   15.739386558532715
97   15.721487045288086
98   15.555675506591797
99   15.873369216918945
100   15.569805145263672
101   15.676934242248535
102   15.55439281463623
103   15.777942657470703
104   15.656850814819336
105   15.762113571166992
106   15.831809997558594
107   15.73856258392334
108   15.756592750549316
109   15.989914894104004
110   16.009984970092773
111   15.767102241516113
112   15.78052043914795
113   15.720794677734375
114   15.830798149108887
115   15.851582527160645
116   15.72214412689209
117   15.735711097717285
118   15.692368507385254
119   15.925146102905273
120   15.81136703491211
121   15.679424285888672
122   15.773951530456543
123   15.879680633544922
124   15.782981872558594
125   15.843767166137695
126   15.83503246307373
127   15.691484451293945
128   15.792529106140137
129   15.771623611450195
130   15.8801851272583
131   15.796420097351074
132   15.812104225158691
133   15.668004989624023
134   15.425562858581543
135   15.834237098693848
136   15.650022506713867
137   15.502427101135254
138   15.945392608642578
139   15.697502136230469
140   15.534667015075684
141   15.657506942749023
142   15.7977876663208
143   15.835555076599121
144   15.59030818939209
145   15.481800079345703
146   15.501077651977539
147   15.648280143737793
148   15.55822467803955
149   15.890730857849121
150   15.707086563110352
151   15.873648643493652
152   15.661014556884766
153   15.563323020935059
154   15.60942554473877
155   15.545619010925293
156   15.77939510345459
157   15.784873962402344
158   15.877784729003906
159   15.701629638671875
160   15.582581520080566
161   15.71854019165039
162   15.739084243774414
163   15.770143508911133
164   15.669998168945313
165   15.892096519470215
166   15.860952377319336
167   15.826434135437012
168   15.702925682067871
169   15.355298042297363
170   15.739027976989746
171   15.54542064666748
172   15.688332557678223
173   15.794471740722656
174   15.483257293701172
175   15.664651870727539
176   15.62632942199707
177   15.79740047454834
178   15.61510944366455
179   15.638821601867676
180   15.557533264160156
181   15.756559371948242
182   15.60311508178711
183   15.598039627075195
184   16.091259002685547
185   15.907553672790527
186   15.877897262573242
187   15.775876998901367
188   15.714349746704102
189   15.731339454650879
190   15.664848327636719
191   15.707268714904785
192   15.623939514160156
193   15.610949516296387
194   15.780118942260742
195   15.695075035095215
196   15.52400016784668
197   15.941302299499512
198   15.978678703308105
199   15.896980285644531
200   15.737476348876953
201   15.880297660827637
202   15.801078796386719
203   15.677154541015625
204   15.780779838562012
205   15.879630088806152
206   15.684389114379883
207   15.678629875183105
208   15.786443710327148
