1   15.392227172851563
2   15.603978157043457
3   15.312348365783691
4   15.37209701538086
5   15.453261375427246
6   15.71231746673584
7   15.830379486083984
8   15.635371208190918
9   15.563154220581055
10   15.532322883605957
11   15.738122940063477
12   15.645505905151367
13   15.584773063659668
14   15.410370826721191
15   15.803500175476074
16   15.555928230285645
17   15.800132751464844
18   15.462686538696289
19   15.337384223937988
20   15.606595993041992
21   15.67668628692627
22   15.423312187194824
23   15.441213607788086
24   15.595006942749023
25   15.526726722717285
26   15.52062702178955
27   15.474984169006348
28   15.662174224853516
29   15.47957706451416
30   15.603121757507324
31   15.798418998718262
32   15.64301586151123
33   15.56296443939209
34   15.557623863220215
35   15.599875450134277
36   15.511922836303711
37   15.601924896240234
38   15.64771556854248
39   15.745880126953125
40   15.281817436218262
41   15.427367210388184
42   15.564770698547363
43   15.53618049621582
44   15.54387378692627
45   15.565657615661621
46   15.501686096191406
47   15.461372375488281
48   15.335281372070313
49   15.555130004882813
50   15.45401382446289
51   15.507731437683105
52   15.406189918518066
53   15.3537015914917
54   15.538949966430664
55   15.700345039367676
56   15.35582160949707
57   15.388622283935547
58   15.620329856872559
59   15.444151878356934
60   15.489413261413574
61   15.738454818725586
62   15.370405197143555
63   15.743232727050781
64   15.571391105651855
65   15.722835540771484
66   15.459546089172363
67   15.47977352142334
68   15.37678337097168
69   15.533815383911133
70   15.553146362304688
71   15.646990776062012
72   15.661345481872559
73   15.5703763961792
74   15.411967277526855
75   15.658341407775879
76   15.38303279876709
77   15.370532989501953
78   15.432323455810547
79   15.58178424835205
80   15.445019721984863
81   15.283817291259766
82   15.660305976867676
83   15.372084617614746
84   15.378348350524902
85   15.524332046508789
86   15.410665512084961
87   15.52155876159668
88   15.707876205444336
89   15.478813171386719
90   15.401556015014648
91   15.490248680114746
92   15.489319801330566
93   15.738348960876465
94   15.518097877502441
95   15.768142700195313
96   15.549664497375488
97   15.411444664001465
98   15.467440605163574
99   15.78483772277832
100   15.360719680786133
101   15.474427223205566
102   15.620035171508789
103   15.426971435546875
104   15.593430519104004
105   15.671475410461426
106   15.724299430847168
107   15.523056983947754
108   15.488485336303711
109   15.563216209411621
110   15.33460521697998
111   15.729909896850586
112   15.400870323181152
113   15.262466430664063
114   15.610458374023438
115   15.48985767364502
116   15.490446090698242
117   15.470926284790039
118   15.585638046264648
119   15.469097137451172
120   15.628193855285645
121   15.517162322998047
122   15.334338188171387
123   15.511985778808594
124   15.570762634277344
125   15.440326690673828
126   15.583386421203613
127   15.495440483093262
128   15.396564483642578
129   15.319490432739258
130   15.421294212341309
131   15.344064712524414
132   15.527921676635742
133   15.414515495300293
134   15.416749000549316
135   15.49394416809082
136   15.582830429077148
137   15.675248146057129
138   15.412501335144043
139   15.571589469909668
140   15.6344575881958
141   15.44442367553711
142   15.383705139160156
143   15.58655834197998
144   15.547418594360352
145   15.709688186645508
146   15.557660102844238
147   15.407196044921875
148   15.33708381652832
149   15.734806060791016
150   15.601922988891602
151   15.728734970092773
152   15.624063491821289
153   15.516777038574219
154   15.511584281921387
155   15.496028900146484
156   15.418790817260742
157   15.424867630004883
158   15.561676979064941
159   15.423319816589355
160   15.522032737731934
