0   0.0
1   1.8358774185180664
2   1.7382766008377075
3   1.6758148670196533
4   1.963276982307434
5   1.7530229091644287
6   1.656385064125061
7   1.6405279636383057
8   1.7488439083099365
9   1.9125829935073853
10   1.9111390113830566
11   2.1152052879333496
12   1.8658801317214966
13   1.7462056875228882
14   1.7564979791641235
15   1.419861078262329
16   2.0026800632476807
17   1.6746718883514404
18   1.9124417304992676
19   1.7480823993682861
20   1.9336496591567993
21   1.9597164392471313
22   1.9133415222167969
23   1.9941951036453247
24   1.4918628931045532
25   1.8986961841583252
26   1.952235221862793
27   1.6337308883666992
28   2.032930612564087
29   1.8523083925247192
30   2.092726707458496
31   2.1545281410217285
32   2.0335540771484375
33   1.6356698274612427
34   2.0373263359069824
35   1.8498131036758423
36   1.6816285848617554
37   1.7078777551651
38   1.9574092626571655
39   2.042202949523926
40   1.927945613861084
41   1.8628841638565063
42   1.8993382453918457
43   1.7318758964538574
44   1.7982436418533325
45   1.7884291410446167
46   1.8829541206359863
47   1.67290198802948
48   1.8156592845916748
49   1.8388088941574097
50   1.8195037841796875
51   1.8330379724502563
52   1.8977636098861694
53   2.075894832611084
54   2.0939736366271973
55   1.7122323513031006
56   1.8527354001998901
57   1.8223791122436523
58   1.7434364557266235
59   1.992485761642456
60   2.2604100704193115
61   1.496517539024353
62   1.8999680280685425
63   2.019483804702759
64   1.9564659595489502
65   1.6270136833190918
66   1.6423873901367188
67   1.551834225654602
68   2.102004289627075
69   1.7298239469528198
70   1.6466621160507202
71   1.57805597782135
72   1.8005225658416748
73   1.6659661531448364
74   1.8130059242248535
75   1.7606009244918823
76   1.7295039892196655
77   1.6411088705062866
78   2.0047829151153564
79   1.7558207511901855
80   2.398831844329834
81   1.6900995969772339
82   1.7116554975509644
83   2.0658209323883057
84   1.9617503881454468
85   1.9564335346221924
86   2.0078272819519043
87   1.8936890363693237
88   1.7013686895370483
89   1.9138931035995483
90   1.703547477722168
91   1.6910475492477417
92   1.7604825496673584
93   1.7673062086105347
94   1.8791756629943848
95   1.9431359767913818
96   1.9994869232177734
97   1.46501886844635
98   2.0321085453033447
99   1.5698879957199097
100   1.7554891109466553
101   1.91079843044281
102   1.7497193813323975
103   1.7131587266921997
104   1.5865415334701538
105   1.800995111465454
106   1.8449572324752808
107   1.9879121780395508
108   1.8399865627288818
109   1.5896655321121216
110   2.1065738201141357
111   1.9341782331466675
112   1.6894193887710571
113   1.808805227279663
114   2.0372848510742188
115   1.708241581916809
116   1.800479769706726
117   1.6995538473129272
118   1.8151227235794067
119   1.691516637802124
120   1.8330988883972168
121   1.7755309343338013
122   1.8008666038513184
123   1.8129597902297974
124   1.9774307012557983
125   1.8756260871887207
126   1.7207486629486084
127   1.8044118881225586
128   1.6924833059310913
129   1.8535244464874268
130   1.708735704421997
131   1.8846619129180908
132   1.6446723937988281
133   1.8770239353179932
134   1.8025074005126953
135   1.7800946235656738
136   1.7386181354522705
137   1.8989291191101074
138   1.67349374294281
139   1.8381298780441284
140   1.970426082611084
141   1.8530677556991577
142   1.7257028818130493
143   1.8191149234771729
144   1.9025527238845825
145   1.7648128271102905
146   2.0654137134552
147   1.9314063787460327
148   1.7024526596069336
149   1.8662794828414917
150   2.152588367462158
151   1.9109165668487549
152   1.9612866640090942
153   1.719002366065979
154   1.81692636013031
155   1.7162877321243286
156   1.7812246084213257
157   1.6264499425888062
158   1.6579681634902954
159   1.6717945337295532
160   1.7974175214767456
161   1.5911129713058472
162   1.951870083808899
163   1.6739606857299805
164   1.792994499206543
165   1.8621176481246948
166   1.6553230285644531
167   1.8426954746246338
168   1.802595853805542
169   1.8237028121948242
170   1.739678978919983
171   2.1035854816436768
172   1.6215375661849976
173   1.6887388229370117
174   1.8003199100494385
175   1.755687952041626
176   1.8290610313415527
177   1.7600384950637817
178   1.7492259740829468
179   1.6781160831451416
180   1.453462839126587
181   1.688541293144226
182   1.9414724111557007
183   2.1605560779571533
184   1.6295733451843262
185   1.7568986415863037
186   2.292778491973877
187   1.8501588106155396
188   1.4201308488845825
189   2.2896475791931152
190   1.873284935951233
191   1.6063227653503418
192   1.4770265817642212
193   1.544869303703308
194   2.3697803020477295
195   1.692229151725769
196   1.5176515579223633
197   1.4564377069473267
198   1.7594987154006958
199   1.959533452987671
200   1.9356364011764526
201   1.1435439586639404
202   1.652643084526062
203   1.7255215644836426
204   1.6392438411712646
205   1.7030537128448486
206   1.4851963520050049
207   1.6320908069610596
208   1.6053017377853394
209   1.8504265546798706
210   2.217452049255371
211   1.3886730670928955
212   2.3742849826812744
213   1.9913315773010254
214   2.78548264503479
215   1.4406849145889282
216   1.069690465927124
217   1.1031243801116943
218   2.471292734146118
219   1.904468297958374
220   1.5802274942398071
221   1.8724673986434937
222   1.9146614074707031
223   2.1166858673095703
224   2.2458510398864746
225   2.90277099609375
226   1.552077054977417
227   1.1368770599365234
228   0.7215395569801331
229   1.6486577987670898
230   0.6741393804550171
231   1.0283422470092773
232   2.572608232498169
233   1.6902170181274414
234   1.9318448305130005
235   3.0857369899749756
236   3.6316580772399902
237   2.7294840812683105
238   3.2655317783355713
239   1.0466703176498413
240   1.6385403871536255
241   2.8869271278381348
242   1.3082497119903564
243   1.6936004161834717
244   1.8868322372436523
245   1.443764567375183
246   2.1899778842926025
247   1.6817454099655151
248   2.7117919921875
249   2.1677587032318115
250   2.2058396339416504
251   2.1793501377105713
252   1.3201990127563477
253   2.358220338821411
254   1.4708884954452515
255   2.2699904441833496
256   2.7582290172576904
257   1.685105800628662
258   2.396843433380127
259   1.5596023797988892
260   2.3251049518585205
261   2.358368158340454
262   1.3789563179016113
263   2.573777437210083
264   1.8837847709655762
265   1.2685798406600952
266   2.0183193683624268
267   1.3995585441589355
268   2.1520590782165527
269   1.812209963798523
270   1.4935660362243652
271   1.4274654388427734
272   1.4599894285202026
273   3.1331169605255127
274   0.8660403490066528
275   1.961429238319397
276   1.1236305236816406
277   1.7128745317459106
278   1.920629620552063
279   2.2603952884674072
280   1.3702095746994019
281   2.086608409881592
282   1.957114815711975
283   1.9107732772827148
284   1.6721076965332031
285   2.4101219177246094
286   2.4047234058380127
287   1.657090425491333
288   2.0252437591552734
289   1.4756531715393066
290   1.3355756998062134
291   2.047224283218384
292   1.963215708732605
293   1.5555671453475952
294   1.8143105506896973
295   2.059720277786255
296   2.1649181842803955
297   2.0662388801574707
298   2.0486197471618652
299   1.6088356971740723
300   2.1787774562835693
301   1.9258108139038086
302   1.7851152420043945
303   1.7965552806854248
304   2.1702818870544434
305   2.167644739151001
306   1.9388307332992554
307   1.402381181716919
308   1.427697777748108
309   1.5864522457122803
310   1.49691903591156
311   1.7946791648864746
312   1.3491941690444946
313   1.510149598121643
314   1.8391306400299072
315   1.6916152238845825
316   1.6524721384048462
317   1.845523715019226
318   1.9174728393554688
319   1.8272156715393066
320   1.8121490478515625
321   1.6805915832519531
322   1.8100651502609253
323   1.6427500247955322
324   1.5300685167312622
