0   0.0
1   1.7383630275726318
2   1.833085060119629
3   1.8631706237792969
4   1.8431293964385986
5   1.514264702796936
6   1.4210516214370728
7   1.7141259908676147
8   1.787732481956482
9   1.7413121461868286
10   1.4074115753173828
11   1.5804482698440552
12   1.7150113582611084
13   1.883457064628601
14   1.5847529172897339
15   1.4168853759765625
16   1.706263542175293
17   1.949313759803772
18   1.398444414138794
19   1.6015028953552246
20   1.8993117809295654
21   1.904880166053772
22   1.7288012504577637
23   1.648405909538269
24   1.7724398374557495
25   1.5722994804382324
26   1.69374680519104
27   1.6120870113372803
28   1.6460562944412231
29   1.5986499786376953
30   1.6840403079986572
31   1.769267201423645
32   1.651294231414795
33   1.6657484769821167
34   1.6412360668182373
35   1.7118147611618042
36   1.9554486274719238
37   1.5573018789291382
38   1.4352059364318848
39   1.9409637451171875
40   1.954704999923706
41   1.9935152530670166
42   2.186607837677002
43   1.6492924690246582
44   1.635495662689209
45   1.547926425933838
46   1.4530678987503052
47   2.0182065963745117
48   1.706325888633728
49   1.893375039100647
50   1.7442975044250488
51   1.8481519222259521
52   1.9261692762374878
53   1.982469916343689
54   1.9681177139282227
55   1.7414557933807373
56   1.6217857599258423
57   2.044480085372925
58   1.4462156295776367
59   1.8633394241333008
60   2.329235792160034
61   1.7631524801254272
62   1.8879739046096802
63   1.9811933040618896
64   1.7732259035110474
65   1.7809828519821167
66   1.666395664215088
67   1.6991032361984253
68   1.6686902046203613
69   1.8562089204788208
70   1.798029899597168
71   1.7836833000183105
72   1.7494052648544312
73   1.4101063013076782
74   1.8673101663589478
75   1.5642657279968262
76   1.8634366989135742
77   1.637543797492981
78   1.9080556631088257
79   1.5201438665390015
80   1.8240938186645508
81   2.109670639038086
82   2.243800640106201
83   1.7795560359954834
84   1.7624152898788452
85   1.7157325744628906
86   1.690534234046936
87   2.0317773818969727
88   2.371023654937744
89   1.9671117067337036
90   1.9969170093536377
91   2.4738144874572754
92   1.4431660175323486
93   2.0969903469085693
94   2.4403932094573975
95   1.809852957725525
96   1.8693413734436035
97   1.9161492586135864
98   1.6689056158065796
99   1.5989410877227783
100   1.6556233167648315
101   2.2739791870117188
102   1.6411902904510498
103   2.0593090057373047
104   1.7958805561065674
105   2.1823902130126953
106   2.150585412979126
107   1.732452154159546
108   1.8199855089187622
109   1.6115593910217285
110   1.6669398546218872
111   1.6279116868972778
112   1.8916842937469482
113   2.090585470199585
114   1.9551331996917725
115   2.01888370513916
116   1.7999751567840576
117   1.966819167137146
118   1.8248828649520874
119   1.5867061614990234
120   1.511696219444275
121   2.0307376384735107
122   1.9356904029846191
123   1.4367233514785767
124   2.073235034942627
125   1.6451295614242554
126   2.20300555229187
127   1.993739366531372
128   1.7905914783477783
129   1.841317892074585
130   1.7120906114578247
131   1.9697611331939697
132   1.3889095783233643
133   1.913497805595398
134   1.490166425704956
135   1.8568189144134521
136   1.535001516342163
137   1.7209415435791016
138   1.710221529006958
139   1.5750411748886108
140   1.8140422105789185
141   1.7553532123565674
142   1.5782438516616821
143   1.640842318534851
144   1.508607029914856
145   1.7252082824707031
146   1.7055182456970215
147   1.7143735885620117
148   1.5852020978927612
149   1.8575152158737183
150   1.6056784391403198
151   1.8677972555160522
152   1.7292453050613403
153   1.5899910926818848
154   1.7101776599884033
155   1.606189250946045
156   1.746095895767212
157   1.7500308752059937
158   1.611886978149414
159   1.8893628120422363
160   1.6824305057525635
161   1.8503546714782715
162   1.769740104675293
163   1.6241921186447144
164   1.4706569910049438
165   1.7499821186065674
166   1.8293434381484985
167   1.8507879972457886
168   1.6444129943847656
169   1.711329460144043
170   1.4105514287948608
171   1.8928781747817993
172   1.6725105047225952
173   2.014460802078247
174   1.556698203086853
175   1.687389612197876
176   1.6822932958602905
177   1.4790472984313965
178   1.541982889175415
179   1.6195465326309204
180   1.5297919511795044
181   1.5940792560577393
182   1.6366801261901855
183   1.6303128004074097
184   1.9161314964294434
185   1.5461679697036743
186   1.9654844999313354
187   2.544625997543335
188   1.3653749227523804
189   1.8072360754013062
190   1.859565258026123
191   1.5368826389312744
192   1.6827715635299683
193   1.649145483970642
194   1.7190062999725342
195   2.2987656593322754
196   1.891745686531067
197   1.6500294208526611
198   1.8173447847366333
199   1.632807731628418
200   1.9530322551727295
201   1.7754666805267334
202   2.0742850303649902
203   1.751461386680603
204   1.6287871599197388
205   1.6532052755355835
206   1.7112804651260376
207   1.5299562215805054
208   1.6020010709762573
209   1.8732731342315674
210   1.9599436521530151
211   1.8109686374664307
212   1.9415680170059204
213   1.8474329710006714
214   2.009753942489624
215   1.3989360332489014
216   1.293090581893921
217   1.5434597730636597
218   1.6351860761642456
219   1.8194756507873535
220   1.884213924407959
221   1.7222317457199097
222   1.785286545753479
223   1.629825234413147
224   1.6688923835754395
225   1.4523478746414185
226   1.4957382678985596
227   1.3789300918579102
228   1.2780507802963257
229   1.3209089040756226
230   1.5772696733474731
231   1.560983657836914
232   2.213643789291382
233   1.4520705938339233
234   1.500795841217041
235   2.107149124145508
236   1.7422332763671875
237   1.4746906757354736
238   1.7227402925491333
239   1.33786940574646
240   1.3970980644226074
241   1.7029173374176025
242   1.7558053731918335
243   1.982602834701538
244   1.5091592073440552
245   1.6130942106246948
246   1.6500787734985352
247   1.63728666305542
248   2.3248989582061768
249   1.6962779760360718
250   1.857004165649414
251   1.8173398971557617
252   1.828923225402832
253   1.8714286088943481
254   2.034562587738037
255   1.5981658697128296
256   2.0550434589385986
257   1.9030143022537231
258   1.5877550840377808
259   1.4819198846817017
260   1.6019768714904785
261   1.97437584400177
262   1.7110280990600586
263   2.188476085662842
264   1.5887919664382935
265   1.961737036705017
266   1.765017032623291
267   1.707668423652649
268   1.7288076877593994
269   1.9461709260940552
270   1.508286952972412
271   1.7402148246765137
272   1.8223600387573242
273   1.9326790571212769
274   1.3685612678527832
275   1.7861462831497192
276   1.708329200744629
277   1.214565634727478
278   1.5649473667144775
279   1.690408706665039
280   1.9530041217803955
281   2.612515687942505
282   2.4180502891540527
283   1.6576282978057861
284   1.7582499980926514
285   1.939251184463501
286   1.8435717821121216
287   1.4205507040023804
288   2.19504976272583
289   1.529063105583191
290   1.7628344297409058
291   1.4938465356826782
292   1.7563098669052124
293   1.597090244293213
294   1.5233718156814575
295   1.625488042831421
296   1.9114214181900024
297   1.991013765335083
298   1.49229097366333
299   1.4054930210113525
300   1.640091896057129
301   1.735981822013855
302   1.3858460187911987
303   1.7678371667861938
304   1.5261485576629639
305   1.8008623123168945
306   1.6080362796783447
307   1.836840033531189
308   1.562966227531433
309   1.7034409046173096
310   1.8968342542648315
311   2.0195841789245605
312   1.7361501455307007
313   1.6145800352096558
314   1.6132903099060059
315   1.6168595552444458
316   1.8684825897216797
317   1.4945547580718994
318   1.7777760028839111
319   1.552823781967163
320   1.6935112476348877
321   1.6666606664657593
322   1.9124391078948975
323   1.8152178525924683
324   1.6973932981491089
