0   0.0
1   1.8719255924224854
2   1.8806413412094116
3   1.930027723312378
4   1.879593849182129
5   1.6365442276000977
6   1.4397348165512085
7   1.8430687189102173
8   1.7558118104934692
9   1.7754203081130981
10   1.4654978513717651
11   1.6308705806732178
12   1.7330479621887207
13   1.9195507764816284
14   1.771986484527588
15   1.4960930347442627
16   1.687469244003296
17   1.9952024221420288
18   1.4352729320526123
19   1.6475578546524048
20   1.905139446258545
21   1.9461915493011475
22   1.778146505355835
23   1.7015564441680908
24   1.7704277038574219
25   1.6297721862792969
26   1.7158647775650024
27   1.6808050870895386
28   1.6260911226272583
29   1.6498608589172363
30   1.7315082550048828
31   1.7407724857330322
32   1.5973457098007202
33   1.7208166122436523
34   1.5977829694747925
35   1.7648130655288696
36   1.8986217975616455
37   1.6085346937179565
38   1.4150058031082153
39   1.9922617673873901
40   1.9892127513885498
41   2.0651674270629883
42   2.1185717582702637
43   1.6445764303207397
44   1.6235508918762207
45   1.7005747556686401
46   1.4959450960159302
47   1.9637737274169922
48   1.7443145513534546
49   1.8414840698242188
50   1.815215826034546
51   1.8998111486434937
52   1.8868597745895386
53   2.0972025394439697
54   1.9302362203598022
55   1.758322834968567
56   1.6216233968734741
57   2.08976149559021
58   1.5058693885803223
59   1.967979073524475
60   2.3156039714813232
61   1.7868460416793823
62   2.0953288078308105
63   2.0522544384002686
64   1.8374192714691162
65   1.8704890012741089
66   1.7310580015182495
67   1.6707937717437744
68   1.7994005680084229
69   1.850511908531189
70   1.715652346611023
71   1.8318477869033813
72   1.75953209400177
73   1.5793569087982178
74   1.9641529321670532
75   1.571674108505249
76   1.923527717590332
77   1.7433092594146729
78   2.004577398300171
79   1.5747740268707275
80   1.7592593431472778
81   1.966359257698059
82   2.1402251720428467
83   1.7472506761550903
84   1.6932405233383179
85   1.7258546352386475
86   1.6619237661361694
87   2.068075180053711
88   2.4221150875091553
89   1.9509726762771606
90   2.0193920135498047
91   2.3758859634399414
92   1.5963526964187622
93   1.9718347787857056
94   2.314162254333496
95   1.7915767431259155
96   1.897220492362976
97   1.8892265558242798
98   1.820420742034912
99   1.6455937623977661
100   1.6490827798843384
101   2.2392427921295166
102   1.7425787448883057
103   2.097701072692871
104   1.7513707876205444
105   2.303410768508911
106   2.3718926906585693
107   1.9381434917449951
108   2.0615150928497314
109   1.6809170246124268
110   1.7043168544769287
111   1.6826016902923584
112   1.9050236940383911
113   2.04413104057312
114   1.9459081888198853
115   2.117819309234619
116   1.8190926313400269
117   2.0271544456481934
118   1.8474010229110718
119   1.6543996334075928
120   1.5184566974639893
121   2.056100606918335
122   2.0888607501983643
123   1.4490125179290771
124   1.998346209526062
125   1.702889084815979
126   2.303042411804199
127   2.0729432106018066
128   1.8794442415237427
129   1.8461346626281738
130   1.7589000463485718
131   2.123908519744873
132   1.4371287822723389
133   1.9878036975860596
134   1.5364000797271729
135   1.8994932174682617
136   1.606216549873352
137   1.7709811925888062
138   1.8173298835754395
139   1.6514302492141724
140   1.9221014976501465
141   1.8462088108062744
142   1.6414647102355957
143   1.732101559638977
144   1.5743813514709473
145   1.7692053318023682
146   1.8079712390899658
147   1.7259272336959839
148   1.665091633796692
149   1.9170348644256592
150   1.6736831665039063
151   1.8787709474563599
152   1.9390262365341187
153   1.6795034408569336
154   1.864046573638916
155   1.6485772132873535
156   1.758474349975586
157   1.7682147026062012
158   1.621517300605774
159   1.8345595598220825
160   1.7486157417297363
161   1.9569873809814453
162   1.8165947198867798
163   1.697981834411621
164   1.5465853214263916
165   1.8566901683807373
166   1.9315513372421265
167   1.8276187181472778
168   1.7245337963104248
169   1.6976799964904785
170   1.5516197681427002
171   1.9082468748092651
172   1.6393035650253296
173   1.9832324981689453
174   1.4832794666290283
175   1.699645757675171
176   1.752720594406128
177   1.3925433158874512
178   1.5666126012802124
179   1.7008880376815796
180   1.5960363149642944
181   1.661482810974121
182   1.7238961458206177
183   1.7230970859527588
184   2.0069310665130615
185   1.5308350324630737
186   1.8770049810409546
187   2.4681317806243896
188   1.6069904565811157
189   2.025989055633545
190   2.001906394958496
191   1.8118345737457275
192   1.9821659326553345
193   1.8794766664505005
194   1.8836944103240967
195   2.3509299755096436
196   2.017366886138916
197   1.7125494480133057
198   1.8826804161071777
199   1.6806609630584717
200   1.9761559963226318
201   1.8746565580368042
202   1.9920343160629272
203   1.8074287176132202
204   1.756134271621704
205   1.6834027767181396
206   1.801592469215393
207   1.6231898069381714
208   1.5817011594772339
209   2.003673791885376
210   1.944109320640564
211   1.9117810726165771
212   1.8864831924438477
213   1.7324432134628296
214   2.0421581268310547
215   1.4137048721313477
216   1.280121088027954
217   1.5415756702423096
218   1.7830182313919067
219   1.867493987083435
220   1.8533203601837158
221   1.7453073263168335
222   1.726786494255066
223   1.6490936279296875
224   1.8962396383285522
225   1.5192114114761353
226   1.5219403505325317
227   1.4573603868484497
228   1.3806829452514648
229   1.2883824110031128
230   1.6807968616485596
231   1.5700955390930176
232   2.3075387477874756
233   1.4890110492706299
234   1.6287095546722412
235   2.1198036670684814
236   1.7443674802780151
237   1.6794878244400024
238   1.6927825212478638
239   1.4876601696014404
240   1.394582748413086
241   1.7234500646591187
242   1.8057286739349365
243   2.0104362964630127
244   1.537648320198059
245   1.7121862173080444
246   1.6224446296691895
247   1.7110446691513062
248   2.3466687202453613
249   1.6480127573013306
250   1.9401519298553467
251   1.843340516090393
252   1.885607361793518
253   2.0474114418029785
254   2.1472058296203613
255   1.5626753568649292
256   2.082183837890625
257   2.085056781768799
258   1.7296826839447021
259   1.6170063018798828
260   1.7420251369476318
261   2.0749294757843018
262   1.6757162809371948
263   2.253418445587158
264   1.5904223918914795
265   1.9578205347061157
266   1.89055597782135
267   1.6825425624847412
268   1.8965394496917725
269   2.105865478515625
270   1.5003005266189575
271   1.9379315376281738
272   1.8775397539138794
273   2.1214792728424072
274   1.4559147357940674
275   1.8041296005249023
276   1.7930744886398315
277   1.3176159858703613
278   1.6476986408233643
279   1.6842291355133057
280   2.0870630741119385
281   2.715388298034668
282   2.489586353302002
283   1.8022791147232056
284   1.8519253730773926
285   1.9124583005905151
286   1.8496534824371338
287   1.4106316566467285
288   2.2733359336853027
289   1.5606060028076172
290   1.8696786165237427
291   1.6349163055419922
292   1.8155251741409302
293   1.5425546169281006
294   1.4986789226531982
295   1.5665574073791504
296   1.998353123664856
297   1.916900873184204
298   1.6328456401824951
299   1.4303526878356934
300   1.6937413215637207
301   1.7273601293563843
302   1.4725302457809448
303   1.819107174873352
304   1.6721690893173218
305   2.052891492843628
306   1.80594003200531
307   1.9692860841751099
308   1.7496662139892578
309   1.773532509803772
310   1.9967844486236572
311   2.050220489501953
312   1.8799289464950562
313   1.6464698314666748
314   1.70365571975708
315   1.7428773641586304
316   1.941606879234314
317   1.6397842168807983
318   1.843043327331543
319   1.570844054222107
320   1.725054383277893
321   1.748073935508728
322   2.0228934288024902
323   1.953535556793213
324   1.771286129951477
0   0.0
1   1.8719255924224854
2   1.8806413412094116
3   1.930027723312378
4   1.879593849182129
5   1.6365442276000977
6   1.4397348165512085
7   1.8430687189102173
8   1.7558118104934692
9   1.7754203081130981
10   1.4654978513717651
11   1.6308705806732178
12   1.7330479621887207
13   1.9195507764816284
14   1.771986484527588
15   1.4960930347442627
16   1.687469244003296
17   1.9952024221420288
18   1.4352729320526123
19   1.6475578546524048
20   1.905139446258545
21   1.9461915493011475
22   1.778146505355835
23   1.7015564441680908
24   1.7704277038574219
25   1.6297721862792969
26   1.7158647775650024
27   1.6808050870895386
28   1.6260911226272583
29   1.6498608589172363
30   1.7315082550048828
31   1.7407724857330322
32   1.5973457098007202
33   1.7208166122436523
34   1.5977829694747925
35   1.7648130655288696
36   1.8986217975616455
37   1.6085346937179565
38   1.4150058031082153
39   1.9922617673873901
40   1.9892127513885498
41   2.0651674270629883
42   2.1185717582702637
43   1.6445764303207397
44   1.6235508918762207
45   1.7005747556686401
46   1.4959450960159302
47   1.9637737274169922
48   1.7443145513534546
49   1.8414840698242188
50   1.815215826034546
51   1.8998111486434937
52   1.8868597745895386
53   2.0972025394439697
54   1.9302362203598022
55   1.758322834968567
56   1.6216233968734741
57   2.08976149559021
58   1.5058693885803223
59   1.967979073524475
60   2.3156039714813232
61   1.7868460416793823
62   2.0953288078308105
63   2.0522544384002686
64   1.8374192714691162
65   1.8704890012741089
66   1.7310580015182495
67   1.6707937717437744
68   1.7994005680084229
69   1.850511908531189
70   1.715652346611023
71   1.8318477869033813
72   1.75953209400177
73   1.5793569087982178
74   1.9641529321670532
75   1.571674108505249
76   1.923527717590332
77   1.7433092594146729
78   2.004577398300171
79   1.5747740268707275
80   1.7592593431472778
81   1.966359257698059
82   2.1402251720428467
83   1.7472506761550903
84   1.6932405233383179
85   1.7258546352386475
86   1.6619237661361694
87   2.068075180053711
88   2.4221150875091553
89   1.9509726762771606
90   2.0193920135498047
91   2.3758859634399414
92   1.5963526964187622
93   1.9718347787857056
94   2.314162254333496
95   1.7915767431259155
96   1.897220492362976
97   1.8892265558242798
98   1.820420742034912
99   1.6455937623977661
100   1.6490827798843384
101   2.2392427921295166
102   1.7425787448883057
103   2.097701072692871
104   1.7513707876205444
105   2.303410768508911
106   2.3718926906585693
107   1.9381434917449951
108   2.0615150928497314
109   1.6809170246124268
110   1.7043168544769287
111   1.6826016902923584
112   1.9050236940383911
113   2.04413104057312
114   1.9459081888198853
115   2.117819309234619
116   1.8190926313400269
117   2.0271544456481934
118   1.8474010229110718
119   1.6543996334075928
120   1.5184566974639893
121   2.056100606918335
122   2.0888607501983643
123   1.4490125179290771
124   1.998346209526062
125   1.702889084815979
126   2.303042411804199
127   2.0729432106018066
128   1.8794442415237427
129   1.8461346626281738
130   1.7589000463485718
131   2.123908519744873
132   1.4371287822723389
133   1.9878036975860596
134   1.5364000797271729
135   1.8994932174682617
136   1.606216549873352
137   1.7709811925888062
138   1.8173298835754395
139   1.6514302492141724
140   1.9221014976501465
141   1.8462088108062744
142   1.6414647102355957
143   1.732101559638977
144   1.5743813514709473
145   1.7692053318023682
146   1.8079712390899658
147   1.7259272336959839
148   1.665091633796692
149   1.9170348644256592
150   1.6736831665039063
151   1.8787709474563599
152   1.9390262365341187
153   1.6795034408569336
154   1.864046573638916
155   1.6485772132873535
156   1.758474349975586
157   1.7682147026062012
158   1.621517300605774
159   1.8345595598220825
160   1.7486157417297363
161   1.9569873809814453
162   1.8165947198867798
163   1.697981834411621
164   1.5465853214263916
165   1.8566901683807373
166   1.9315513372421265
167   1.8276187181472778
168   1.7245337963104248
169   1.6976799964904785
170   1.5516197681427002
171   1.9082468748092651
172   1.6393035650253296
173   1.9832324981689453
174   1.4832794666290283
175   1.699645757675171
176   1.752720594406128
177   1.3925433158874512
178   1.5666126012802124
179   1.7008880376815796
180   1.5960363149642944
181   1.661482810974121
182   1.7238961458206177
183   1.7230970859527588
184   2.0069310665130615
185   1.5308350324630737
186   1.8770049810409546
187   2.4681317806243896
188   1.6069904565811157
189   2.025989055633545
190   2.001906394958496
191   1.8118345737457275
192   1.9821659326553345
193   1.8794766664505005
194   1.8836944103240967
195   2.3509299755096436
196   2.017366886138916
197   1.7125494480133057
198   1.8826804161071777
199   1.6806609630584717
200   1.9761559963226318
201   1.8746565580368042
202   1.9920343160629272
203   1.8074287176132202
204   1.756134271621704
205   1.6834027767181396
206   1.801592469215393
207   1.6231898069381714
208   1.5817011594772339
209   2.003673791885376
210   1.944109320640564
211   1.9117810726165771
212   1.8864831924438477
213   1.7324432134628296
214   2.0421581268310547
215   1.4137048721313477
216   1.280121088027954
217   1.5415756702423096
218   1.7830182313919067
219   1.867493987083435
220   1.8533203601837158
221   1.7453073263168335
222   1.726786494255066
223   1.6490936279296875
224   1.8962396383285522
225   1.5192114114761353
226   1.5219403505325317
227   1.4573603868484497
228   1.3806829452514648
229   1.2883824110031128
230   1.6807968616485596
231   1.5700955390930176
232   2.3075387477874756
233   1.4890110492706299
234   1.6287095546722412
235   2.1198036670684814
236   1.7443674802780151
237   1.6794878244400024
238   1.6927825212478638
239   1.4876601696014404
240   1.394582748413086
241   1.7234500646591187
242   1.8057286739349365
243   2.0104362964630127
244   1.537648320198059
245   1.7121862173080444
246   1.6224446296691895
247   1.7110446691513062
248   2.3466687202453613
249   1.6480127573013306
250   1.9401519298553467
251   1.843340516090393
252   1.885607361793518
253   2.0474114418029785
254   2.1472058296203613
255   1.5626753568649292
256   2.082183837890625
257   2.085056781768799
258   1.7296826839447021
259   1.6170063018798828
260   1.7420251369476318
261   2.0749294757843018
262   1.6757162809371948
263   2.253418445587158
264   1.5904223918914795
265   1.9578205347061157
266   1.89055597782135
267   1.6825425624847412
268   1.8965394496917725
269   2.105865478515625
270   1.5003005266189575
271   1.9379315376281738
272   1.8775397539138794
273   2.1214792728424072
274   1.4559147357940674
275   1.8041296005249023
276   1.7930744886398315
277   1.3176159858703613
278   1.6476986408233643
279   1.6842291355133057
280   2.0870630741119385
281   2.715388298034668
282   2.489586353302002
283   1.8022791147232056
284   1.8519253730773926
285   1.9124583005905151
286   1.8496534824371338
287   1.4106316566467285
288   2.2733359336853027
289   1.5606060028076172
290   1.8696786165237427
291   1.6349163055419922
292   1.8155251741409302
293   1.5425546169281006
294   1.4986789226531982
295   1.5665574073791504
296   1.998353123664856
297   1.916900873184204
298   1.6328456401824951
299   1.4303526878356934
300   1.6937413215637207
301   1.7273601293563843
302   1.4725302457809448
303   1.819107174873352
304   1.6721690893173218
305   2.052891492843628
306   1.80594003200531
307   1.9692860841751099
308   1.7496662139892578
309   1.773532509803772
310   1.9967844486236572
311   2.050220489501953
312   1.8799289464950562
313   1.6464698314666748
314   1.70365571975708
315   1.7428773641586304
316   1.941606879234314
317   1.6397842168807983
318   1.843043327331543
319   1.570844054222107
320   1.725054383277893
321   1.748073935508728
322   2.0228934288024902
323   1.953535556793213
324   1.771286129951477
0   0.0
1   1.8719255924224854
2   1.8806413412094116
3   1.930027723312378
4   1.879593849182129
5   1.6365442276000977
6   1.4397348165512085
7   1.8430687189102173
8   1.7558118104934692
9   1.7754203081130981
10   1.4654978513717651
11   1.6308705806732178
12   1.7330479621887207
13   1.9195507764816284
14   1.771986484527588
15   1.4960930347442627
16   1.687469244003296
17   1.9952024221420288
18   1.4352729320526123
19   1.6475578546524048
20   1.905139446258545
21   1.9461915493011475
22   1.778146505355835
23   1.7015564441680908
24   1.7704277038574219
25   1.6297721862792969
26   1.7158647775650024
27   1.6808050870895386
28   1.6260911226272583
29   1.6498608589172363
30   1.7315082550048828
31   1.7407724857330322
32   1.5973457098007202
33   1.7208166122436523
34   1.5977829694747925
35   1.7648130655288696
36   1.8986217975616455
37   1.6085346937179565
38   1.4150058031082153
39   1.9922617673873901
40   1.9892127513885498
41   2.0651674270629883
42   2.1185717582702637
43   1.6445764303207397
44   1.6235508918762207
45   1.7005747556686401
46   1.4959450960159302
47   1.9637737274169922
48   1.7443145513534546
49   1.8414840698242188
50   1.815215826034546
51   1.8998111486434937
52   1.8868597745895386
53   2.0972025394439697
54   1.9302362203598022
55   1.758322834968567
56   1.6216233968734741
57   2.08976149559021
58   1.5058693885803223
59   1.967979073524475
60   2.3156039714813232
61   1.7868460416793823
62   2.0953288078308105
63   2.0522544384002686
64   1.8374192714691162
65   1.8704890012741089
66   1.7310580015182495
67   1.6707937717437744
68   1.7994005680084229
69   1.850511908531189
70   1.715652346611023
71   1.8318477869033813
72   1.75953209400177
73   1.5793569087982178
74   1.9641529321670532
75   1.571674108505249
76   1.923527717590332
77   1.7433092594146729
78   2.004577398300171
79   1.5747740268707275
80   1.7592593431472778
81   1.966359257698059
82   2.1402251720428467
83   1.7472506761550903
84   1.6932405233383179
85   1.7258546352386475
86   1.6619237661361694
87   2.068075180053711
88   2.4221150875091553
89   1.9509726762771606
90   2.0193920135498047
91   2.3758859634399414
92   1.5963526964187622
93   1.9718347787857056
94   2.314162254333496
95   1.7915767431259155
96   1.897220492362976
97   1.8892265558242798
98   1.820420742034912
99   1.6455937623977661
100   1.6490827798843384
101   2.2392427921295166
102   1.7425787448883057
103   2.097701072692871
104   1.7513707876205444
105   2.303410768508911
106   2.3718926906585693
107   1.9381434917449951
108   2.0615150928497314
109   1.6809170246124268
110   1.7043168544769287
111   1.6826016902923584
112   1.9050236940383911
113   2.04413104057312
114   1.9459081888198853
115   2.117819309234619
116   1.8190926313400269
117   2.0271544456481934
118   1.8474010229110718
119   1.6543996334075928
120   1.5184566974639893
121   2.056100606918335
122   2.0888607501983643
123   1.4490125179290771
124   1.998346209526062
125   1.702889084815979
126   2.303042411804199
127   2.0729432106018066
128   1.8794442415237427
129   1.8461346626281738
130   1.7589000463485718
131   2.123908519744873
132   1.4371287822723389
133   1.9878036975860596
134   1.5364000797271729
135   1.8994932174682617
136   1.606216549873352
137   1.7709811925888062
138   1.8173298835754395
139   1.6514302492141724
140   1.9221014976501465
141   1.8462088108062744
142   1.6414647102355957
143   1.732101559638977
144   1.5743813514709473
145   1.7692053318023682
146   1.8079712390899658
147   1.7259272336959839
148   1.665091633796692
149   1.9170348644256592
150   1.6736831665039063
151   1.8787709474563599
152   1.9390262365341187
153   1.6795034408569336
154   1.864046573638916
155   1.6485772132873535
156   1.758474349975586
157   1.7682147026062012
158   1.621517300605774
159   1.8345595598220825
160   1.7486157417297363
161   1.9569873809814453
162   1.8165947198867798
163   1.697981834411621
164   1.5465853214263916
165   1.8566901683807373
166   1.9315513372421265
167   1.8276187181472778
168   1.7245337963104248
169   1.6976799964904785
170   1.5516197681427002
171   1.9082468748092651
172   1.6393035650253296
173   1.9832324981689453
174   1.4832794666290283
175   1.699645757675171
176   1.752720594406128
177   1.3925433158874512
178   1.5666126012802124
179   1.7008880376815796
180   1.5960363149642944
181   1.661482810974121
182   1.7238961458206177
183   1.7230970859527588
184   2.0069310665130615
185   1.5308350324630737
186   1.8770049810409546
187   2.4681317806243896
188   1.6069904565811157
189   2.025989055633545
190   2.001906394958496
191   1.8118345737457275
192   1.9821659326553345
193   1.8794766664505005
194   1.8836944103240967
195   2.3509299755096436
196   2.017366886138916
197   1.7125494480133057
198   1.8826804161071777
199   1.6806609630584717
200   1.9761559963226318
201   1.8746565580368042
202   1.9920343160629272
203   1.8074287176132202
204   1.756134271621704
205   1.6834027767181396
206   1.801592469215393
207   1.6231898069381714
208   1.5817011594772339
209   2.003673791885376
210   1.944109320640564
211   1.9117810726165771
212   1.8864831924438477
213   1.7324432134628296
214   2.0421581268310547
215   1.4137048721313477
216   1.280121088027954
217   1.5415756702423096
218   1.7830182313919067
219   1.867493987083435
220   1.8533203601837158
221   1.7453073263168335
222   1.726786494255066
223   1.6490936279296875
224   1.8962396383285522
225   1.5192114114761353
226   1.5219403505325317
227   1.4573603868484497
228   1.3806829452514648
229   1.2883824110031128
230   1.6807968616485596
231   1.5700955390930176
232   2.3075387477874756
233   1.4890110492706299
234   1.6287095546722412
235   2.1198036670684814
236   1.7443674802780151
237   1.6794878244400024
238   1.6927825212478638
239   1.4876601696014404
240   1.394582748413086
241   1.7234500646591187
242   1.8057286739349365
243   2.0104362964630127
244   1.537648320198059
245   1.7121862173080444
246   1.6224446296691895
247   1.7110446691513062
248   2.3466687202453613
249   1.6480127573013306
250   1.9401519298553467
251   1.843340516090393
252   1.885607361793518
253   2.0474114418029785
254   2.1472058296203613
255   1.5626753568649292
256   2.082183837890625
257   2.085056781768799
258   1.7296826839447021
259   1.6170063018798828
260   1.7420251369476318
261   2.0749294757843018
262   1.6757162809371948
263   2.253418445587158
264   1.5904223918914795
265   1.9578205347061157
266   1.89055597782135
267   1.6825425624847412
268   1.8965394496917725
269   2.105865478515625
270   1.5003005266189575
271   1.9379315376281738
272   1.8775397539138794
273   2.1214792728424072
274   1.4559147357940674
275   1.8041296005249023
276   1.7930744886398315
277   1.3176159858703613
278   1.6476986408233643
279   1.6842291355133057
280   2.0870630741119385
281   2.715388298034668
282   2.489586353302002
283   1.8022791147232056
284   1.8519253730773926
285   1.9124583005905151
286   1.8496534824371338
287   1.4106316566467285
288   2.2733359336853027
289   1.5606060028076172
290   1.8696786165237427
291   1.6349163055419922
292   1.8155251741409302
293   1.5425546169281006
294   1.4986789226531982
295   1.5665574073791504
296   1.998353123664856
297   1.916900873184204
298   1.6328456401824951
299   1.4303526878356934
300   1.6937413215637207
301   1.7273601293563843
302   1.4725302457809448
303   1.819107174873352
304   1.6721690893173218
305   2.052891492843628
306   1.80594003200531
307   1.9692860841751099
308   1.7496662139892578
309   1.773532509803772
310   1.9967844486236572
311   2.050220489501953
312   1.8799289464950562
313   1.6464698314666748
314   1.70365571975708
315   1.7428773641586304
316   1.941606879234314
317   1.6397842168807983
318   1.843043327331543
319   1.570844054222107
320   1.725054383277893
321   1.748073935508728
322   2.0228934288024902
323   1.953535556793213
324   1.771286129951477
