1   15.51258659362793
2   15.48120403289795
3   15.54594898223877
4   15.553271293640137
5   15.525420188903809
6   15.527405738830566
7   15.595818519592285
8   15.445454597473145
9   15.564640998840332
10   15.433652877807617
11   15.461029052734375
12   15.380921363830566
13   15.43976879119873
14   15.273287773132324
15   15.505593299865723
16   15.418601989746094
17   15.645336151123047
18   15.465558052062988
19   15.476693153381348
20   15.560174942016602
21   15.535017967224121
22   15.527998924255371
23   15.54416561126709
24   15.627819061279297
25   15.422981262207031
26   15.447157859802246
27   15.339582443237305
28   15.4402437210083
29   15.422767639160156
30   15.406950950622559
31   15.409213066101074
32   15.524067878723145
33   15.53393840789795
34   15.445537567138672
35   15.538116455078125
36   15.628547668457031
37   15.328093528747559
38   15.594014167785645
39   15.561695098876953
40   15.455574989318848
41   15.64955997467041
42   15.254640579223633
43   15.2908353805542
44   15.598730087280273
45   15.57019329071045
46   15.478334426879883
47   15.642486572265625
48   15.547415733337402
49   15.622815132141113
50   15.351160049438477
51   15.546746253967285
52   15.45080852508545
53   15.867533683776855
54   15.733777046203613
55   15.79205322265625
56   15.509089469909668
57   15.54863452911377
58   15.315455436706543
59   15.459935188293457
60   15.326047897338867
61   15.741360664367676
62   15.390909194946289
63   15.423954010009766
64   15.457352638244629
65   15.544803619384766
66   15.684294700622559
67   15.311688423156738
68   15.456358909606934
69   15.718244552612305
70   15.515210151672363
71   15.81750774383545
72   15.735993385314941
73   15.597437858581543
74   15.872714042663574
75   15.77046012878418
76   15.549714088439941
77   15.405645370483398
78   15.813158988952637
79   15.850509643554688
80   15.921703338623047
81   15.990808486938477
82   16.155717849731445
83   15.7844877243042
84   16.00712013244629
85   15.980269432067871
86   15.645049095153809
87   16.107131958007813
88   16.018657684326172
89   15.563443183898926
90   15.8649320602417
91   15.753623008728027
92   15.718430519104004
93   15.413801193237305
94   15.639431953430176
95   15.528031349182129
96   15.533400535583496
97   15.526617050170898
98   15.5259370803833
99   15.505782127380371
100   15.395650863647461
101   15.44017505645752
102   15.550190925598145
103   15.66036605834961
104   15.624091148376465
105   15.574640274047852
106   15.508909225463867
107   15.374000549316406
108   15.450453758239746
109   15.593429565429688
110   15.845441818237305
111   15.838104248046875
112   15.63255786895752
113   15.613585472106934
114   15.386816024780273
115   15.374886512756348
116   15.348193168640137
117   15.622251510620117
118   15.499171257019043
119   15.508255958557129
120   15.459559440612793
121   15.662931442260742
122   15.707201957702637
123   15.779559135437012
124   15.324795722961426
125   15.758468627929688
126   15.55925464630127
127   15.623387336730957
128   15.824299812316895
129   15.614801406860352
130   15.587811470031738
131   15.666584014892578
132   15.672067642211914
133   15.71035385131836
134   15.318471908569336
135   15.623135566711426
136   15.59334659576416
137   15.463494300842285
138   15.454716682434082
139   15.380515098571777
140   15.661550521850586
141   15.227470397949219
142   15.518559455871582
143   15.375667572021484
144   15.285287857055664
145   15.529380798339844
146   15.41755485534668
147   15.636726379394531
148   15.551017761230469
149   15.552499771118164
150   15.40223503112793
151   15.309382438659668
152   15.628363609313965
153   15.762434005737305
154   15.409619331359863
155   15.461870193481445
156   15.317961692810059
157   15.44914722442627
158   15.5867280960083
159   15.469705581665039
160   15.419126510620117
161   15.590109825134277
162   15.608200073242188
163   15.448615074157715
164   15.511815071105957
