# 1
#        -90         1       180  0

 -89.5  0
 -88.5  0
 -87.5  0
 -86.5  0
 -85.5  0
 -84.5  0
 -83.5  0
 -82.5  0
 -81.5  0
 -80.5  0
 -79.5  0
 -78.5  0
 -77.5  0
 -76.5  0
 -75.5  0
 -74.5  0
 -73.5  0
 -72.5  0
 -71.5  0
 -70.5  0
 -69.5  0
 -68.5  0
 -67.5  0
 -66.5  0
 -65.5  0
 -64.5  0
 -63.5  0
 -62.5  0
 -61.5  0
 -60.5  0
 -59.5  0
 -58.5  0
 -57.5  0
 -56.5  0
 -55.5  0
 -54.5  0
 -53.5  0
 -52.5  0
 -51.5  0
 -50.5  0
 -49.5  0
 -48.5  0
 -47.5  0
 -46.5  0
 -45.5  0
 -44.5  0
 -43.5  0
 -42.5  0
 -41.5  0
 -40.5  0
 -39.5  0
 -38.5  0
 -37.5  0
 -36.5  0
 -35.5  0
 -34.5  0
 -33.5  0
 -32.5  0
 -31.5  0
 -30.5  0
 -29.5  0
 -28.5  0
 -27.5  0
 -26.5  0
 -25.5  0
 -24.5  64
 -23.5  116
 -22.5  339
 -21.5  772
 -20.5  1352
 -19.5  2336
 -18.5  4608
 -17.5  8245
 -16.5  13866
 -15.5  22066
 -14.5  37088
 -13.5  55320
 -12.5  81388
 -11.5  113993
 -10.5  153547
 -9.5  197510
 -8.5  247498
 -7.5  289530
 -6.5  323829
 -5.5  349189
 -4.5  376022
 -3.5  375532
 -2.5  371973
 -1.5  357447
 -0.5  322957
 0.5  279243
 1.5  238314
 2.5  195835
 3.5  157910
 4.5  123286
 5.5  94200
 6.5  70191
 7.5  47883
 8.5  32484
 9.5  21478
 10.5  13642
 11.5  8321
 12.5  5400
 13.5  2917
 14.5  1391
 15.5  829
 16.5  327
 17.5  114
 18.5  42
 19.5  91
 20.5  17
 21.5  0
 22.5  0
 23.5  0
 24.5  0
 25.5  0
 26.5  0
 27.5  0
 28.5  0
 29.5  0
 30.5  0
 31.5  0
 32.5  0
 33.5  0
 34.5  0
 35.5  0
 36.5  0
 37.5  0
 38.5  0
 39.5  0
 40.5  0
 41.5  0
 42.5  0
 43.5  0
 44.5  0
 45.5  0
 46.5  0
 47.5  0
 48.5  0
 49.5  0
 50.5  0
 51.5  0
 52.5  0
 53.5  0
 54.5  0
 55.5  0
 56.5  0
 57.5  0
 58.5  0
 59.5  0
 60.5  0
 61.5  0
 62.5  0
 63.5  0
 64.5  0
 65.5  0
 66.5  0
 67.5  0
 68.5  0
 69.5  0
 70.5  0
 71.5  0
 72.5  0
 73.5  0
 74.5  0
 75.5  0
 76.5  0
 77.5  0
 78.5  0
 79.5  0
 80.5  0
 81.5  0
 82.5  0
 83.5  0
 84.5  0
 85.5  0
 86.5  0
 87.5  0
 88.5  0
 89.5  0
