0   0.0
1   0.16775445640087128
2   0.17888925969600677
3   0.181421160697937
4   0.17736272513866425
5   0.1843836009502411
6   0.19634313881397247
7   0.17705167829990387
8   0.17499682307243347
9   0.8446962833404541
10   1.064717173576355
11   1.0894535779953003
12   1.0395214557647705
13   1.1417198181152344
14   1.1831468343734741
15   1.0723813772201538
16   1.1566715240478516
17   1.2374465465545654
18   1.1076111793518066
19   1.3564565181732178
20   1.226963996887207
21   1.4088026285171509
22   1.3153272867202759
23   1.1863585710525513
24   1.0554862022399902
25   1.2994807958602905
26   1.1709176301956177
27   1.5561717748641968
28   1.2971481084823608
29   1.321502685546875
30   1.461664080619812
31   1.4091287851333618
32   1.5322531461715698
33   1.4252569675445557
34   1.3587580919265747
35   1.240902304649353
36   1.2267124652862549
37   1.2478846311569214
38   1.1457439661026
39   1.171575903892517
40   1.1888256072998047
41   1.2510758638381958
42   1.250335931777954
43   1.2525581121444702
44   1.3218568563461304
45   1.3129303455352783
46   1.118625521659851
47   1.4320557117462158
48   1.3173205852508545
49   1.139167070388794
50   1.01413094997406
51   1.1498950719833374
52   1.1632212400436401
53   1.2227654457092285
54   1.381007432937622
55   1.257906198501587
56   1.171402096748352
57   1.0930026769638062
58   1.1324270963668823
59   1.2310791015625
60   1.3495477437973022
61   1.1129969358444214
62   1.1985799074172974
63   1.2164758443832397
64   1.0020736455917358
65   1.2164921760559082
66   1.1207778453826904
67   1.1664860248565674
68   1.2370586395263672
69   1.1885159015655518
70   1.1054490804672241
71   1.2168704271316528
72   1.1641120910644531
73   1.171032190322876
74   1.2559685707092285
75   1.3086975812911987
76   1.3320177793502808
77   1.1679186820983887
78   1.1467145681381226
79   1.0895450115203857
80   1.1499196290969849
81   1.3503965139389038
82   1.1382638216018677
83   1.288124680519104
84   1.2899832725524902
85   1.2616559267044067
86   1.331020474433899
87   1.1904252767562866
88   1.1613751649856567
89   1.0946147441864014
90   1.1822367906570435
91   1.4054754972457886
92   1.1394612789154053
93   1.216678500175476
94   1.303425669670105
95   1.4484196901321411
96   1.087355375289917
97   1.3486860990524292
98   1.2930039167404175
99   1.1950513124465942
100   1.4229105710983276
101   1.368700623512268
102   1.044161081314087
103   1.2104243040084839
104   1.0139498710632324
105   1.3133544921875
106   1.2435837984085083
107   1.229920506477356
108   1.125255823135376
109   1.326292872428894
110   1.219997763633728
111   1.2129580974578857
112   1.4212462902069092
113   1.1655466556549072
114   1.1059726476669312
115   1.2822473049163818
116   1.222130298614502
117   1.2355177402496338
118   1.2944834232330322
119   1.1152660846710205
120   1.3473894596099854
121   1.2513006925582886
122   1.4109753370285034
123   1.1908148527145386
124   1.0179083347320557
125   1.279632806777954
126   1.3100887537002563
127   1.2623039484024048
128   1.2560235261917114
129   1.2752840518951416
130   1.2524054050445557
131   1.2413636445999146
132   1.150010347366333
133   1.1878927946090698
134   1.2013063430786133
135   1.2234692573547363
136   1.0205051898956299
137   1.1561740636825562
138   1.2460424900054932
139   1.0596023797988892
140   1.0613718032836914
141   1.2678167819976807
142   1.0595239400863647
143   1.1468631029129028
144   1.1626780033111572
145   1.1053944826126099
146   1.4304678440093994
147   1.160487174987793
148   1.2790449857711792
149   1.0802749395370483
150   1.2076671123504639
151   1.1195545196533203
152   1.0914500951766968
153   1.133365511894226
154   1.1580010652542114
155   1.419772982597351
156   1.181296706199646
157   1.3139598369598389
158   1.245742917060852
159   1.2336000204086304
160   1.240836262702942
161   1.0152466297149658
162   1.1362313032150269
163   1.1692025661468506
164   1.3687615394592285
165   1.322390079498291
166   1.111961841583252
167   1.0303924083709717
168   0.994229257106781
169   1.2817511558532715
170   1.208722472190857
171   1.1863000392913818
172   1.0166115760803223
173   1.1094343662261963
174   0.9968261122703552
175   1.2724429368972778
176   1.307091474533081
177   1.1703143119812012
178   1.155381679534912
179   1.3499680757522583
180   1.059852957725525
181   1.0880976915359497
182   1.3341820240020752
183   1.3940273523330688
184   1.061298131942749
185   1.3025500774383545
186   1.161423683166504
187   1.1060173511505127
188   1.2726354598999023
189   1.055206298828125
190   1.2569881677627563
191   1.1867754459381104
192   1.0970876216888428
193   1.2961567640304565
194   1.3919334411621094
195   1.2122012376785278
196   1.1313152313232422
197   1.1708056926727295
198   1.2387166023254395
199   1.075681209564209
200   1.153423547744751
201   1.2812288999557495
202   1.2730083465576172
203   1.1200700998306274
204   1.2002480030059814
205   1.2771275043487549
206   1.22221040725708
207   1.313966989517212
208   1.2388159036636353
1   1.3659969568252563
2   1.3557316064834595
3   1.5834506750106812
4   1.4562406539916992
5   1.52919602394104
6   1.5869303941726685
7   1.4267383813858032
8   1.5207135677337646
9   1.4339696168899536
10   1.515766978263855
11   1.7546602487564087
12   1.4511255025863647
13   1.4868474006652832
14   1.6626867055892944
15   1.5494036674499512
16   1.2068902254104614
17   1.404829978942871
18   1.4298732280731201
19   1.4981309175491333
20   1.2252650260925293
1   1.3588190078735352
2   1.3446205854415894
3   1.422881841659546
4   1.3811876773834229
5   1.4829843044281006
6   1.6966804265975952
7   1.7165660858154297
8   1.6426196098327637
9   1.8261921405792236
10   1.700034737586975
11   1.4627209901809692
12   1.49068021774292
13   1.6138533353805542
14   1.2816517353057861
15   1.7031582593917847
16   1.4792659282684326
17   1.440600037574768
18   1.437365174293518
19   1.686362862586975
20   1.5922374725341797
21   1.574886679649353
22   1.4457956552505493
23   1.5753358602523804
24   1.6367634534835815
25   1.6569628715515137
26   1.5695396661758423
27   1.6349117755889893
28   1.656948208808899
29   1.6419481039047241
30   1.381489872932434
31   1.5656415224075317
32   1.4465965032577515
33   1.3785037994384766
34   1.660913109779358
35   1.1778937578201294
36   1.4110355377197266
37   1.1222959756851196
38   1.6523349285125732
39   1.6087427139282227
40   1.7151907682418823
41   1.4921363592147827
42   1.3118336200714111
43   1.5553561449050903
44   1.4988620281219482
45   1.3117595911026
46   1.6067172288894653
47   1.4447386264801025
48   1.4608030319213867
49   1.6331905126571655
50   1.4071855545043945
51   1.2327427864074707
52   1.2877334356307983
53   1.4521739482879639
54   1.4463744163513184
55   1.7289483547210693
56   1.444347620010376
57   1.174102544784546
58   1.6823197603225708
59   1.6677364110946655
60   1.6243716478347778
61   1.7811882495880127
62   1.4648513793945313
63   1.4296280145645142
64   1.6766480207443237
65   1.7079564332962036
66   1.6972672939300537
67   1.372950792312622
68   1.6875661611557007
69   1.446596622467041
70   1.5162911415100098
71   1.4983478784561157
72   1.5597054958343506
73   1.5714014768600464
74   1.3417677879333496
75   1.4828298091888428
76   1.3078782558441162
77   1.425492525100708
78   1.500667929649353
79   1.56840181350708
80   1.5935667753219604
81   1.3969489336013794
82   1.5555046796798706
83   1.4464969635009766
84   1.6002117395401
85   1.4834052324295044
86   1.6105228662490845
87   1.3962016105651855
88   1.440233588218689
89   1.3626302480697632
90   1.511501669883728
91   1.4672085046768188
92   1.3498331308364868
93   1.5392032861709595
94   1.643158197402954
95   1.3922613859176636
96   1.5223371982574463
97   1.5229487419128418
98   1.5565543174743652
99   1.6497080326080322
100   1.6436529159545898
101   1.533247947692871
102   1.5291329622268677
103   1.4607516527175903
104   1.400732398033142
105   1.362226963043213
106   1.3926836252212524
107   1.5994415283203125
108   1.730634093284607
109   1.4936368465423584
110   1.7496570348739624
111   1.5045231580734253
112   1.5669244527816772
113   1.6829067468643188
114   1.332513451576233
115   1.5099339485168457
116   1.2716823816299438
117   1.43234384059906
118   1.5909950733184814
119   1.5515811443328857
120   1.4952176809310913
121   1.6404993534088135
122   1.5107080936431885
123   1.6288520097732544
124   1.4324219226837158
125   1.4575307369232178
126   1.6296451091766357
127   1.7225850820541382
128   1.6835154294967651
129   1.5879303216934204
130   1.741898536682129
131   1.659324049949646
132   1.692333459854126
133   1.6174533367156982
134   1.6193675994873047
135   1.4527287483215332
136   1.6121801137924194
137   1.5052363872528076
138   1.4557057619094849
139   1.516850233078003
140   1.607426404953003
141   1.5645869970321655
142   1.4294739961624146
143   1.3074920177459717
144   1.3844386339187622
145   1.7183314561843872
146   1.5656079053878784
147   1.567226767539978
148   1.7922146320343018
149   1.4789812564849854
150   1.6930153369903564
151   1.6398614645004272
152   1.3418951034545898
153   1.3583968877792358
154   1.6934053897857666
155   1.6593629121780396
156   1.6067882776260376
157   1.4484196901321411
158   1.4377237558364868
159   1.6113580465316772
160   1.682222604751587
1   1.3771581649780273
2   1.377180814743042
3   1.4629873037338257
4   1.3923676013946533
5   1.6363266706466675
6   1.5848073959350586
7   1.6921474933624268
8   1.6309524774551392
9   1.6874823570251465
10   1.595635175704956
11   1.4291846752166748
12   1.578264594078064
13   1.8879629373550415
14   1.5997073650360107
15   1.7434306144714355
16   1.581167459487915
17   1.5111199617385864
18   1.611891508102417
19   1.71937894821167
20   1.7330902814865112
21   1.9988415241241455
22   1.7500276565551758
23   1.6101155281066895
24   1.6752245426177979
25   1.8480943441390991
26   2.0130274295806885
27   1.9445679187774658
28   1.88832426071167
29   1.6828094720840454
30   1.728977084159851
31   1.6009355783462524
32   1.6972873210906982
33   1.650306224822998
34   1.8189756870269775
35   1.4833464622497559
36   2.062354803085327
37   1.3939653635025024
38   1.8372598886489868
39   2.0034520626068115
40   2.1262669563293457
41   1.7192641496658325
42   2.032851457595825
43   1.7110272645950317
44   2.1364526748657227
45   1.8967963457107544
46   1.9448716640472412
47   1.6093443632125854
48   1.90041184425354
49   1.8940577507019043
50   1.8686774969100952
51   1.8233205080032349
52   1.935712456703186
53   1.93093740940094
54   1.8360745906829834
55   2.086373805999756
56   1.4434471130371094
57   1.6077275276184082
58   1.5235289335250854
59   1.6757560968399048
60   1.7488794326782227
61   2.0012049674987793
62   1.641863465309143
63   1.4020613431930542
64   1.61670982837677
65   1.6116775274276733
66   1.852272391319275
67   1.6837941408157349
68   1.8101876974105835
69   1.842605471611023
70   1.574224829673767
71   2.0266456604003906
72   1.943159580230713
73   1.6869075298309326
74   2.1060292720794678
75   1.9924591779708862
76   2.0267932415008545
77   1.7604676485061646
78   1.9720250368118286
79   2.3478567600250244
80   1.841564655303955
81   1.9521433115005493
82   1.9333243370056152
83   1.6445703506469727
84   1.6340521574020386
85   1.8035988807678223
86   2.095296621322632
87   2.0918009281158447
88   2.244213342666626
89   1.7072110176086426
90   1.7744195461273193
91   1.7396962642669678
92   1.7534211874008179
93   1.7017285823822021
94   2.219651460647583
95   1.7217929363250732
96   1.6939743757247925
97   1.9524928331375122
98   1.8634430170059204
99   1.756418228149414
100   2.0019311904907227
101   2.011780023574829
102   1.7036769390106201
103   1.7899889945983887
104   1.6033039093017578
105   1.9718009233474731
106   1.8643882274627686
107   1.730643630027771
108   2.0132250785827637
109   2.218384265899658
110   1.9211970567703247
111   2.0113425254821777
112   1.7628095149993896
113   1.9681572914123535
114   1.8498435020446777
115   1.5861194133758545
116   1.7740768194198608
117   1.6079120635986328
118   1.8069908618927002
119   1.9301799535751343
120   1.8332144021987915
121   1.9959558248519897
122   1.9936250448226929
123   1.7005144357681274
124   1.7591361999511719
125   1.7071526050567627
126   1.787035584449768
127   1.7458653450012207
128   1.6790522336959839
129   1.742292046546936
130   1.6703009605407715
131   1.42812180519104
132   1.520215630531311
133   1.8075820207595825
134   1.9202134609222412
135   1.9375522136688232
136   1.8744667768478394
137   1.6590461730957031
138   1.9001827239990234
139   1.8057165145874023
140   1.7239283323287964
141   1.9029173851013184
142   1.8066195249557495
143   1.4310259819030762
144   1.6424895524978638
145   1.8093421459197998
146   1.7267018556594849
147   1.625545620918274
148   1.7269256114959717
149   1.6837220191955566
150   1.67396879196167
151   1.7385507822036743
152   1.5306757688522339
153   1.443347454071045
154   1.687511920928955
155   1.5706653594970703
156   1.5562281608581543
157   1.4708274602890015
158   1.5181890726089478
159   1.4403913021087646
160   1.4798967838287354
161   1.581699013710022
162   1.4915759563446045
163   1.7583246231079102
164   1.6507140398025513
