0   0.0
1   0.2340167760848999
2   0.2707923352718353
3   0.3039834499359131
4   0.22161325812339783
5   0.1887424886226654
6   0.23389871418476105
7   0.16264303028583527
8   0.21009491384029388
9   1.016107439994812
10   1.191656470298767
11   3.2198705673217773
12   2.2553839683532715
13   1.9386398792266846
14   2.279279947280884
15   2.4421775341033936
16   2.896211624145508
17   2.3553924560546875
18   2.389265775680542
19   2.1387991905212402
20   2.2207255363464355
21   2.3082165718078613
22   2.382997989654541
23   2.2480478286743164
24   2.135150909423828
25   2.4321868419647217
26   1.9459654092788696
27   2.048222303390503
28   2.62316632270813
29   2.5864453315734863
30   2.049494504928589
31   2.128469944000244
32   2.622828722000122
33   1.9679147005081177
34   2.100466728210449
35   2.347240447998047
36   2.6202006340026855
37   2.8636045455932617
38   2.515371561050415
39   2.433189630508423
40   2.4659059047698975
41   2.174927234649658
42   2.4343600273132324
43   2.5856292247772217
44   2.758918285369873
45   3.0713396072387695
46   1.632203221321106
47   1.183687686920166
48   2.0503437519073486
49   1.4786698818206787
50   1.592537760734558
51   1.6294339895248413
52   1.185882568359375
53   1.1212096214294434
54   1.3377504348754883
55   1.4018127918243408
56   0.8581826090812683
57   1.791912317276001
58   1.5301539897918701
59   2.8411779403686523
60   3.9335103034973145
61   1.3289607763290405
62   1.3448642492294312
63   1.3393040895462036
64   1.6623456478118896
65   1.7150694131851196
66   2.419938087463379
67   1.2556952238082886
68   1.968352198600769
69   1.218306541442871
70   1.3362312316894531
71   1.6454867124557495
72   1.5804100036621094
73   1.1232762336730957
74   1.3810145854949951
75   1.6101330518722534
76   1.391480803489685
77   1.2793711423873901
78   1.6079026460647583
79   1.228045105934143
80   2.270097255706787
81   1.201045274734497
82   1.205817699432373
83   1.671610951423645
84   1.3900988101959229
85   1.2323020696640015
86   1.5491989850997925
87   1.2631932497024536
88   1.2285990715026855
89   1.2898378372192383
90   1.4509217739105225
91   1.1844655275344849
92   2.447614908218384
93   2.3078207969665527
94   2.950822114944458
95   1.7169264554977417
96   1.5633426904678345
97   1.7918494939804077
98   2.953871488571167
99   2.6500279903411865
100   2.452350616455078
101   1.4290807247161865
102   1.0906826257705688
103   0.9986158013343811
104   1.6354953050613403
105   1.8493003845214844
106   1.2474653720855713
107   1.373820424079895
108   1.1834733486175537
109   3.9546079635620117
110   2.239809513092041
111   1.603348970413208
112   0.8512234687805176
113   1.5975645780563354
114   1.8618476390838623
115   1.263784646987915
116   1.159728765487671
117   1.8405914306640625
118   1.3027756214141846
119   1.2965539693832397
120   1.4579328298568726
121   1.147781491279602
122   1.9285558462142944
123   0.9855781197547913
124   1.4324924945831299
125   1.7126119136810303
126   1.482071876525879
127   1.4389326572418213
128   1.184941053390503
129   1.371433138847351
130   0.8271493315696716
131   1.240375280380249
132   1.190012812614441
133   1.1670047044754028
134   1.2743337154388428
135   0.9257107973098755
136   1.1117236614227295
137   1.3186240196228027
138   0.9023239612579346
139   0.7460541129112244
140   0.9763277173042297
141   1.2525947093963623
142   0.9159242510795593
143   1.5190850496292114
144   1.3328545093536377
145   1.572460412979126
146   1.5537652969360352
147   1.145992636680603
148   1.40999174118042
149   1.680970549583435
150   1.6828062534332275
151   1.127794861793518
152   1.4097585678100586
153   1.5251705646514893
154   1.9018549919128418
155   2.6380810737609863
156   1.3028558492660522
157   1.229105830192566
158   1.6777924299240112
159   1.9467992782592773
160   1.6221373081207275
161   1.4323811531066895
162   1.4761794805526733
163   1.6129926443099976
164   1.3076144456863403
165   1.603327989578247
166   1.026879906654358
167   1.5117249488830566
168   1.8311920166015625
169   1.60793137550354
170   3.1691195964813232
171   2.028360605239868
172   1.2883353233337402
173   1.9834281206130981
174   1.4547841548919678
175   1.168013095855713
176   1.621019721031189
177   3.39436936378479
178   2.1669609546661377
179   1.2869137525558472
180   1.2842236757278442
181   1.5928170680999756
182   2.0276451110839844
183   0.8387218117713928
184   1.7341939210891724
185   1.0843724012374878
186   1.0324928760528564
187   2.404733419418335
188   2.6943953037261963
189   3.1041526794433594
190   1.6897621154785156
191   0.9553084969520569
192   1.0981770753860474
193   1.3196028470993042
194   1.2168850898742676
195   1.4938747882843018
196   1.7948578596115112
197   1.516011118888855
198   1.364212989807129
199   1.384118676185608
200   1.7344619035720825
201   1.454506754875183
202   1.8419969081878662
203   1.1546658277511597
204   1.566441297531128
205   1.5797135829925537
206   2.1165080070495605
207   1.797504186630249
208   2.078359603881836
