0   0.0
1   0.19964027404785156
2   0.19928523898124695
3   0.1961890608072281
4   0.19550547003746033
5   0.20935016870498657
6   0.19934262335300446
7   0.20743082463741302
8   0.19563516974449158
9   0.5708199143409729
10   0.6145317554473877
11   0.7398260235786438
12   0.8224706053733826
13   0.695170521736145
14   0.6815123558044434
15   0.4863415062427521
16   0.6199899315834045
17   0.4822293519973755
18   0.47263863682746887
19   0.5801553130149841
20   0.48954999446868896
21   0.5440130233764648
22   0.5095306038856506
23   0.5915740728378296
24   0.5151169896125793
25   0.5483922958374023
26   0.513982892036438
27   0.5978636145591736
28   0.6161675453186035
29   0.5122418999671936
30   0.4783366024494171
31   0.48679104447364807
32   0.5486781001091003
33   0.49630221724510193
34   0.5675094127655029
35   0.6349523067474365
36   0.6064963936805725
37   0.5862706303596497
38   0.549961268901825
39   0.5018808245658875
40   0.566216766834259
41   0.5245675444602966
42   0.5081890225410461
43   0.5077113509178162
44   0.5604437589645386
45   0.5806680917739868
46   0.6524498462677002
47   0.5421599745750427
48   0.7790363430976868
49   0.5828490853309631
50   0.5660969614982605
51   0.6531956791877747
52   0.5700717568397522
53   0.5438224673271179
54   0.5436705350875854
55   0.7073882818222046
56   0.641520082950592
57   0.6109489798545837
58   0.6232883334159851
59   0.7444747686386108
60   0.5157011151313782
61   0.5551683902740479
62   0.5552092790603638
63   0.7497410178184509
64   0.7708474397659302
65   0.6555279493331909
66   0.6087155342102051
67   0.5578102469444275
68   0.5575798749923706
69   0.5787789821624756
70   0.6039987206459045
71   0.5714027881622314
72   0.5737313032150269
73   0.5545510053634644
74   0.6226189136505127
75   0.6559799909591675
76   0.595952033996582
77   0.5617067217826843
78   0.6263148188591003
79   0.5525897741317749
80   0.5851654410362244
81   0.6130318641662598
82   0.5605841875076294
83   0.6105558276176453
84   0.5110195875167847
85   0.7293149828910828
86   0.6300662159919739
87   0.5671190619468689
88   0.5958425402641296
89   0.6532779335975647
90   0.6278431415557861
91   0.7726877331733704
92   0.6633561253547668
93   0.6021319627761841
94   0.5664815306663513
95   0.6306882500648499
96   0.6671618223190308
97   0.6666208505630493
98   0.6763378381729126
99   0.570183515548706
100   0.5962932705879211
101   0.6417274475097656
102   0.6217378377914429
103   0.6446388363838196
104   0.6719459891319275
105   0.6429104208946228
106   0.59624183177948
107   0.5918831825256348
108   0.607409656047821
109   0.6959704160690308
110   0.6887852549552917
111   0.661693274974823
112   0.5808459520339966
113   0.6370382308959961
114   0.6658610105514526
115   0.6513657569885254
116   0.7665376663208008
117   0.622270941734314
118   0.5348591804504395
119   0.5642166137695313
120   0.6936242580413818
121   0.6038348078727722
122   0.6045434474945068
123   0.564238429069519
124   0.6061584949493408
125   0.5915088057518005
126   0.6390127539634705
127   0.6727801561355591
128   0.6283756494522095
129   0.688861072063446
130   0.6426608562469482
131   0.5347103476524353
132   0.5295081734657288
133   0.5613535642623901
134   0.6604074835777283
135   0.5902581214904785
136   0.7769830822944641
137   0.6650405526161194
138   0.6967393159866333
139   0.5353004336357117
140   0.4926854968070984
141   0.5933029055595398
142   0.6049030423164368
143   0.5585337281227112
144   0.6421331167221069
145   0.6080977916717529
146   0.6475501656532288
147   0.581224262714386
148   0.6487146019935608
149   0.7468730807304382
150   0.6312932968139648
151   0.7134507298469543
152   0.5767833590507507
153   0.6300302743911743
154   0.6620803475379944
155   0.564288318157196
156   0.5918871164321899
157   0.5788925290107727
158   0.6489123702049255
159   0.6189177632331848
160   0.5901289582252502
161   0.5835915207862854
162   0.6969690322875977
163   0.6264753937721252
164   0.7431566715240479
165   0.6926043629646301
166   0.6102117896080017
167   0.5893414616584778
168   0.725734531879425
169   0.607214629650116
170   0.598369300365448
171   0.7436124086380005
172   0.6399122476577759
173   0.63466876745224
174   0.6014761328697205
175   0.5517114400863647
176   0.5271070599555969
177   0.5808116793632507
178   0.6144298315048218
179   0.6432800889015198
180   0.636951208114624
181   0.7819872498512268
182   0.6179078221321106
183   0.5931040644645691
184   0.6553673148155212
185   0.5408403277397156
186   0.5923352241516113
187   0.5731370449066162
188   0.5563480854034424
189   0.6510443687438965
190   0.6541147232055664
191   0.5398017168045044
192   0.5670976638793945
193   0.6208733916282654
194   0.6547524929046631
195   0.6214799284934998
196   0.6564813256263733
197   0.6954275965690613
198   0.5681350231170654
199   0.6611139178276062
200   0.6178272366523743
201   0.5683369636535645
202   0.5805402994155884
203   0.6198980212211609
204   0.6525602340698242
205   0.5842903852462769
206   0.6766273975372314
207   0.6228531002998352
208   0.6442137956619263
