0   0.0
1   0.1864587813615799
2   0.1749434620141983
3   0.1829814612865448
4   0.18578803539276123
5   0.1809583455324173
6   0.17982429265975952
7   0.19560059905052185
8   0.19172285497188568
9   0.27342620491981506
10   0.2839222550392151
11   0.28060534596443176
12   0.31571540236473083
13   0.3043472170829773
14   0.27780967950820923
15   0.26810213923454285
16   0.30082669854164124
17   0.29418423771858215
18   0.2741767168045044
19   0.28787246346473694
20   0.2649596631526947
21   0.28964999318122864
22   0.26693084836006165
23   0.2946145832538605
24   0.2710862159729004
25   0.2927764356136322
26   0.2879723608493805
27   0.30012837052345276
28   0.2639179527759552
29   0.2885095477104187
30   0.265560507774353
31   0.2775196135044098
32   0.2633488178253174
33   0.26002150774002075
34   0.2500232458114624
35   0.3101516366004944
36   0.2801238000392914
37   0.2911783754825592
38   0.2815922796726227
39   0.27197831869125366
40   0.28681182861328125
41   0.26397719979286194
42   0.28245648741722107
43   0.29027059674263
44   0.29567307233810425
45   0.2840482294559479
46   0.3540703058242798
47   0.3027416467666626
48   0.3113006353378296
49   0.32024306058883667
50   0.29558810591697693
51   0.2992706894874573
52   0.2922721207141876
53   0.2807700037956238
54   0.28751611709594727
55   0.30095741152763367
56   0.3143075406551361
57   0.28150784969329834
58   0.2943256199359894
59   0.3140488266944885
60   0.27127426862716675
61   0.29572978615760803
62   0.28874680399894714
63   0.2970562279224396
64   0.32595178484916687
65   0.31351348757743835
66   0.3022695779800415
67   0.330923467874527
68   0.29034778475761414
69   0.29768308997154236
70   0.29387742280960083
71   0.2831699848175049
72   0.279013454914093
73   0.26783058047294617
74   0.3094486892223358
75   0.2937915027141571
76   0.2814635932445526
77   0.28977349400520325
78   0.32537415623664856
79   0.3266791105270386
80   0.2979215085506439
81   0.2713553309440613
82   0.2982182502746582
83   0.31711965799331665
84   0.29183903336524963
85   0.31260570883750916
86   0.31302115321159363
87   0.29517051577568054
88   0.28810760378837585
89   0.32003116607666016
90   0.29134663939476013
91   0.30837616324424744
92   0.29722633957862854
93   0.26814740896224976
94   0.2797713875770569
95   0.2684459686279297
96   0.31219482421875
97   0.3043031394481659
98   0.2899641990661621
99   0.285498708486557
100   0.28953588008880615
101   0.29160240292549133
102   0.30962488055229187
103   0.30953118205070496
104   0.31511762738227844
105   0.27497556805610657
106   0.29053518176078796
107   0.285806268453598
108   0.29520872235298157
109   0.31027406454086304
110   0.2861526608467102
111   0.30273377895355225
112   0.3114393353462219
113   0.3138977587223053
114   0.3052230179309845
115   0.3109060525894165
116   0.3097696602344513
117   0.2820754945278168
118   0.30009639263153076
119   0.3072925806045532
120   0.2833048701286316
121   0.2802911400794983
122   0.28980156779289246
123   0.2726633846759796
124   0.2849043309688568
125   0.29080531001091003
126   0.2914144694805145
127   0.2769728899002075
128   0.28835198283195496
129   0.3208394944667816
130   0.2909979224205017
131   0.30662477016448975
132   0.3003687262535095
133   0.31255432963371277
134   0.3010334372520447
135   0.27901196479797363
136   0.29178574681282043
137   0.29976657032966614
138   0.28499600291252136
139   0.3034619688987732
140   0.30299344658851624
141   0.31515565514564514
142   0.30268600583076477
143   0.28196069598197937
144   0.29709818959236145
145   0.30134692788124084
146   0.2898663580417633
147   0.31759393215179443
148   0.29900527000427246
149   0.31712979078292847
150   0.3120422065258026
151   0.29898494482040405
152   0.28968220949172974
153   0.30863597989082336
154   0.30340322852134705
155   0.2936730980873108
156   0.28084278106689453
157   0.28180381655693054
158   0.29453685879707336
159   0.3334127962589264
160   0.28930702805519104
161   0.3160117268562317
162   0.2948557734489441
163   0.3193826377391815
164   0.3193322718143463
165   0.321597695350647
166   0.3037676513195038
167   0.29376837611198425
168   0.3062322437763214
169   0.29486557841300964
170   0.28055092692375183
171   0.31403782963752747
172   0.3016617000102997
173   0.31857940554618835
174   0.3121472895145416
175   0.27781447768211365
176   0.2802668809890747
177   0.28721484541893005
178   0.3140209913253784
179   0.2909635305404663
180   0.31377121806144714
181   0.32630428671836853
182   0.2844882607460022
183   0.30027952790260315
184   0.32645949721336365
185   0.27647045254707336
186   0.2931119203567505
187   0.30269327759742737
188   0.30423709750175476
189   0.29620495438575745
190   0.295523077249527
191   0.2868947684764862
192   0.288351833820343
193   0.31500867009162903
194   0.32338741421699524
195   0.26411503553390503
196   0.29240837693214417
197   0.2883298695087433
198   0.2806343734264374
199   0.2670018970966339
200   0.28967681527137756
201   0.30219703912734985
202   0.28943586349487305
203   0.31093016266822815
204   0.298186331987381
205   0.2971675992012024
206   0.3237251043319702
207   0.27196162939071655
208   0.30216309428215027
