1   1.2941224575042725
2   1.3809939622879028
3   1.3415324687957764
4   1.6576385498046875
5   1.4977740049362183
6   1.4217357635498047
7   1.401404857635498
8   1.300438642501831
9   1.3710682392120361
10   1.5031158924102783
11   1.2411346435546875
12   1.4248812198638916
13   1.349123477935791
14   1.1011234521865845
15   1.2340527772903442
16   1.2928824424743652
17   1.3914387226104736
18   1.3148460388183594
19   1.1643192768096924
20   1.505029320716858
21   1.3649318218231201
22   1.2607446908950806
23   1.3464516401290894
24   1.3949918746948242
25   1.2286040782928467
26   1.330108880996704
27   1.2562965154647827
28   1.227378487586975
29   1.3484829664230347
30   1.5578498840332031
31   1.2764818668365479
32   1.1259714365005493
33   1.298805594444275
34   1.3863049745559692
35   1.181304693222046
36   1.3067811727523804
37   1.3600239753723145
38   1.2293872833251953
39   1.2661244869232178
40   1.3154759407043457
41   1.3369407653808594
42   1.4550940990447998
43   1.4079782962799072
44   1.5086060762405396
45   1.2768744230270386
46   1.5553139448165894
47   1.622468113899231
48   1.246071696281433
49   0.9867022037506104
50   1.2872436046600342
51   1.3168394565582275
52   1.4372854232788086
53   1.240844964981079
54   1.2002754211425781
55   1.1006133556365967
56   1.300166368484497
57   1.340182900428772
58   1.2774564027786255
59   1.1576361656188965
60   1.2092769145965576
61   1.269517183303833
62   1.404658555984497
63   1.1900449991226196
64   1.2911827564239502
65   1.2881629467010498
66   1.375901699066162
67   1.5146821737289429
68   1.360081434249878
69   1.247114658355713
70   1.1779811382293701
71   1.4469140768051147
72   1.3935489654541016
73   1.2761415243148804
74   1.3361375331878662
75   1.145016074180603
76   1.303976058959961
77   1.3240574598312378
78   1.3152199983596802
79   1.327314019203186
80   1.5319876670837402
81   1.3611031770706177
82   1.2238601446151733
83   1.493572473526001
84   1.2833513021469116
85   1.5221529006958008
86   1.4195964336395264
87   1.5439555644989014
88   1.5256953239440918
89   1.3435982465744019
90   1.267819881439209
91   1.223469853401184
92   1.271416425704956
93   1.5091631412506104
94   1.3823485374450684
95   1.553153395652771
96   1.2263424396514893
97   1.4042394161224365
98   1.5628961324691772
99   1.1369166374206543
100   1.4826056957244873
101   1.2342979907989502
102   1.1465002298355103
103   1.2755225896835327
104   1.0918828248977661
105   1.1677303314208984
106   1.5674916505813599
107   1.3590519428253174
108   1.3021000623703003
109   1.5350369215011597
110   1.2013832330703735
111   1.501917839050293
112   1.3770607709884644
113   1.5505954027175903
114   1.4604066610336304
115   1.4716352224349976
116   1.377714991569519
117   1.3501731157302856
118   1.4720083475112915
119   1.2791119813919067
120   1.4570509195327759
121   1.4091023206710815
122   1.1790318489074707
123   1.2482609748840332
124   1.4698649644851685
125   1.253586769104004
126   1.443070650100708
127   1.2801560163497925
128   1.4492697715759277
129   1.3653180599212646
130   1.30631685256958
131   1.4860789775848389
132   1.3472052812576294
133   1.4834918975830078
134   1.5622683763504028
135   1.3215341567993164
136   1.7233607769012451
137   1.5342135429382324
138   1.3367418050765991
139   1.2276060581207275
140   1.3080921173095703
141   1.1231374740600586
142   1.2380181550979614
143   1.5271611213684082
144   1.3972007036209106
145   1.3956104516983032
146   1.4642502069473267
147   1.6922242641448975
148   1.2264856100082397
149   1.4960941076278687
150   1.6473039388656616
151   1.3664593696594238
152   1.6142959594726563
153   1.5664225816726685
154   1.3816163539886475
155   1.302884817123413
156   1.4819930791854858
157   1.4331386089324951
158   1.5499327182769775
159   1.3228861093521118
160   1.3569620847702026
