1   0.2980824410915375
2   0.2864772379398346
3   0.300504207611084
4   0.3003150522708893
5   0.3158018887042999
6   0.28201499581336975
7   0.27146297693252563
8   0.28360414505004883
9   0.30922043323516846
10   0.31767991185188293
11   0.2845008969306946
12   0.29787662625312805
13   0.29200562834739685
14   0.30580615997314453
15   0.2927261292934418
16   0.2868223190307617
17   0.315182626247406
18   0.2583419382572174
19   0.2895268201828003
20   0.2913428246974945
21   0.31134748458862305
22   0.29855623841285706
23   0.27862438559532166
24   0.29575538635253906
25   0.3073958456516266
26   0.2937329113483429
27   0.27381983399391174
28   0.2870875597000122
29   0.3195872902870178
30   0.31435948610305786
31   0.2761366367340088
32   0.30277958512306213
33   0.2890865206718445
34   0.2931704521179199
35   0.3158431947231293
36   0.3011602461338043
37   0.2770773470401764
38   0.27826687693595886
39   0.291219562292099
40   0.2861238121986389
41   0.3201538324356079
42   0.3281114995479584
43   0.30823028087615967
44   0.31101924180984497
45   0.32270559668540955
46   0.31170034408569336
47   0.2919132113456726
48   0.30195170640945435
49   0.28212714195251465
50   0.3016788959503174
51   0.3065442740917206
52   0.30902573466300964
53   0.3088093400001526
54   0.3139263987541199
55   0.3242477476596832
56   0.28149282932281494
57   0.28267452120780945
58   0.30572959780693054
59   0.31411588191986084
60   0.2943352460861206
61   0.29873690009117126
62   0.29205217957496643
63   0.30731749534606934
64   0.28299906849861145
65   0.29750630259513855
66   0.31806841492652893
67   0.32068032026290894
68   0.29811352491378784
69   0.28863242268562317
70   0.2878454923629761
71   0.32022109627723694
72   0.28140607476234436
73   0.29275619983673096
74   0.2790980935096741
75   0.29564666748046875
76   0.2851649522781372
77   0.3149881362915039
78   0.2948431074619293
79   0.2897607386112213
80   0.3204086422920227
81   0.29287275671958923
82   0.29967206716537476
83   0.30080345273017883
84   0.29538771510124207
85   0.3024746775627136
86   0.32262304425239563
87   0.3001268208026886
88   0.2884136736392975
89   0.3168521523475647
90   0.29365459084510803
91   0.3177582919597626
92   0.299565851688385
93   0.2892855703830719
94   0.30663517117500305
95   0.28280961513519287
96   0.31053897738456726
97   0.2982112169265747
98   0.28181761503219604
99   0.3194272220134735
100   0.3194231390953064
101   0.3047294020652771
102   0.31641942262649536
103   0.3186338543891907
104   0.2939569354057312
105   0.288513720035553
106   0.30205783247947693
107   0.2897130250930786
108   0.2757125794887543
109   0.2949334979057312
110   0.2848782241344452
111   0.3002845346927643
112   0.3160189688205719
113   0.3039275109767914
114   0.277559757232666
115   0.2793767750263214
116   0.2837890386581421
117   0.29492831230163574
118   0.3085171580314636
119   0.3182453513145447
120   0.3059214949607849
121   0.2878694534301758
122   0.2903722822666168
123   0.30661386251449585
124   0.3121066689491272
125   0.27251189947128296
126   0.2987765669822693
127   0.2823372781276703
128   0.2956794202327728
129   0.2808607220649719
130   0.28258731961250305
131   0.2876873314380646
132   0.29970571398735046
133   0.2851426899433136
134   0.31276124715805054
135   0.3156978487968445
136   0.31481871008872986
137   0.3028877079486847
138   0.3030543327331543
139   0.29698461294174194
140   0.2859013080596924
141   0.2789713144302368
142   0.28863534331321716
143   0.3144158124923706
144   0.3346908390522003
145   0.2980085611343384
146   0.3204064965248108
147   0.31356000900268555
148   0.28859731554985046
149   0.3089662492275238
150   0.31352147459983826
151   0.31388217210769653
152   0.30774787068367004
153   0.3306383490562439
154   0.28889209032058716
155   0.31790170073509216
156   0.29678627848625183
157   0.31855809688568115
158   0.322236567735672
159   0.31574171781539917
160   0.2792823612689972
