1   0.6271862983703613
2   0.5470040440559387
3   0.6133021712303162
4   0.7842690944671631
5   0.7831431031227112
6   0.5684568285942078
7   0.6201446056365967
8   0.6136028170585632
9   0.6708558797836304
10   0.62141352891922
11   0.574967086315155
12   0.630396842956543
13   0.6214651465415955
14   0.5484264492988586
15   0.7060289978981018
16   0.5462249517440796
17   0.5988199710845947
18   0.5609215497970581
19   0.6103583574295044
20   0.6379142999649048
21   0.5895193815231323
22   0.6394652128219604
23   0.5543583631515503
24   0.5861923694610596
25   0.5859568119049072
26   0.5727542638778687
27   0.6069077849388123
28   0.6288315653800964
29   0.598932683467865
30   0.72136390209198
31   0.6300299763679504
32   0.6430503726005554
33   0.6035318970680237
34   0.6075068712234497
35   0.6505168080329895
36   0.6228244304656982
37   0.7351846098899841
38   0.556133508682251
39   0.525556743144989
40   0.6018546223640442
41   0.6871711611747742
42   0.8079681396484375
43   0.5436185002326965
44   0.7885307669639587
45   0.5940941572189331
46   0.6324853897094727
47   0.7303566336631775
48   0.5801184773445129
49   0.5961188673973083
50   0.5955314636230469
51   0.6080265045166016
52   0.6280786991119385
53   0.59947669506073
54   0.6309934854507446
55   0.5704227089881897
56   0.5701126456260681
57   0.7260351181030273
58   0.7316640615463257
59   0.6153393387794495
60   0.7451557517051697
61   0.5915976166725159
62   0.5956869125366211
63   0.684004008769989
64   0.6925033926963806
65   0.8523008823394775
66   0.7579166889190674
67   0.6518319249153137
68   0.789449155330658
69   0.6647094488143921
70   0.6766127943992615
71   0.8784269094467163
72   0.6190404295921326
73   0.6527119874954224
74   0.54139643907547
75   0.6727778911590576
76   0.6117000579833984
77   0.5885636210441589
78   0.5426238775253296
79   0.6885603666305542
80   0.700593888759613
81   0.7632172703742981
82   0.741672694683075
83   0.7007016539573669
84   0.5679814219474792
85   0.6294292211532593
86   0.6294173002243042
87   0.7166853547096252
88   0.5979288220405579
89   0.6187063455581665
90   0.6967813372612
91   0.6453598737716675
92   0.696351170539856
93   0.5655156970024109
94   0.5573174357414246
95   0.5611263513565063
96   0.6238002777099609
97   0.5829431414604187
98   0.5029541254043579
99   0.7405080795288086
100   0.5822937488555908
101   0.6640060544013977
102   0.6667006015777588
103   0.6686458587646484
104   0.7586137652397156
105   0.5979520678520203
106   0.646448016166687
107   0.6372069120407104
108   0.5805269479751587
109   0.8229221105575562
110   0.6726934909820557
111   0.6152754426002502
112   0.8493136167526245
113   0.7495642900466919
114   0.7409793734550476
115   0.7464273571968079
116   0.5643428564071655
117   0.599087119102478
118   0.6625919938087463
119   0.6062498092651367
120   0.6073669791221619
121   0.5797509551048279
122   0.6021900773048401
123   0.6423505544662476
124   0.5801517367362976
125   0.5514505505561829
126   0.6063831448554993
127   0.5682295560836792
128   0.5882714986801147
129   0.5594471096992493
130   0.5607895255088806
131   0.5999024510383606
132   0.5812053084373474
133   0.7942104935646057
134   0.821071445941925
135   0.7989183068275452
136   0.6348404884338379
137   0.5935134291648865
138   0.5725103616714478
139   0.5851547718048096
140   0.6448848843574524
141   0.5262405276298523
142   0.5931682586669922
143   0.684439480304718
144   0.6238507032394409
145   0.6139991283416748
146   0.6569969654083252
147   0.6029360890388489
148   0.5453004240989685
149   0.7725529670715332
150   0.6560649275779724
151   0.6141763925552368
152   0.6837802529335022
153   0.7966927886009216
154   0.6295068264007568
155   0.5702611207962036
156   0.5993521809577942
157   0.7074745297431946
158   0.6580310463905334
159   0.6026025414466858
160   0.5786813497543335
