1   1.3365782499313354
2   1.2745908498764038
3   1.497829794883728
4   1.236769676208496
5   1.3512927293777466
6   1.2518771886825562
7   1.3246508836746216
8   1.2614789009094238
9   1.4076387882232666
10   1.3108463287353516
11   1.181999683380127
12   1.1174744367599487
13   1.5047259330749512
14   1.321799635887146
15   1.423743486404419
16   1.3991591930389404
17   1.5030806064605713
18   1.5115108489990234
19   1.414485216140747
20   1.3180209398269653
21   1.446907877922058
22   1.2323942184448242
23   1.410489797592163
24   1.652256727218628
25   1.7494447231292725
26   1.424023151397705
27   1.5352802276611328
28   1.3791507482528687
29   1.4659937620162964
30   1.243981122970581
31   1.3408621549606323
32   1.4756969213485718
33   1.6356629133224487
34   1.4308733940124512
35   1.5557814836502075
36   1.4093451499938965
37   1.4406592845916748
38   1.2616761922836304
39   2.0201332569122314
40   1.7249755859375
41   1.253084421157837
42   1.4161396026611328
43   1.6014083623886108
44   1.398413062095642
45   1.7617100477218628
46   1.651283860206604
47   1.7042968273162842
48   1.7036559581756592
49   1.5725607872009277
50   1.719329595565796
51   1.1339653730392456
52   1.8131625652313232
53   1.2416541576385498
54   1.5238537788391113
55   1.8609936237335205
56   1.4370990991592407
57   1.6324236392974854
58   2.1584525108337402
59   1.1716498136520386
60   1.6081724166870117
61   1.5295679569244385
62   1.9263510704040527
63   1.762229084968567
64   1.6693612337112427
65   1.856842279434204
66   1.3520008325576782
67   1.0244086980819702
68   2.2552921772003174
69   2.1107101440429688
70   1.6116862297058105
71   1.175121545791626
72   2.104602336883545
73   1.5997366905212402
74   1.6056956052780151
75   1.236563801765442
76   1.4652732610702515
77   2.4366939067840576
78   2.5140273571014404
79   1.7428243160247803
80   2.735661506652832
81   3.4349000453948975
82   2.4265172481536865
83   3.015273094177246
84   2.667891263961792
85   2.1521167755126953
86   2.786877155303955
87   2.673650026321411
88   2.426739454269409
89   2.1207516193389893
90   2.388866901397705
91   2.2841057777404785
92   2.3412835597991943
93   3.2234885692596436
94   3.201629638671875
95   3.698833465576172
96   2.262941360473633
97   2.4405100345611572
98   1.3424351215362549
99   1.1667455434799194
100   2.3900017738342285
101   0.9489900469779968
102   1.4936630725860596
103   1.5013433694839478
104   1.4948681592941284
105   1.3480645418167114
106   1.3273913860321045
107   0.9449482560157776
108   1.3361109495162964
109   2.6259350776672363
110   1.1689553260803223
111   1.2584041357040405
112   0.997011661529541
113   1.1154698133468628
114   1.4073481559753418
115   1.4405359029769897
116   1.3394876718521118
117   1.3840445280075073
118   0.9573297500610352
119   1.431222677230835
120   1.5435818433761597
121   1.3038408756256104
122   1.1732323169708252
123   1.1584089994430542
124   1.1783581972122192
125   1.382393717765808
126   1.706627368927002
127   1.367861032485962
128   1.5684564113616943
129   1.296573519706726
130   1.4001387357711792
131   1.398302435874939
132   1.253913164138794
133   1.5730708837509155
134   1.7024697065353394
135   1.5940309762954712
136   1.5628483295440674
137   1.444785714149475
138   1.4634876251220703
139   1.4439470767974854
140   1.4863121509552002
141   1.7821104526519775
142   1.22127103805542
143   1.0807403326034546
144   1.396388053894043
145   1.1107522249221802
146   1.168458104133606
147   1.7139259576797485
148   1.1711015701293945
149   1.3230329751968384
150   1.4266666173934937
151   1.4200745820999146
152   1.4687209129333496
153   1.2551300525665283
154   1.0496426820755005
155   1.5731079578399658
156   1.3765770196914673
157   1.261117696762085
158   1.3319820165634155
159   1.393661618232727
160   1.1442545652389526
161   1.341705322265625
162   1.5037298202514648
163   1.3165408372879028
164   1.3827385902404785
