1   0.3168695271015167
2   0.30610549449920654
3   0.2980705797672272
4   0.3158503472805023
5   0.32914331555366516
6   0.29380354285240173
7   0.29408910870552063
8   0.2950889468193054
9   0.31325098872184753
10   0.2830057740211487
11   0.3011167347431183
12   0.2818071246147156
13   0.30434855818748474
14   0.29302269220352173
15   0.28066205978393555
16   0.34443366527557373
17   0.29082930088043213
18   0.29563575983047485
19   0.29303041100502014
20   0.3001970946788788
21   0.2943071722984314
22   0.29638978838920593
23   0.2840747833251953
24   0.27966955304145813
25   0.30338990688323975
26   0.32182320952415466
27   0.2864406406879425
28   0.30803120136260986
29   0.2987463176250458
30   0.3060668408870697
31   0.3064534664154053
32   0.308844655752182
33   0.2845304012298584
34   0.3011815845966339
35   0.28799116611480713
36   0.2889401912689209
37   0.3135748505592346
38   0.2879067063331604
39   0.2927078604698181
40   0.32362890243530273
41   0.3144488036632538
42   0.29289984703063965
43   0.3077791929244995
44   0.2992613911628723
45   0.28538206219673157
46   0.29185107350349426
47   0.2964596748352051
48   0.2810879349708557
49   0.2954455316066742
50   0.2805536985397339
51   0.3047471046447754
52   0.3031581938266754
53   0.281042218208313
54   0.29605090618133545
55   0.2996753752231598
56   0.2938111126422882
57   0.30439525842666626
58   0.30171141028404236
59   0.3069295287132263
60   0.2935943901538849
61   0.29538875818252563
62   0.3005422055721283
63   0.2882454991340637
64   0.28437575697898865
65   0.2888319492340088
66   0.29267868399620056
67   0.28821173310279846
68   0.3067658245563507
69   0.28572437167167664
70   0.2885341942310333
71   0.30248546600341797
72   0.2883719205856323
73   0.3135872185230255
74   0.2753239870071411
75   0.2993302345275879
76   0.2921909689903259
77   0.3067300319671631
78   0.2819112241268158
79   0.309001088142395
80   0.326815128326416
81   0.29145583510398865
82   0.3193555474281311
83   0.3051953911781311
84   0.29627498984336853
85   0.28403735160827637
86   0.283843994140625
87   0.2838112413883209
88   0.3171846568584442
89   0.30236297845840454
90   0.29347267746925354
91   0.29393649101257324
92   0.3035150468349457
93   0.30625030398368835
94   0.2915978729724884
95   0.28514763712882996
96   0.298467218875885
97   0.27467072010040283
98   0.29202911257743835
99   0.28128859400749207
100   0.29766497015953064
101   0.30456894636154175
102   0.3154290020465851
103   0.3086329996585846
104   0.2966231107711792
105   0.31331518292427063
106   0.2976956069469452
107   0.2992759943008423
108   0.27129927277565
109   0.28431203961372375
110   0.2847413420677185
111   0.2958675026893616
112   0.28686434030532837
113   0.28374341130256653
114   0.29032573103904724
115   0.30429908633232117
116   0.30746346712112427
117   0.29180318117141724
118   0.28957757353782654
119   0.31177958846092224
120   0.3067774176597595
121   0.2698192000389099
122   0.29520073533058167
123   0.3011311888694763
124   0.28013482689857483
125   0.2796684801578522
126   0.30713894963264465
127   0.2756945788860321
128   0.29643791913986206
129   0.28751322627067566
130   0.31844455003738403
131   0.3007570505142212
132   0.2610572874546051
133   0.295538991689682
134   0.29323679208755493
135   0.29780709743499756
136   0.28750601410865784
137   0.30019378662109375
138   0.2983536720275879
139   0.2918412685394287
140   0.3047921061515808
141   0.29302582144737244
142   0.2938607931137085
143   0.29401695728302
144   0.2797246277332306
145   0.3116748034954071
146   0.2903052568435669
147   0.2872167229652405
148   0.3107354938983917
149   0.3141619861125946
150   0.29111146926879883
151   0.27727892994880676
152   0.31726306676864624
153   0.28717291355133057
154   0.30501580238342285
155   0.29258307814598083
156   0.2851463258266449
157   0.28809794783592224
158   0.2815386652946472
159   0.2615002393722534
160   0.30678510665893555
161   0.30858516693115234
162   0.2888459265232086
163   0.30969929695129395
164   0.32012996077537537
