1   0.6387354135513306
2   0.546869695186615
3   0.6471765041351318
4   0.5414704084396362
5   0.560680091381073
6   0.5916995406150818
7   0.5685719847679138
8   0.6094478368759155
9   0.6013648509979248
10   0.6139276027679443
11   0.5501903891563416
12   0.612028956413269
13   0.6319167017936707
14   0.6365524530410767
15   0.6348558068275452
16   0.595167338848114
17   0.5595978498458862
18   0.6057171821594238
19   0.7612578272819519
20   0.6380261778831482
21   0.6058976650238037
22   0.6801754832267761
23   0.5941917896270752
24   0.5995291471481323
25   0.6780017614364624
26   0.5582652688026428
27   0.6752274632453918
28   0.6300005912780762
29   0.6169515252113342
30   0.6001309752464294
31   0.5878080725669861
32   0.6781736016273499
33   0.7330763936042786
34   0.6243321895599365
35   0.6772063970565796
36   0.7120925188064575
37   0.5565400719642639
38   0.5672019124031067
39   0.6052324175834656
40   0.6444544792175293
41   0.6521563529968262
42   0.5669272541999817
43   0.573197066783905
44   0.5560813546180725
45   0.623137891292572
46   0.5424950122833252
47   0.5931480526924133
48   0.6258607506752014
49   0.6210859417915344
50   0.5654147863388062
51   0.5962367653846741
52   0.7059327363967896
53   0.5950599908828735
54   0.6916279792785645
55   0.6026462316513062
56   0.5527552962303162
57   0.6353980302810669
58   0.7650758624076843
59   0.6810265779495239
60   0.6552072763442993
61   0.6136500835418701
62   0.6320896744728088
63   0.5949035286903381
64   0.563417911529541
65   0.6743161678314209
66   0.7189223766326904
67   0.606027364730835
68   0.6848638653755188
69   0.5811962485313416
70   0.5551629066467285
71   0.5838803648948669
72   0.5848674774169922
73   0.5569251775741577
74   0.5890318751335144
75   0.6146214008331299
76   0.564875066280365
77   0.5542774200439453
78   0.5794000029563904
79   0.7635288238525391
80   0.591942548751831
81   0.5256857872009277
82   0.6394439935684204
83   0.7230929136276245
84   0.5776113867759705
85   0.5913630723953247
86   0.645860493183136
87   0.6723439693450928
88   0.6205528974533081
89   0.5631501078605652
90   0.5868213772773743
91   0.5423015356063843
92   0.533245861530304
93   0.5861893892288208
94   0.6733728051185608
95   0.6122875213623047
96   0.6084446310997009
97   0.5193488001823425
98   0.7452517151832581
99   0.5630947351455688
100   0.7756283283233643
101   0.5692726373672485
102   0.7209330201148987
103   0.6234811544418335
104   0.6345419883728027
105   0.5962553024291992
106   0.5773200988769531
107   0.6129557490348816
108   0.5506623983383179
109   0.6452262997627258
110   0.5764140486717224
111   0.5586509108543396
112   0.5627994537353516
113   0.5770271420478821
114   0.6812501549720764
115   0.5653241276741028
116   0.7877798080444336
117   0.6442175507545471
118   0.5795913338661194
119   0.6351430416107178
120   0.6586345434188843
121   0.755282461643219
122   0.5765509605407715
123   0.6302002668380737
124   0.657750129699707
125   0.5713061690330505
126   0.7264447808265686
127   0.634304404258728
128   0.7253447771072388
129   0.7184661626815796
130   0.7258418202400208
131   0.6387715339660645
132   0.6641793847084045
133   0.6486872434616089
134   0.5934143662452698
135   0.5783206224441528
136   0.6773382425308228
137   0.594667375087738
138   0.6302446722984314
139   0.6008971929550171
140   0.559383749961853
141   0.6448189616203308
142   0.5615537166595459
143   0.6081470251083374
144   0.6394466757774353
145   0.7293462157249451
146   0.5761297941207886
147   0.7453144788742065
148   0.7191987037658691
149   0.7814433574676514
150   0.7157451510429382
151   0.6041809320449829
152   0.590636134147644
153   0.583402156829834
154   0.5584662556648254
155   0.5666954517364502
156   0.5933895111083984
157   0.6234496235847473
158   0.5999395847320557
159   0.5367306470870972
160   0.6405956149101257
161   0.5724388360977173
162   0.7744277715682983
163   0.7331580519676208
164   0.6206361055374146
