0   15.798117637634277
1   15.820672035217285
2   15.789292335510254
3   15.830968856811523
4   15.810851097106934
5   15.786515235900879
6   15.800103187561035
7   15.8223876953125
8   15.786036491394043
9   15.80433177947998
10   15.783516883850098
11   15.826249122619629
12   15.780962944030762
13   15.950946807861328
14   15.579571723937988
15   15.415870666503906
16   15.685851097106934
17   15.559662818908691
18   15.703275680541992
19   15.625593185424805
20   16.12559700012207
21   15.695042610168457
22   15.68040657043457
23   16.03486442565918
24   15.869706153869629
25   15.495457649230957
26   15.659789085388184
27   15.879411697387695
28   15.673938751220703
29   16.11642074584961
30   15.657867431640625
31   15.874519348144531
32   15.660198211669922
33   16.068147659301758
34   15.993180274963379
35   15.695772171020508
36   15.905481338500977
37   15.823004722595215
38   16.06410789489746
39   15.964274406433105
40   15.829286575317383
41   16.000455856323242
42   16.06932258605957
43   15.547905921936035
44   15.80743408203125
45   15.465106010437012
46   15.490220069885254
47   15.671008110046387
48   15.597274780273438
49   15.643834114074707
50   15.70531940460205
51   15.607537269592285
52   15.677966117858887
53   15.727453231811523
54   15.659748077392578
55   15.79324722290039
56   15.656471252441406
57   15.910999298095703
58   15.480223655700684
59   15.572102546691895
60   15.535430908203125
61   15.795676231384277
62   15.690359115600586
63   15.918575286865234
64   15.684664726257324
65   15.588461875915527
66   15.725946426391602
67   15.668643951416016
68   15.839326858520508
69   15.625870704650879
70   15.556894302368164
71   15.499131202697754
72   15.638334274291992
73   15.776460647583008
74   15.53525161743164
75   15.598092079162598
76   15.401705741882324
77   15.78600025177002
78   15.929793357849121
79   15.70637321472168
80   15.530620574951172
81   15.607217788696289
82   15.601399421691895
83   15.479991912841797
84   15.497425079345703
85   15.625970840454102
86   15.719676971435547
87   15.561773300170898
88   15.519402503967285
89   15.698163986206055
90   15.376619338989258
91   15.842671394348145
92   15.590826034545898
93   15.515746116638184
94   15.461003303527832
95   15.7008638381958
96   15.631855010986328
97   15.46396255493164
98   15.617695808410645
99   15.653406143188477
100   15.65510082244873
101   15.829167366027832
102   15.755125045776367
103   15.507779121398926
104   15.548125267028809
105   15.333831787109375
106   15.398327827453613
107   15.477953910827637
108   15.7166109085083
109   15.504744529724121
110   15.653926849365234
111   15.66049861907959
112   16.125452041625977
113   15.840590476989746
114   15.775179862976074
115   16.631624221801758
116   15.938111305236816
117   16.06037139892578
118   15.860389709472656
119   16.06096839904785
120   15.705174446105957
121   15.529930114746094
122   15.833609580993652
123   15.957730293273926
124   15.846173286437988
125   15.898191452026367
126   16.036428451538086
127   15.790053367614746
128   15.54797077178955
129   15.688376426696777
130   15.694527626037598
131   15.554191589355469
132   15.773974418640137
133   15.76058578491211
134   15.858448028564453
135   15.70622444152832
136   15.606886863708496
137   15.555314064025879
138   15.445535659790039
139   15.501419067382813
140   15.677841186523438
141   15.898869514465332
142   15.567378044128418
143   15.641457557678223
144   15.846357345581055
145   16.000829696655273
146   15.831095695495605
147   15.657054901123047
148   15.962386131286621
149   15.904705047607422
150   15.801623344421387
151   16.002429962158203
152   15.986228942871094
153   15.564861297607422
154   16.054048538208008
155   16.050167083740234
156   15.529151916503906
157   15.82361125946045
158   15.86503791809082
159   15.87287425994873
160   15.567144393920898
161   15.660368919372559
162   15.795903205871582
163   15.783077239990234
164   15.802183151245117
165   15.613703727722168
166   15.926445960998535
167   15.665642738342285
168   15.765331268310547
169   15.376702308654785
170   15.916874885559082
171   15.620134353637695
172   15.705889701843262
173   15.508493423461914
174   15.962562561035156
175   15.943130493164063
176   15.959671020507813
177   15.899374008178711
178   15.897920608520508
179   16.019020080566406
180   15.87912654876709
181   15.696647644042969
182   15.761446952819824
183   15.566210746765137
184   15.469085693359375
185   15.700963020324707
186   15.926309585571289
187   15.78023910522461
188   15.723386764526367
189   15.945638656616211
190   15.74500560760498
191   15.887388229370117
192   15.648408889770508
193   15.930937767028809
194   15.968721389770508
195   15.526867866516113
196   15.647844314575195
197   15.71628189086914
198   15.63255500793457
199   15.78637409210205
200   16.158954620361328
201   15.842984199523926
202   16.318830490112305
203   16.458723068237305
204   15.957717895507813
205   15.873275756835938
206   16.28931999206543
207   15.80401611328125
208   16.091108322143555
209   16.134441375732422
210   15.890399932861328
211   16.062301635742188
212   15.799582481384277
213   15.832427024841309
