1   16.11367416381836
2   15.86460018157959
3   15.757295608520508
4   15.869746208190918
5   15.752717971801758
6   16.102554321289063
7   16.034975051879883
8   16.046266555786133
9   15.960341453552246
10   16.304155349731445
11   15.975720405578613
12   16.147815704345703
13   16.315717697143555
14   15.726120948791504
15   15.84048080444336
16   15.841391563415527
17   15.785588264465332
18   16.14509391784668
19   15.861132621765137
20   16.096952438354492
21   16.006488800048828
22   16.148576736450195
23   15.830761909484863
24   15.586663246154785
25   15.6150484085083
26   15.833246231079102
27   16.167444229125977
28   16.144044876098633
29   15.899002075195313
30   15.770833969116211
31   15.899022102355957
32   15.862116813659668
33   15.640830993652344
34   15.758749961853027
35   15.60833740234375
36   15.803400993347168
37   15.37075138092041
38   15.451202392578125
39   15.4110746383667
40   15.706165313720703
41   15.53767204284668
42   15.622434616088867
43   15.6012601852417
44   15.866964340209961
45   15.478536605834961
46   15.742080688476563
47   15.7089262008667
48   15.667777061462402
49   15.59266185760498
50   15.703832626342773
51   15.4991455078125
52   15.498468399047852
53   15.35439682006836
54   15.76265811920166
55   15.76752758026123
56   15.671307563781738
57   15.408087730407715
58   15.534687042236328
59   15.5945463180542
60   15.623291969299316
61   15.693744659423828
62   15.545592308044434
63   15.782215118408203
64   15.758203506469727
65   15.497222900390625
66   15.6261568069458
67   15.814044952392578
68   15.754199028015137
69   15.673039436340332
70   15.862632751464844
71   15.77084732055664
72   16.080257415771484
73   15.843518257141113
74   15.66185188293457
75   15.451873779296875
76   15.580890655517578
77   15.702982902526855
78   15.863362312316895
79   15.913843154907227
80   16.101274490356445
81   16.193071365356445
82   16.1053524017334
83   15.880435943603516
84   15.324919700622559
85   16.016830444335938
86   15.881534576416016
87   16.222593307495117
88   15.874886512756348
89   15.822386741638184
90   16.009431838989258
91   15.700777053833008
92   15.846183776855469
93   15.890525817871094
94   15.61246395111084
95   15.943580627441406
96   15.941914558410645
97   16.125049591064453
98   15.562836647033691
99   15.783316612243652
100   15.787349700927734
101   15.758185386657715
102   15.829343795776367
103   15.887819290161133
104   16.193805694580078
105   16.174345016479492
106   15.822848320007324
107   15.608495712280273
108   15.261014938354492
109   15.664327621459961
110   15.544792175292969
111   15.682624816894531
112   15.86878490447998
113   16.051240921020508
114   16.294702529907227
115   15.834893226623535
116   15.955774307250977
117   15.909314155578613
118   15.882665634155273
119   15.612594604492188
120   15.838607788085938
121   16.060054779052734
122   16.04449462890625
123   15.64249324798584
124   15.438435554504395
125   15.67920207977295
126   16.061450958251953
127   15.682689666748047
128   15.613733291625977
129   15.769022941589355
130   15.760035514831543
131   15.609987258911133
132   15.673558235168457
133   15.696549415588379
134   15.478515625
135   15.39237117767334
136   15.564776420593262
137   15.518906593322754
138   15.656577110290527
139   15.541354179382324
140   15.463973045349121
141   15.322269439697266
142   15.51919174194336
143   15.663280487060547
144   15.367867469787598
145   15.716339111328125
146   15.603370666503906
147   16.238142013549805
148   15.75429916381836
149   15.585391998291016
150   15.351577758789063
151   15.615697860717773
152   15.38412857055664
153   15.673131942749023
154   15.569363594055176
155   15.512455940246582
156   15.568617820739746
157   15.823895454406738
158   15.754646301269531
159   15.601750373840332
160   15.634228706359863
