Run semi-empirical minimization
 &qmmm
    qm_theory='AM1', grms_tol=0.0005,
 scfconv=1.d-10, ndiis_attempts=700,   qmcharge=0,
 /
   8    O1        8.1330        1.1750       35.9460 
   8    O2       11.3700        2.0770       39.1480 
   7    N1       10.4460        3.8630       38.0180 
   7    N2        8.0310        4.1780       35.5240 
   7    N3        9.7520        1.6340       37.5470 
   7    N4        9.3210        5.5840       36.6890 
   6    C1        8.7760        3.4040       36.3650 
   6    C2        9.5530        4.2930       37.0620 
   6    C3        8.8180        1.9880       36.5580 
   6    C4       10.5820        2.5000       38.3010 
   6    C5        8.3950        5.4820       35.7560 
   1    H1       11.0010        4.5560       38.5100 
   1    H2        7.3430        3.8580       34.8550 
   1    H3        9.8440        0.6420       37.7470 
   1    H4        7.9480        6.3030       35.2120 

