0   0.0
1   0.16775445640087128
2   0.17888925969600677
3   0.181421160697937
4   0.17736272513866425
5   0.1843836009502411
6   0.19634313881397247
7   0.17705167829990387
8   0.17499682307243347
9   0.8446962833404541
10   1.064717173576355
11   1.0894535779953003
12   1.0395214557647705
13   1.1417198181152344
14   1.1831468343734741
15   1.0723813772201538
16   1.1566715240478516
17   1.2374465465545654
18   1.1076111793518066
19   1.3564565181732178
20   1.226963996887207
21   1.4088026285171509
22   1.3153272867202759
23   1.1863585710525513
24   1.0554862022399902
25   1.2994807958602905
26   1.1709176301956177
27   1.5561717748641968
28   1.2971481084823608
29   1.321502685546875
30   1.461664080619812
31   1.4091287851333618
32   1.5322531461715698
33   1.4252569675445557
34   1.3587580919265747
35   1.240902304649353
36   1.2267124652862549
37   1.2478846311569214
38   1.1457439661026
39   1.171575903892517
40   1.1888256072998047
41   1.2510758638381958
42   1.250335931777954
43   1.2525581121444702
44   1.3218568563461304
45   1.3129303455352783
46   1.118625521659851
47   1.4320557117462158
48   1.3173205852508545
49   1.139167070388794
50   1.01413094997406
51   1.1498950719833374
52   1.1632212400436401
53   1.2227654457092285
54   1.381007432937622
55   1.257906198501587
56   1.171402096748352
57   1.0930026769638062
58   1.1324270963668823
59   1.2310791015625
60   1.3495477437973022
61   1.1129969358444214
62   1.1985799074172974
63   1.2164758443832397
64   1.0020736455917358
65   1.2164921760559082
66   1.1207778453826904
67   1.1664860248565674
68   1.2370586395263672
69   1.1885159015655518
70   1.1054490804672241
71   1.2168704271316528
72   1.1641120910644531
73   1.171032190322876
74   1.2559685707092285
75   1.3086975812911987
76   1.3320177793502808
77   1.1679186820983887
78   1.1467145681381226
79   1.0895450115203857
80   1.1499196290969849
81   1.3503965139389038
82   1.1382638216018677
83   1.288124680519104
84   1.2899832725524902
85   1.2616559267044067
86   1.331020474433899
87   1.1904252767562866
88   1.1613751649856567
89   1.0946147441864014
90   1.1822367906570435
91   1.4054754972457886
92   1.1394612789154053
93   1.216678500175476
94   1.303425669670105
95   1.4484196901321411
96   1.087355375289917
97   1.3486860990524292
98   1.2930039167404175
99   1.1950513124465942
100   1.4229105710983276
101   1.368700623512268
102   1.044161081314087
103   1.2104243040084839
104   1.0139498710632324
105   1.3133544921875
106   1.2435837984085083
107   1.229920506477356
108   1.125255823135376
109   1.326292872428894
110   1.219997763633728
111   1.2129580974578857
112   1.4212462902069092
113   1.1655466556549072
114   1.1059726476669312
115   1.2822473049163818
116   1.222130298614502
117   1.2355177402496338
118   1.2944834232330322
119   1.1152660846710205
120   1.3473894596099854
121   1.2513006925582886
122   1.4109753370285034
123   1.1908148527145386
124   1.0179083347320557
125   1.279632806777954
126   1.3100887537002563
127   1.2623039484024048
128   1.2560235261917114
129   1.2752840518951416
130   1.2524054050445557
131   1.2413636445999146
132   1.150010347366333
133   1.1878927946090698
134   1.2013063430786133
135   1.2234692573547363
136   1.0205051898956299
137   1.1561740636825562
138   1.2460424900054932
139   1.0596023797988892
140   1.0613718032836914
141   1.2678167819976807
142   1.0595239400863647
143   1.1468631029129028
144   1.1626780033111572
145   1.1053944826126099
146   1.4304678440093994
147   1.160487174987793
148   1.2790449857711792
149   1.0802749395370483
150   1.2076671123504639
151   1.1195545196533203
152   1.0914500951766968
153   1.133365511894226
154   1.1580010652542114
155   1.419772982597351
156   1.181296706199646
157   1.3139598369598389
158   1.245742917060852
159   1.2336000204086304
160   1.240836262702942
161   1.0152466297149658
162   1.1362313032150269
163   1.1692025661468506
164   1.3687615394592285
165   1.322390079498291
166   1.111961841583252
167   1.0303924083709717
168   0.994229257106781
169   1.2817511558532715
170   1.208722472190857
171   1.1863000392913818
172   1.0166115760803223
173   1.1094343662261963
174   0.9968261122703552
175   1.2724429368972778
176   1.307091474533081
177   1.1703143119812012
178   1.155381679534912
179   1.3499680757522583
180   1.059852957725525
181   1.0880976915359497
182   1.3341820240020752
183   1.3940273523330688
184   1.061298131942749
185   1.3025500774383545
186   1.161423683166504
187   1.1060173511505127
188   1.2726354598999023
189   1.055206298828125
190   1.2569881677627563
191   1.1867754459381104
192   1.0970876216888428
193   1.2961567640304565
194   1.3919334411621094
195   1.2122012376785278
196   1.1313152313232422
197   1.1708056926727295
198   1.2387166023254395
199   1.075681209564209
200   1.153423547744751
201   1.2812288999557495
202   1.2730083465576172
203   1.1200700998306274
204   1.2002480030059814
205   1.2771275043487549
206   1.22221040725708
207   1.313966989517212
208   1.2388159036636353
