0   0.0
1   0.19095240533351898
2   0.20338429510593414
3   0.1962343454360962
4   0.20808783173561096
5   0.2041013091802597
6   0.19973137974739075
7   0.1897324174642563
8   0.20362348854541779
9   0.9141312837600708
10   1.077688455581665
11   1.2738994359970093
12   1.056158423423767
13   1.1937172412872314
14   1.1989343166351318
15   1.1112027168273926
16   1.2527910470962524
17   1.2166047096252441
18   1.2209241390228271
19   1.4349435567855835
20   1.2965776920318604
21   1.3882637023925781
22   1.336817979812622
23   1.2379217147827148
24   1.1591167449951172
25   1.3236441612243652
26   1.108090877532959
27   1.5674903392791748
28   1.2416437864303589
29   1.3934988975524902
30   1.3841936588287354
31   1.3065077066421509
32   1.4252731800079346
33   1.3138506412506104
34   1.2863818407058716
35   1.4098540544509888
36   1.3412058353424072
37   1.23409903049469
38   1.1950104236602783
39   1.1079617738723755
40   1.159409761428833
41   1.172777533531189
42   1.2127455472946167
43   1.3826676607131958
44   1.4778081178665161
45   1.3990670442581177
46   1.2083858251571655
47   1.5346537828445435
48   1.3902064561843872
49   1.2419469356536865
50   1.0099667310714722
51   1.1811645030975342
52   1.215003490447998
53   1.2512526512145996
54   1.321835994720459
55   1.3382079601287842
56   1.2021971940994263
57   1.0818334817886353
58   1.2107232809066772
59   1.2010935544967651
60   1.275410771369934
61   1.1632215976715088
62   1.2545092105865479
63   1.1348215341567993
64   1.1409976482391357
65   1.263759970664978
66   1.1674309968948364
67   1.1797159910202026
68   1.2336176633834839
69   1.3676220178604126
70   1.107591986656189
71   1.3023552894592285
72   1.1637582778930664
73   1.1857739686965942
74   1.2887237071990967
75   1.2182538509368896
76   1.4040029048919678
77   1.2126587629318237
78   1.2537169456481934
79   1.081076979637146
80   1.2415270805358887
81   1.4154295921325684
82   1.1566739082336426
83   1.2855676412582397
84   1.3727883100509644
85   1.1786112785339355
86   1.331418752670288
87   1.1835620403289795
88   1.2706844806671143
89   1.2452566623687744
90   1.1648200750350952
91   1.3853187561035156
92   1.191550374031067
93   1.22823166847229
94   1.314581036567688
95   1.5245922803878784
96   1.2644786834716797
97   1.2556800842285156
98   1.2538483142852783
99   1.2228034734725952
100   1.41615629196167
101   1.4134070873260498
102   1.1454014778137207
103   1.124301552772522
104   1.1476880311965942
105   1.3813610076904297
106   1.2530860900878906
107   1.324592113494873
108   1.2300056219100952
109   1.2836723327636719
110   1.2664015293121338
111   1.2415740489959717
112   1.4630279541015625
113   1.206548810005188
114   1.3180514574050903
115   1.2661631107330322
116   1.3250254392623901
117   1.1995141506195068
118   1.306578278541565
119   1.222691297531128
120   1.360093593597412
121   1.3308614492416382
122   1.5434026718139648
123   1.3608731031417847
124   1.1421492099761963
125   1.2945327758789063
126   1.3011378049850464
127   1.2744321823120117
128   1.2848504781723022
129   1.2866106033325195
130   1.2304496765136719
131   1.1316449642181396
132   1.2544525861740112
133   1.336104154586792
134   1.2854911088943481
135   1.3023813962936401
136   1.113883137702942
137   1.1547613143920898
138   1.2665116786956787
139   1.18900728225708
140   1.181294560432434
141   1.2204304933547974
142   1.245227336883545
143   1.2528144121170044
144   1.163834571838379
145   1.2329068183898926
146   1.492468237876892
147   1.2460694313049316
148   1.3741226196289063
149   1.1231656074523926
150   1.2433838844299316
151   1.1469508409500122
152   1.1179471015930176
153   1.1958118677139282
154   1.2382618188858032
155   1.4293744564056396
156   1.3016958236694336
157   1.2717304229736328
158   1.2722169160842896
159   1.2584209442138672
160   1.2092629671096802
161   1.1290453672409058
162   1.159804344177246
163   1.2108886241912842
164   1.422472357749939
165   1.254018783569336
166   1.1222586631774902
167   1.155772089958191
168   1.1940562725067139
169   1.307124137878418
170   1.3502463102340698
171   1.1463236808776855
172   1.1363258361816406
173   1.1547346115112305
174   1.093139886856079
175   1.3563710451126099
176   1.3553589582443237
177   1.2402476072311401
178   1.2245206832885742
179   1.3267959356307983
180   1.1677058935165405
181   1.2143527269363403
182   1.469110369682312
183   1.3870763778686523
184   1.2008018493652344
185   1.245298981666565
186   1.2529921531677246
187   1.2245694398880005
188   1.2278608083724976
189   1.2140591144561768
190   1.2959500551223755
191   1.2672455310821533
192   1.2055480480194092
193   1.2406290769577026
194   1.4941084384918213
195   1.2103335857391357
196   1.2251421213150024
197   1.2378095388412476
198   1.2481876611709595
199   1.1779016256332397
200   1.1757642030715942
201   1.3421175479888916
202   1.2980974912643433
203   1.16199791431427
204   1.155285120010376
205   1.4048097133636475
206   1.3416354656219482
207   1.3447537422180176
208   1.292053461074829
