1   1.131897211074829
2   0.9787116646766663
3   1.1054986715316772
4   1.1158711910247803
5   1.0203443765640259
6   1.2989007234573364
7   1.2424665689468384
8   1.132233738899231
9   1.1507153511047363
10   1.2177876234054565
11   1.379894495010376
12   1.3066083192825317
13   1.2829320430755615
14   1.0812866687774658
15   1.1603593826293945
16   1.329195499420166
17   0.9790506958961487
18   1.1558886766433716
19   0.9869118928909302
20   1.4907786846160889
21   1.1436009407043457
22   1.081424593925476
23   1.0282787084579468
24   1.118402361869812
25   1.060768723487854
26   1.0619564056396484
27   1.1203211545944214
28   1.1655348539352417
29   1.0857800245285034
30   1.1359161138534546
31   1.243659496307373
32   1.216012954711914
33   1.1158663034439087
34   1.0666661262512207
35   1.133553147315979
36   1.0146832466125488
37   1.1228243112564087
38   1.0929698944091797
39   1.0839495658874512
40   1.0561031103134155
41   1.1778151988983154
42   1.1931811571121216
43   1.0054645538330078
44   1.1500523090362549
45   1.2352302074432373
46   1.1564297676086426
47   1.105294108390808
48   0.9727092981338501
49   1.0611717700958252
50   1.1899811029434204
51   1.2139592170715332
52   1.0700815916061401
53   1.0973612070083618
54   0.9533273577690125
55   1.1672942638397217
56   1.1984293460845947
57   1.0856918096542358
58   1.1988686323165894
59   1.04701566696167
60   0.9585729241371155
61   1.2255802154541016
62   1.110573410987854
63   1.0010533332824707
64   1.0244680643081665
65   1.2526742219924927
66   1.095347285270691
67   1.10891592502594
68   0.9984045624732971
69   0.8699508309364319
70   0.9968140721321106
71   0.9773758053779602
72   0.9619705080986023
73   1.0580929517745972
74   0.969178318977356
75   1.179938793182373
76   1.2425493001937866
77   1.1253876686096191
78   1.0657647848129272
79   1.1503938436508179
80   1.123220682144165
81   1.0801782608032227
82   1.050853967666626
83   1.3329097032546997
84   1.1604626178741455
85   1.099001169204712
86   0.9695585370063782
87   1.2784252166748047
88   0.9776031970977783
89   1.013873815536499
90   1.1524821519851685
91   1.0775479078292847
92   1.253878116607666
93   1.2395901679992676
94   1.0202134847640991
95   1.1093223094940186
96   1.3839225769042969
97   1.0985628366470337
98   1.0522609949111938
99   1.174217939376831
100   1.0509699583053589
101   1.0290693044662476
102   0.9621523022651672
103   1.080910325050354
104   1.1555280685424805
105   1.3277510404586792
106   1.1288795471191406
107   1.0341874361038208
108   1.1092652082443237
109   1.3220791816711426
110   1.0043408870697021
111   1.0094842910766602
112   1.3083690404891968
113   1.111504077911377
114   1.0753509998321533
115   1.0868536233901978
116   1.0342925786972046
117   1.0071905851364136
118   1.0446112155914307
119   1.1129244565963745
120   0.9877546429634094
121   0.9681747555732727
122   0.9552669525146484
123   1.0858365297317505
124   1.0947279930114746
125   1.0588933229446411
126   0.9474005103111267
127   0.9656431078910828
128   1.1858257055282593
129   1.2855939865112305
130   1.126523733139038
131   1.134448766708374
132   0.9664351344108582
133   0.9995607137680054
134   1.0096622705459595
135   1.087236762046814
136   1.2949061393737793
137   1.17118239402771
138   1.3817527294158936
139   1.1825050115585327
140   0.9998005628585815
141   1.1408170461654663
142   1.247391939163208
143   0.9167487621307373
144   1.109555721282959
145   1.2586338520050049
146   1.1727936267852783
147   1.2355293035507202
148   1.011099100112915
149   1.206159234046936
150   1.3194561004638672
151   0.9590799808502197
152   1.301545262336731
153   1.1556545495986938
154   1.013593316078186
155   0.9425395131111145
156   1.1901520490646362
157   1.226318120956421
158   1.239412784576416
159   1.2287708520889282
160   1.1164425611495972
