1   1.3771581649780273
2   1.377180814743042
3   1.4629873037338257
4   1.3923676013946533
5   1.6363266706466675
6   1.5848073959350586
7   1.6921474933624268
8   1.6309524774551392
9   1.6874823570251465
10   1.595635175704956
11   1.4291846752166748
12   1.578264594078064
13   1.8879629373550415
14   1.5997073650360107
15   1.7434306144714355
16   1.581167459487915
17   1.5111199617385864
18   1.611891508102417
19   1.71937894821167
20   1.7330902814865112
21   1.9988415241241455
22   1.7500276565551758
23   1.6101155281066895
24   1.6752245426177979
25   1.8480943441390991
26   2.0130274295806885
27   1.9445679187774658
28   1.88832426071167
29   1.6828094720840454
30   1.728977084159851
31   1.6009355783462524
32   1.6972873210906982
33   1.650306224822998
34   1.8189756870269775
35   1.4833464622497559
36   2.062354803085327
37   1.3939653635025024
38   1.8372598886489868
39   2.0034520626068115
40   2.1262669563293457
41   1.7192641496658325
42   2.032851457595825
43   1.7110272645950317
44   2.1364526748657227
45   1.8967963457107544
46   1.9448716640472412
47   1.6093443632125854
48   1.90041184425354
49   1.8940577507019043
50   1.8686774969100952
51   1.8233205080032349
52   1.935712456703186
53   1.93093740940094
54   1.8360745906829834
55   2.086373805999756
56   1.4434471130371094
57   1.6077275276184082
58   1.5235289335250854
59   1.6757560968399048
60   1.7488794326782227
61   2.0012049674987793
62   1.641863465309143
63   1.4020613431930542
64   1.61670982837677
65   1.6116775274276733
66   1.852272391319275
67   1.6837941408157349
68   1.8101876974105835
69   1.842605471611023
70   1.574224829673767
71   2.0266456604003906
72   1.943159580230713
73   1.6869075298309326
74   2.1060292720794678
75   1.9924591779708862
76   2.0267932415008545
77   1.7604676485061646
78   1.9720250368118286
79   2.3478567600250244
80   1.841564655303955
81   1.9521433115005493
82   1.9333243370056152
83   1.6445703506469727
84   1.6340521574020386
85   1.8035988807678223
86   2.095296621322632
87   2.0918009281158447
88   2.244213342666626
89   1.7072110176086426
90   1.7744195461273193
91   1.7396962642669678
92   1.7534211874008179
93   1.7017285823822021
94   2.219651460647583
95   1.7217929363250732
96   1.6939743757247925
97   1.9524928331375122
98   1.8634430170059204
99   1.756418228149414
100   2.0019311904907227
101   2.011780023574829
102   1.7036769390106201
103   1.7899889945983887
104   1.6033039093017578
105   1.9718009233474731
106   1.8643882274627686
107   1.730643630027771
108   2.0132250785827637
109   2.218384265899658
110   1.9211970567703247
111   2.0113425254821777
112   1.7628095149993896
113   1.9681572914123535
114   1.8498435020446777
115   1.5861194133758545
116   1.7740768194198608
117   1.6079120635986328
118   1.8069908618927002
119   1.9301799535751343
120   1.8332144021987915
121   1.9959558248519897
122   1.9936250448226929
123   1.7005144357681274
124   1.7591361999511719
125   1.7071526050567627
126   1.787035584449768
127   1.7458653450012207
128   1.6790522336959839
129   1.742292046546936
130   1.6703009605407715
131   1.42812180519104
132   1.520215630531311
133   1.8075820207595825
134   1.9202134609222412
135   1.9375522136688232
136   1.8744667768478394
137   1.6590461730957031
138   1.9001827239990234
139   1.8057165145874023
140   1.7239283323287964
141   1.9029173851013184
142   1.8066195249557495
143   1.4310259819030762
144   1.6424895524978638
145   1.8093421459197998
146   1.7267018556594849
147   1.625545620918274
148   1.7269256114959717
149   1.6837220191955566
150   1.67396879196167
151   1.7385507822036743
152   1.5306757688522339
153   1.443347454071045
154   1.687511920928955
155   1.5706653594970703
156   1.5562281608581543
157   1.4708274602890015
158   1.5181890726089478
159   1.4403913021087646
160   1.4798967838287354
161   1.581699013710022
162   1.4915759563446045
163   1.7583246231079102
164   1.6507140398025513
