0   0.0
1   0.21895389258861542
2   0.20826725661754608
3   0.28565743565559387
4   0.2620324492454529
5   0.31928855180740356
6   0.3103685975074768
7   0.23677657544612885
8   0.2956879734992981
9   0.1868356317281723
10   0.3737219572067261
11   0.6259617209434509
12   0.4399380385875702
13   0.8556674718856812
14   3.447970151901245
15   4.992367744445801
16   2.801809310913086
17   2.3391616344451904
18   2.979330062866211
19   2.9842662811279297
20   1.6334670782089233
21   3.818929672241211
22   2.445078134536743
23   2.7787458896636963
24   3.2246878147125244
25   5.169743061065674
26   4.491837978363037
27   2.2454044818878174
28   2.9566826820373535
29   3.897385358810425
30   3.1254098415374756
31   2.1264405250549316
32   1.3327150344848633
33   2.00930118560791
34   2.0492773056030273
35   2.602104663848877
36   3.76374888420105
37   2.6725215911865234
38   2.4205234050750732
39   3.380769729614258
40   2.514944076538086
41   1.3895496129989624
42   2.521463394165039
43   1.7947815656661987
44   1.6886566877365112
45   2.4706027507781982
46   2.4124486446380615
47   1.7625494003295898
48   2.5467755794525146
49   2.186671495437622
50   1.961748480796814
51   2.371114492416382
52   1.6944245100021362
53   1.9356844425201416
54   1.5547399520874023
55   1.4721403121948242
56   1.3778283596038818
57   1.2403818368911743
58   1.5350251197814941
59   1.703845500946045
60   1.523072361946106
61   1.7341820001602173
62   2.0780367851257324
63   1.3628125190734863
64   1.52387535572052
65   1.3943729400634766
66   1.7307374477386475
67   1.433880090713501
68   2.226480722427368
69   1.684243083000183
70   1.625914216041565
71   2.3080074787139893
72   1.959472417831421
73   2.0859251022338867
74   1.6154860258102417
75   1.8613866567611694
76   1.1613630056381226
77   1.6693050861358643
78   1.4854077100753784
79   1.4016649723052979
80   1.7323968410491943
81   2.0378315448760986
82   2.285337209701538
83   1.5259252786636353
84   1.72871732711792
85   1.4594628810882568
86   2.278564929962158
87   2.014589309692383
88   1.614107608795166
89   1.966295838356018
90   1.8178856372833252
91   2.0400519371032715
92   1.5986651182174683
93   1.7861465215682983
94   2.324176073074341
95   2.1752724647521973
96   2.4550018310546875
97   2.6609115600585938
98   2.337794303894043
99   1.4732304811477661
100   1.59569251537323
101   1.7039341926574707
102   1.8148689270019531
103   1.925498366355896
104   1.9628078937530518
105   1.8988884687423706
106   1.8872581720352173
107   1.7875885963439941
108   1.4933198690414429
109   2.0734503269195557
110   1.753100872039795
111   1.6067805290222168
112   2.842078924179077
113   3.46307110786438
114   3.049952745437622
115   2.098203659057617
116   2.1142773628234863
117   1.4215728044509888
118   2.2349605560302734
119   1.6062649488449097
120   1.5338369607925415
121   2.1116902828216553
122   1.6670480966567993
123   0.960685670375824
124   1.7974430322647095
125   2.1440188884735107
126   1.6396321058273315
127   1.9128612279891968
128   1.5132578611373901
129   1.7628066539764404
130   1.8623594045639038
131   1.4190826416015625
132   1.6730982065200806
133   1.4545012712478638
134   1.071096658706665
135   1.8700017929077148
136   2.160301446914673
137   3.178157091140747
138   3.0036628246307373
139   2.5649313926696777
140   2.9888405799865723
141   1.5103143453598022
142   2.3234786987304688
143   1.589127779006958
144   1.4283714294433594
145   1.562664270401001
146   2.6467196941375732
147   2.3015873432159424
148   2.0854756832122803
149   1.8237327337265015
150   1.4413968324661255
151   1.4482625722885132
152   1.6562185287475586
153   1.5102460384368896
154   1.4711023569107056
155   1.7397427558898926
156   1.4860339164733887
157   1.3793734312057495
158   1.326514482498169
159   2.0904877185821533
160   3.0753793716430664
161   1.8024100065231323
162   1.684981107711792
163   1.8336703777313232
164   1.2652506828308105
165   2.6559436321258545
166   1.5719622373580933
167   1.370281457901001
168   1.7826929092407227
169   1.6035175323486328
170   1.619295358657837
171   2.6417760848999023
172   1.2608122825622559
173   1.784766435623169
174   1.145688533782959
175   1.5765410661697388
176   1.5291043519973755
177   1.947283148765564
178   2.5786895751953125
179   1.6269776821136475
180   1.9338070154190063
181   1.4615265130996704
182   1.7190184593200684
183   2.154360771179199
184   1.7476415634155273
185   1.6409127712249756
186   1.4277392625808716
187   1.1871330738067627
188   1.213119387626648
189   1.3615267276763916
190   1.2606571912765503
191   1.4570175409317017
192   1.707974910736084
193   1.8031034469604492
194   1.2936447858810425
195   1.535562515258789
196   1.244420051574707
197   1.3721346855163574
198   1.5521551370620728
199   2.2576050758361816
200   2.1604998111724854
201   2.1219654083251953
202   1.6045206785202026
203   1.2523694038391113
204   2.1240808963775635
205   2.0670905113220215
206   1.8940951824188232
207   2.1659839153289795
208   1.3710265159606934
209   1.6663869619369507
210   1.5754411220550537
211   1.6093319654464722
212   1.5957764387130737
213   1.919798731803894
1   2.2092690467834473
2   1.84565269947052
3   2.2365024089813232
4   2.067993402481079
5   1.6119139194488525
6   1.7079919576644897
7   1.8510613441467285
8   1.8475933074951172
9   1.5718034505844116
10   2.327713966369629
11   1.6457151174545288
12   2.131319522857666
13   1.499436378479004
14   1.524097204208374
15   1.91376531124115
16   1.972360372543335
17   2.2758193016052246
18   2.5122673511505127
19   1.9464459419250488
20   1.6936240196228027
1   1.7862699031829834
2   1.8894402980804443
3   2.0558712482452393
4   1.9120142459869385
5   2.055537223815918
6   1.8935155868530273
7   1.6978449821472168
8   1.8222566843032837
9   1.964625358581543
10   1.9885703325271606
11   1.9483577013015747
12   1.642401099205017
13   1.8102784156799316
14   1.7435485124588013
15   1.7257680892944336
16   1.5584182739257813
17   1.8918009996414185
18   1.8098007440567017
19   1.8056209087371826
20   1.762805700302124
21   1.9013173580169678
22   1.8354182243347168
23   1.733733892440796
24   1.7203021049499512
25   1.578795075416565
26   1.643876314163208
27   1.8010667562484741
28   1.711364507675171
29   1.6932423114776611
30   1.7963851690292358
31   1.6612603664398193
32   1.5210407972335815
33   1.7622478008270264
34   1.6601595878601074
35   2.091209650039673
36   1.8942500352859497
37   1.8466464281082153
38   1.577303409576416
39   1.677891731262207
40   1.8875393867492676
41   1.7417553663253784
42   1.7528835535049438
43   1.8324722051620483
44   2.1610233783721924
45   1.8767927885055542
46   1.7037712335586548
47   1.7402955293655396
48   1.6195629835128784
49   1.680997371673584
50   1.678002119064331
51   1.8091901540756226
52   1.7492172718048096
53   1.9976435899734497
54   1.8453845977783203
55   1.9309898614883423
56   1.9350700378417969
57   1.9074738025665283
58   1.7009217739105225
59   1.622829794883728
60   2.0000693798065186
61   1.6706849336624146
62   1.7183265686035156
63   1.9494075775146484
64   1.6693553924560547
65   1.8818302154541016
66   1.7170207500457764
67   1.9096182584762573
68   1.7277677059173584
69   1.8333195447921753
70   1.5680171251296997
71   1.8463479280471802
72   1.5031965970993042
73   1.7686035633087158
74   1.7226735353469849
75   1.7691518068313599
76   1.9997704029083252
77   1.77279531955719
78   1.9760966300964355
79   1.7553458213806152
80   1.922404170036316
81   1.8219685554504395
82   2.162991523742676
83   1.7673848867416382
84   1.833038330078125
85   1.7583469152450562
86   1.7702535390853882
87   1.8246244192123413
88   2.0489301681518555
89   1.91736900806427
90   1.6421617269515991
91   1.8717998266220093
92   2.0009775161743164
93   1.6908173561096191
94   1.7172467708587646
95   1.8020316362380981
96   1.9770277738571167
97   1.4893461465835571
98   1.663916826248169
99   1.6147611141204834
100   1.7237331867218018
101   1.7758375406265259
102   1.8996925354003906
103   1.8987505435943604
104   2.291232109069824
105   2.0127604007720947
106   1.8450922966003418
107   1.9016181230545044
108   1.7447893619537354
109   1.6611227989196777
110   1.7700114250183105
111   1.6543140411376953
112   1.650193452835083
113   1.654802680015564
114   1.7339932918548584
115   1.7604318857192993
116   1.85308039188385
117   1.5083119869232178
118   1.9457296133041382
119   1.9518722295761108
120   1.8975334167480469
121   1.8696519136428833
122   1.9388431310653687
123   1.825727105140686
124   1.4818962812423706
125   2.2311182022094727
126   1.7295563220977783
127   1.8147268295288086
128   1.7120351791381836
129   1.9998302459716797
130   2.04172945022583
131   1.7918553352355957
132   1.8785001039505005
133   1.906718373298645
134   1.7415690422058105
135   2.0843193531036377
136   2.0384976863861084
137   1.8085743188858032
138   1.824979305267334
139   1.9040398597717285
140   1.5498888492584229
141   1.8769762516021729
142   1.7122479677200317
143   1.861227035522461
144   1.9829837083816528
145   1.9014912843704224
146   1.6261743307113647
147   2.1517183780670166
148   1.928618311882019
149   1.9791288375854492
150   1.533063530921936
151   1.6252645254135132
152   1.883813500404358
153   1.9784924983978271
154   1.8890140056610107
155   1.7136262655258179
156   1.7032212018966675
157   1.7523226737976074
158   2.0363783836364746
159   1.7680635452270508
160   1.7071220874786377
1   1.758648157119751
2   1.9157942533493042
3   1.685847282409668
4   1.9255071878433228
5   2.212280750274658
6   1.8779947757720947
7   1.907914638519287
8   2.1095216274261475
9   1.8067792654037476
10   1.60800039768219
11   1.8324414491653442
12   1.690631628036499
13   1.732975959777832
14   1.8229997158050537
15   2.0111892223358154
16   1.4085489511489868
17   1.7920053005218506
18   1.7883380651474
19   2.051114320755005
20   1.8948687314987183
21   1.733908772468567
22   1.681212067604065
23   1.7780340909957886
24   1.9330118894577026
25   1.5782709121704102
26   1.6866583824157715
27   2.0202348232269287
28   1.7948315143585205
29   1.4223750829696655
30   1.7235945463180542
31   1.2290546894073486
32   1.8682385683059692
33   2.0217978954315186
34   2.2745230197906494
35   2.3488123416900635
36   2.2197351455688477
37   2.0705013275146484
38   1.5590571165084839
39   2.0330092906951904
40   2.0237178802490234
41   2.0714426040649414
42   3.0880537033081055
43   2.4289164543151855
44   2.3367667198181152
45   2.1496002674102783
46   1.808707594871521
47   2.3398077487945557
48   1.7118115425109863
49   2.0097012519836426
50   1.9765069484710693
51   2.054353713989258
52   2.117872714996338
53   1.9140925407409668
54   2.326685905456543
55   2.2730350494384766
56   2.3433837890625
57   2.2208375930786133
58   1.8733758926391602
59   2.12155818939209
60   1.4630388021469116
61   1.758808970451355
62   1.654937744140625
63   1.8333640098571777
64   2.252708911895752
65   1.716386079788208
66   1.5710499286651611
67   2.0459604263305664
68   2.3163232803344727
69   2.0623250007629395
70   2.524526596069336
71   2.6919777393341064
72   1.9659456014633179
73   2.83267879486084
74   1.7959330081939697
75   2.822260618209839
76   3.1072750091552734
77   2.449690341949463
78   2.165586233139038
79   2.2340986728668213
80   1.907478928565979
81   2.2358202934265137
82   1.4000359773635864
83   1.6765525341033936
84   1.9875460863113403
85   2.573636293411255
86   1.9164003133773804
87   2.238420248031616
88   1.9744231700897217
89   2.1051700115203857
90   2.8143813610076904
91   2.4538354873657227
92   2.4684975147247314
93   2.0713727474212646
94   1.717259168624878
95   2.4374661445617676
96   2.4046099185943604
97   2.1326663494110107
98   2.2118401527404785
99   1.7828969955444336
100   1.887367844581604
101   1.9817534685134888
102   1.9879391193389893
103   1.7483484745025635
104   2.055161952972412
105   1.9515777826309204
106   1.6768494844436646
107   1.6398863792419434
108   1.8850992918014526
109   1.7477535009384155
110   1.7948421239852905
111   2.008546829223633
112   2.3042733669281006
113   1.9272571802139282
114   2.0986788272857666
115   1.936977505683899
116   1.6990116834640503
117   1.3056204319000244
118   2.2287585735321045
119   2.02071475982666
120   1.6159672737121582
121   1.8334991931915283
122   1.422486424446106
123   2.1775741577148438
124   1.8558576107025146
125   1.75388765335083
126   1.942347526550293
127   2.3328025341033936
128   2.4799323081970215
129   1.7791008949279785
130   2.3798904418945313
131   2.03141713142395
132   1.8828684091567993
133   2.5718672275543213
134   1.8340957164764404
135   2.2232959270477295
136   2.4479665756225586
137   2.3866794109344482
138   1.9651284217834473
139   2.172590970993042
140   1.7780922651290894
141   2.161599636077881
142   1.8169416189193726
143   2.241274356842041
144   1.7880481481552124
145   1.5775398015975952
146   1.8873553276062012
147   2.008014440536499
148   1.8361696004867554
149   1.8996646404266357
150   1.524466633796692
151   2.155649185180664
152   1.6169949769973755
153   1.761842131614685
154   1.91452157497406
155   1.6968979835510254
156   1.9702396392822266
157   2.1831860542297363
158   1.8305060863494873
159   1.8082410097122192
160   1.7369816303253174
161   1.976365089416504
162   1.733527421951294
163   1.9391013383865356
164   1.895357370376587
