0   0.0
1   2.032975196838379
2   2.077427387237549
3   2.264117479324341
4   2.319842576980591
5   2.16802716255188
6   2.073206663131714
7   2.33066725730896
8   2.304126739501953
9   2.51800274848938
10   2.934004306793213
11   2.3795135021209717
12   2.9465487003326416
13   3.875277042388916
14   3.8697876930236816
15   4.057065486907959
16   5.10663366317749
17   3.945683002471924
18   3.37760066986084
19   4.033141613006592
20   4.902548313140869
21   5.248163223266602
22   3.4562017917633057
23   3.6391396522521973
24   3.774454355239868
25   3.826482057571411
26   4.97526216506958
27   5.170512676239014
28   4.0870256423950195
29   3.9418790340423584
30   4.051602840423584
31   5.122130870819092
32   4.611954689025879
33   4.478117942810059
34   3.9718594551086426
35   4.380537033081055
36   4.9024176597595215
37   3.6810691356658936
38   4.156770706176758
39   3.0048904418945313
40   4.772185802459717
41   4.640346527099609
42   5.338407039642334
43   4.840876579284668
44   4.679046154022217
45   4.29262113571167
46   5.23937463760376
47   4.195919990539551
48   5.128249645233154
49   3.8503713607788086
50   3.336989641189575
51   4.648179531097412
52   4.152343273162842
53   3.9629271030426025
54   6.106125831604004
55   5.003688812255859
56   5.215667724609375
57   5.467733860015869
58   3.8028461933135986
59   4.022313117980957
60   5.203910827636719
61   5.187406539916992
62   4.568362712860107
63   5.579972267150879
64   4.290016174316406
65   4.671860218048096
66   4.744934558868408
67   4.324222087860107
68   5.210938453674316
69   5.081890106201172
70   5.236740589141846
71   4.581007957458496
72   4.910741806030273
73   4.819957733154297
74   4.889895439147949
75   4.883273601531982
76   4.612452507019043
77   5.43618106842041
78   4.642080783843994
79   5.480679035186768
80   5.648393154144287
81   4.908996105194092
82   5.005917072296143
83   5.000091552734375
84   6.231008529663086
85   4.933165073394775
86   5.161643981933594
87   4.991757869720459
88   5.8531646728515625
89   6.881869316101074
90   6.518702507019043
91   6.337955474853516
92   5.904228210449219
93   6.798808574676514
94   5.175936222076416
95   5.779587268829346
96   5.659404277801514
97   4.592219829559326
98   5.164513111114502
99   4.929975509643555
100   5.019782066345215
101   5.497042179107666
102   4.3988752365112305
103   4.5722575187683105
104   6.392543315887451
105   5.964537143707275
106   6.518346786499023
107   5.896568298339844
108   5.486115455627441
109   5.418978214263916
110   5.456269264221191
111   6.343571186065674
112   5.810235500335693
113   6.500007152557373
114   5.925920486450195
115   5.933591365814209
116   5.214269638061523
117   5.641726493835449
118   6.0544209480285645
119   6.128845691680908
120   5.097491264343262
121   4.37746524810791
122   5.073327541351318
123   4.202422142028809
124   4.8729166984558105
125   5.259700298309326
126   4.870862007141113
127   4.812329292297363
128   5.271690368652344
129   5.322214603424072
130   4.884214878082275
131   5.082930088043213
132   5.652889728546143
133   6.104183197021484
134   5.656442165374756
135   5.07777214050293
136   4.145583629608154
137   4.049192428588867
138   4.993422031402588
139   4.83893346786499
140   4.452794075012207
141   5.18040657043457
142   4.202155590057373
143   6.031390190124512
144   4.653095245361328
145   5.688359260559082
146   6.5734124183654785
147   6.347073554992676
148   5.956625938415527
149   6.508945941925049
150   5.510724067687988
151   6.083765983581543
152   6.497522354125977
153   6.755832672119141
154   6.377015113830566
155   6.365880489349365
156   6.029350757598877
157   6.53821325302124
158   6.5325446128845215
159   6.438426494598389
160   6.331984043121338
161   4.5241804122924805
162   5.576728343963623
163   5.06728982925415
164   4.822135925292969
165   4.690637588500977
166   5.513335227966309
167   5.0638017654418945
168   5.150521278381348
169   4.731788635253906
170   5.142423629760742
171   4.787002086639404
172   5.810983180999756
173   5.793147087097168
174   5.122441291809082
175   4.716083526611328
176   5.36345911026001
177   4.8629045486450195
178   4.727363586425781
179   4.525154113769531
180   5.222656726837158
181   5.170687198638916
182   4.301596164703369
183   5.7256927490234375
184   5.988532066345215
185   5.666097640991211
186   5.928603172302246
187   5.428917407989502
188   5.79690408706665
189   5.464089393615723
190   5.110537528991699
191   5.566887378692627
192   4.705499172210693
193   5.889791965484619
194   5.268864631652832
195   5.54112434387207
196   6.075374603271484
197   5.7251505851745605
198   5.569493770599365
199   4.7046356201171875
200   4.996248722076416
201   4.812662124633789
202   4.90919828414917
203   4.584057807922363
204   4.311404228210449
205   4.495235443115234
206   4.691573619842529
207   5.017049312591553
208   5.015598773956299
209   5.333061695098877
210   5.743425369262695
211   5.475408554077148
212   4.966708660125732
213   4.805861473083496
1   5.2359819412231445
2   5.175064563751221
3   5.428988933563232
4   4.403049468994141
5   4.908751964569092
6   5.760406494140625
7   5.921642780303955
8   4.983279228210449
9   4.394834995269775
10   4.579833984375
11   4.866064548492432
12   5.379525661468506
13   5.681606769561768
14   5.542686939239502
15   4.992504119873047
16   4.8818745613098145
17   4.688028812408447
18   5.066504955291748
19   4.5620622634887695
20   5.010107040405273
1   4.577702522277832
2   5.2411041259765625
3   4.902226448059082
4   5.549191474914551
5   5.44851541519165
6   4.899892807006836
7   4.341203212738037
8   4.337209224700928
9   4.398856163024902
10   4.23525333404541
11   4.456745147705078
12   5.225214958190918
13   5.178131580352783
14   6.0517048835754395
15   6.183506011962891
16   5.508941173553467
17   6.580382347106934
18   5.9213457107543945
19   5.831032752990723
20   6.092857360839844
21   5.7126383781433105
22   6.2328081130981445
23   6.0013041496276855
24   6.649385929107666
25   5.9357757568359375
26   5.419897079467773
27   5.49337911605835
28   5.249593734741211
29   4.4834370613098145
30   5.591848850250244
31   6.139239311218262
32   5.510645389556885
33   6.568025588989258
34   6.782176971435547
35   6.010989189147949
36   5.723033428192139
37   5.6141533851623535
38   5.188955307006836
39   6.7454915046691895
40   6.1867523193359375
41   6.306807518005371
42   6.629101753234863
43   7.133029460906982
44   6.373876571655273
45   5.832059860229492
46   6.095058917999268
47   5.086277484893799
48   5.506556987762451
49   5.14076566696167
50   4.844824314117432
51   6.01878547668457
52   6.144923686981201
53   5.36329984664917
54   5.450589179992676
55   6.047220706939697
56   5.406703472137451
57   6.6238203048706055
58   6.961484909057617
59   6.602358341217041
60   6.340559959411621
61   5.33927059173584
62   5.7410149574279785
63   6.333959102630615
64   5.50212287902832
65   5.740638732910156
66   6.382087707519531
67   5.370249271392822
68   5.2253031730651855
69   6.640923023223877
70   6.531206130981445
71   7.383722305297852
72   6.296225547790527
73   6.729511260986328
74   6.924648284912109
75   5.941928386688232
76   6.730318069458008
77   6.937849044799805
78   5.859631061553955
79   5.143690586090088
80   5.707376956939697
81   4.990703105926514
82   5.264656066894531
83   5.899215221405029
84   6.3992109298706055
85   6.0874810218811035
86   4.636536121368408
87   6.256389617919922
88   5.465819358825684
89   6.244770050048828
90   6.264686107635498
91   6.136299133300781
92   6.031525611877441
93   6.176722049713135
94   6.580135345458984
95   6.44351053237915
96   5.634289264678955
97   5.157052040100098
98   6.239744186401367
99   5.218545436859131
100   6.585365295410156
101   5.9692158699035645
102   6.102996349334717
103   5.873395919799805
104   5.364480972290039
105   5.870301723480225
106   6.370214939117432
107   5.241022109985352
108   4.4863996505737305
109   4.408189296722412
110   4.523929119110107
111   4.665806770324707
112   5.655102252960205
113   5.362135887145996
114   5.8065338134765625
115   5.661304473876953
116   5.680254936218262
117   5.675942420959473
118   5.126673698425293
119   5.758155822753906
120   5.352926731109619
121   4.641039848327637
122   5.091034412384033
123   4.917878150939941
124   5.460590362548828
125   5.310568809509277
126   4.312945365905762
127   3.4721977710723877
128   5.626315593719482
129   5.463340759277344
130   5.201540470123291
131   6.139802932739258
132   5.151051044464111
133   6.190684795379639
134   6.120220184326172
135   5.3746185302734375
136   4.449771404266357
137   5.153152942657471
138   4.470989227294922
139   4.966355323791504
140   5.187231063842773
141   4.500475883483887
142   3.863280773162842
143   4.418996810913086
144   3.844639778137207
145   4.51355504989624
146   4.47386360168457
147   4.9505295753479
148   5.070328712463379
149   4.450994968414307
150   5.3754682540893555
151   5.1594390869140625
152   5.89907169342041
153   5.543412685394287
154   4.816596031188965
155   4.209700107574463
156   5.293331623077393
157   5.525007247924805
158   4.848583221435547
159   4.627467632293701
160   5.7763671875
1   4.6710968017578125
2   5.995285511016846
3   5.938763618469238
4   5.563084602355957
5   5.539590835571289
6   5.6924591064453125
7   5.8757734298706055
8   6.102237701416016
9   5.6804327964782715
10   6.434046268463135
11   6.342964172363281
12   5.505631446838379
13   5.818928241729736
14   5.9989118576049805
15   6.172157287597656
16   5.373518943786621
17   6.077157974243164
18   6.035724639892578
19   6.37602424621582
20   5.719596862792969
21   6.016592502593994
22   6.68501615524292
23   5.175470352172852
24   4.855992317199707
25   5.497384548187256
26   5.4738945960998535
27   4.649741172790527
28   5.374447345733643
29   5.180220603942871
30   5.121321201324463
31   5.394086837768555
32   4.605731010437012
33   4.858921051025391
34   4.56191873550415
35   5.3836445808410645
36   5.688192844390869
37   3.981067180633545
38   5.064553260803223
39   5.076996326446533
40   5.990289688110352
41   5.873482704162598
42   5.056736946105957
43   5.784689903259277
44   4.736595153808594
45   4.481517791748047
46   5.499738693237305
47   5.18035364151001
48   5.725680828094482
49   5.971580505371094
50   6.162186145782471
51   6.1183390617370605
52   5.91121244430542
53   4.973186016082764
54   4.125487327575684
55   5.280819892883301
56   4.688366889953613
57   5.410185813903809
58   4.894527912139893
59   4.434587001800537
60   6.316974639892578
61   5.400003433227539
62   5.585556983947754
63   5.070051193237305
64   4.767045974731445
65   3.881735324859619
66   4.830172538757324
67   4.661177158355713
68   4.249785900115967
69   4.378184795379639
70   4.8037109375
71   5.416855812072754
72   4.869736194610596
73   5.015285015106201
74   5.622089862823486
75   5.171658515930176
76   5.301385402679443
77   4.364870071411133
78   5.386473178863525
79   5.341739177703857
80   5.382322788238525
81   4.551264762878418
82   6.085153102874756
83   4.222265720367432
84   4.4396467208862305
85   4.3483500480651855
86   4.904771327972412
87   4.820344924926758
88   4.583500385284424
89   4.637312889099121
90   3.858462333679199
91   3.9399173259735107
92   4.019040584564209
93   4.6399688720703125
94   4.748709678649902
95   3.715975761413574
96   4.682024955749512
97   4.725411415100098
98   6.3066792488098145
99   4.855936527252197
100   5.011260509490967
101   5.395414352416992
102   3.8099477291107178
103   4.708484649658203
104   3.8403756618499756
105   4.30130672454834
106   3.680187463760376
107   5.087686538696289
108   3.9340951442718506
109   4.33643102645874
110   6.027358531951904
111   4.165222644805908
112   3.9669618606567383
113   4.227736473083496
114   5.102574348449707
115   4.06703519821167
116   4.576842784881592
117   3.336404323577881
118   3.3304073810577393
119   4.215816020965576
120   4.3939738273620605
121   3.7304270267486572
122   4.054939270019531
123   3.937706708908081
124   3.6357038021087646
125   5.2827982902526855
126   4.430765151977539
127   4.076718807220459
128   4.499388694763184
129   4.939606189727783
130   4.821280479431152
131   4.098860740661621
132   4.66549825668335
133   4.497220039367676
134   4.524235725402832
135   5.0394415855407715
136   4.981961250305176
137   5.427289962768555
138   4.261720180511475
139   4.195520401000977
140   5.251300811767578
141   4.737631320953369
142   4.186452865600586
143   4.030846118927002
144   4.700449466705322
145   4.149110794067383
146   4.140758991241455
147   4.151234149932861
148   3.3523597717285156
149   4.033053398132324
150   4.091891765594482
151   4.367537498474121
152   4.463963985443115
153   4.088444709777832
154   3.272148609161377
155   4.068826675415039
156   3.8988850116729736
157   4.6926422119140625
158   4.214543342590332
159   3.5017924308776855
160   3.2877116203308105
161   3.2121942043304443
162   3.6474506855010986
163   4.64060115814209
164   5.722192764282227
