0   0.0
1   1.2504535913467407
2   1.1743098497390747
3   1.1560702323913574
4   1.2134326696395874
5   1.386073112487793
6   1.2297900915145874
7   1.2376536130905151
8   1.2923948764801025
9   1.478254795074463
10   1.5723520517349243
11   1.448651909828186
12   1.6592813730239868
13   1.2271217107772827
14   2.3518502712249756
15   1.1783320903778076
16   3.380376100540161
17   3.0765435695648193
18   3.087491273880005
19   3.533337116241455
20   3.8865139484405518
21   3.199986219406128
22   3.7725396156311035
23   2.8162221908569336
24   4.3108110427856445
25   3.383150815963745
26   3.717557191848755
27   4.641245365142822
28   3.390862226486206
29   3.6695315837860107
30   4.474874496459961
31   3.413518190383911
32   3.5881102085113525
33   2.3692238330841064
34   2.2224619388580322
35   3.379551649093628
36   2.345548391342163
37   1.9046531915664673
38   2.387000322341919
39   1.3991661071777344
40   1.609696626663208
41   2.1663084030151367
42   2.611759662628174
43   3.1915135383605957
44   3.7473981380462646
45   2.620516061782837
46   3.5953516960144043
47   2.8577523231506348
48   2.833345413208008
49   1.801445484161377
50   3.1247851848602295
51   3.8861920833587646
52   3.8476059436798096
53   3.035076856613159
54   4.217637538909912
55   3.4677574634552
56   3.4063942432403564
57   3.3587353229522705
58   2.8569130897521973
59   4.232835292816162
60   3.484844923019409
61   3.772735357284546
62   3.4360923767089844
63   3.424004554748535
64   2.666745901107788
65   3.5929741859436035
66   3.861313819885254
67   3.5304863452911377
68   3.985905170440674
69   3.984320640563965
70   3.809173107147217
71   3.230088710784912
72   3.099092483520508
73   4.372632026672363
74   3.9450931549072266
75   3.6832683086395264
76   2.938784122467041
77   3.412431240081787
78   3.688225269317627
79   3.934976816177368
80   3.2913875579833984
81   3.623349905014038
82   3.7143008708953857
83   3.710787773132324
84   2.037930488586426
85   1.5896245241165161
86   3.937516927719116
87   2.031384229660034
88   2.822233200073242
89   5.098254203796387
90   3.5102574825286865
91   3.750241994857788
92   4.3192057609558105
93   3.5783309936523438
94   2.150876998901367
95   3.2401344776153564
96   3.243438720703125
97   3.4251558780670166
98   3.265742063522339
99   4.237460613250732
100   4.234931945800781
101   4.099058628082275
102   4.011996746063232
103   2.6446287631988525
104   3.0408542156219482
105   3.3905141353607178
106   3.6837446689605713
107   3.395247220993042
108   3.75632643699646
109   3.745574712753296
110   2.7522454261779785
111   3.716538190841675
112   2.723193645477295
113   5.404439449310303
114   3.0456457138061523
115   4.025964260101318
116   3.691910982131958
117   3.64949107170105
118   4.281875133514404
119   2.4871976375579834
120   3.5676255226135254
121   2.1995019912719727
122   2.3406412601470947
123   2.974979877471924
124   3.909212350845337
125   3.945403575897217
126   3.4698128700256348
127   4.233890533447266
128   3.3631751537323
129   2.63084077835083
130   3.4242026805877686
131   2.645730495452881
132   2.9159977436065674
133   2.5512969493865967
134   2.3878109455108643
135   2.9760453701019287
136   3.2690622806549072
137   3.950646162033081
138   5.282321453094482
139   3.1039953231811523
140   3.4947502613067627
141   4.266709327697754
142   3.928816318511963
143   3.107377052307129
144   4.3206939697265625
145   3.1072747707366943
146   1.9776959419250488
147   2.6109588146209717
148   2.886317014694214
149   2.1874783039093018
150   3.8214526176452637
151   1.744339942932129
152   1.5884877443313599
153   1.9753001928329468
154   2.0855958461761475
155   3.922353506088257
156   3.471160411834717
157   3.4638965129852295
158   3.222588539123535
159   2.6323068141937256
160   4.010504722595215
161   3.450918674468994
162   4.016153812408447
163   4.257919788360596
164   4.463751316070557
165   4.3065690994262695
166   4.128856182098389
167   3.80733060836792
168   3.333627700805664
169   3.107832908630371
170   3.1858787536621094
171   3.0872392654418945
172   4.3576202392578125
173   3.7875304222106934
174   3.542799234390259
175   3.400536060333252
176   3.207796335220337
177   2.103529214859009
178   3.894666910171509
179   2.93680477142334
180   3.1306395530700684
181   3.4191665649414063
182   2.766610860824585
183   3.916391372680664
184   3.545814275741577
185   2.9644675254821777
186   3.0754687786102295
187   2.546314001083374
188   2.463228225708008
189   3.1415069103240967
190   3.672833204269409
191   2.6532094478607178
192   3.0802500247955322
193   4.782530307769775
194   2.987210512161255
195   3.423419952392578
196   3.8664603233337402
197   3.374420642852783
198   3.233766555786133
199   3.8597521781921387
200   2.420318603515625
201   2.9450907707214355
202   3.503809928894043
203   3.7757599353790283
204   3.9477035999298096
205   4.171359539031982
206   3.812074899673462
207   3.783308267593384
208   1.9108867645263672
209   2.619856119155884
210   1.9236223697662354
211   2.322715997695923
212   2.899472236633301
213   1.8084229230880737
1   1.7163671255111694
2   3.9072234630584717
3   2.16499400138855
4   0.7880477905273438
5   2.4389162063598633
6   2.6205832958221436
7   1.6194905042648315
8   2.058530330657959
9   1.8609203100204468
10   2.2095515727996826
11   2.057703971862793
12   2.082705020904541
13   1.2633954286575317
14   1.5449432134628296
15   2.636235237121582
16   1.5174012184143066
17   5.099712371826172
18   3.9738879203796387
19   4.682303428649902
20   3.1853129863739014
1   3.8810465335845947
2   4.186949253082275
3   3.4972846508026123
4   3.6746487617492676
5   3.9186055660247803
6   1.8706488609313965
7   2.0406172275543213
8   1.15755033493042
9   0.7393395900726318
10   1.905447244644165
11   1.334018588066101
12   2.1275551319122314
13   4.775900363922119
14   3.423980951309204
15   3.005044937133789
16   4.175724983215332
17   2.420475721359253
18   2.9259376525878906
19   1.7509868144989014
20   3.1965832710266113
21   2.4934473037719727
22   1.3803942203521729
23   1.5378824472427368
24   1.554392695426941
25   3.5944323539733887
26   3.401746988296509
27   2.788259744644165
28   3.476051092147827
29   3.803452253341675
30   3.456696033477783
31   3.2028818130493164
32   3.2613208293914795
33   3.5115749835968018
34   2.848607063293457
35   3.2376112937927246
36   3.5069165229797363
37   4.812632083892822
38   4.175500869750977
39   3.1665263175964355
40   3.4115562438964844
41   2.6478757858276367
42   2.851696729660034
43   2.75201678276062
44   3.4894864559173584
45   4.014364719390869
46   1.6079503297805786
47   2.2582204341888428
48   3.0386955738067627
49   1.7796368598937988
50   1.33262038230896
51   1.5412030220031738
52   2.1984453201293945
53   2.4785728454589844
54   2.489316463470459
55   1.4799349308013916
56   2.3470897674560547
57   3.0317301750183105
58   3.2203829288482666
59   2.6553714275360107
60   2.156705617904663
61   1.9981871843338013
62   2.090015411376953
63   2.5615546703338623
64   3.2925901412963867
65   4.7627105712890625
66   2.739712715148926
67   3.585653781890869
68   2.090775728225708
69   2.5255322456359863
70   3.4459128379821777
71   3.4421660900115967
72   4.2169575691223145
73   3.016526460647583
74   3.291437864303589
75   3.6015729904174805
76   3.5567028522491455
77   2.6019742488861084
78   2.5437281131744385
79   3.5955257415771484
80   4.005589485168457
81   2.8729774951934814
82   3.9533112049102783
83   4.105265140533447
84   3.4350802898406982
85   2.9604175090789795
86   3.153151512145996
87   3.384376049041748
88   4.263509273529053
89   3.319209337234497
90   2.74711275100708
91   3.1846914291381836
92   3.418912410736084
93   3.8375582695007324
94   2.707963705062866
95   5.100633144378662
96   3.160858154296875
97   2.6618683338165283
98   3.453356981277466
99   3.2963459491729736
100   3.569338321685791
101   2.984156847000122
102   3.217985153198242
103   4.382005214691162
104   3.2656495571136475
105   4.046659469604492
106   3.686594247817993
107   3.382490396499634
108   3.245640277862549
109   4.242137432098389
110   3.0109732151031494
111   3.644214153289795
112   3.6869101524353027
113   3.09712815284729
114   3.2311344146728516
115   2.9662387371063232
116   3.071857452392578
117   3.9353582859039307
118   3.4053425788879395
119   3.1597328186035156
120   4.065967082977295
121   1.6869797706604004
122   1.5514544248580933
123   3.525592088699341
124   3.4996182918548584
125   3.7852895259857178
126   2.988823890686035
127   1.9717401266098022
128   3.7963595390319824
129   3.5214009284973145
130   3.793977737426758
131   3.4263813495635986
132   2.856086492538452
133   3.6680686473846436
134   3.860698699951172
135   3.0621721744537354
136   3.8658077716827393
137   3.3496482372283936
138   3.1355156898498535
139   3.2329206466674805
140   3.649207592010498
141   2.622891426086426
142   4.281405448913574
143   3.695822238922119
144   2.7112326622009277
145   2.8815371990203857
146   2.5040879249572754
147   3.0392515659332275
148   3.628662347793579
149   3.1159727573394775
150   4.425601005554199
151   3.6155338287353516
152   3.3703653812408447
153   2.984154462814331
154   3.175645112991333
155   2.735102891921997
156   3.5422818660736084
157   3.6613659858703613
158   2.9608588218688965
159   3.607320785522461
160   3.310122489929199
1   3.5276737213134766
2   3.569213628768921
3   4.011284828186035
4   3.9095098972320557
5   5.232964038848877
6   3.641965627670288
7   4.235267162322998
8   4.169589519500732
9   4.0416035652160645
10   4.142406940460205
11   2.9529800415039063
12   3.5861105918884277
13   2.984685182571411
14   3.335249662399292
15   3.3345448970794678
16   1.4777307510375977
17   1.6365846395492554
18   1.1279289722442627
19   1.7324175834655762
20   1.2648173570632935
21   2.5440571308135986
22   2.0725386142730713
23   1.5927743911743164
24   1.2661644220352173
25   1.870744228363037
26   2.1440865993499756
27   2.001558303833008
28   1.8063026666641235
29   2.48091459274292
30   3.1577529907226563
31   1.781322717666626
32   0.9349820613861084
33   2.1828999519348145
34   1.1209429502487183
35   2.254530668258667
36   1.8975199460983276
37   2.5132362842559814
38   3.039757251739502
39   3.192131757736206
40   4.610735893249512
41   3.5120630264282227
42   4.236191749572754
43   3.622070074081421
44   2.7660140991210938
45   3.2671215534210205
46   3.2679054737091064
47   1.255519986152649
48   0.16000069677829742
49   4.039034366607666
50   2.2107460498809814
51   3.053490400314331
52   2.376981496810913
53   2.354649782180786
54   2.5901525020599365
55   3.1076090335845947
56   2.792217969894409
57   3.114853858947754
58   3.367241382598877
59   4.055749893188477
60   2.8965234756469727
61   3.6597347259521484
62   3.039813995361328
63   2.6895201206207275
64   3.4008257389068604
65   2.1365041732788086
66   1.1175509691238403
67   1.6563743352890015
68   2.03572416305542
69   0.8243069052696228
70   1.9867159128189087
71   1.6721175909042358
72   1.9837567806243896
73   1.7905688285827637
74   1.3959342241287231
75   4.597106456756592
76   4.348871231079102
77   3.479519844055176
78   2.7842681407928467
79   4.3404154777526855
80   4.164716720581055
81   3.5031673908233643
82   2.771728277206421
83   2.8409221172332764
84   3.388352632522583
85   3.7885122299194336
86   2.835477352142334
87   2.4663608074188232
88   3.1679129600524902
89   3.3517818450927734
90   2.6435706615448
91   3.7142510414123535
92   3.7087604999542236
93   3.3931710720062256
94   3.516127109527588
95   4.201719760894775
96   4.237095355987549
97   4.1701178550720215
98   3.8417534828186035
99   4.025648593902588
100   3.170666456222534
101   2.7387678623199463
102   2.9964802265167236
103   3.0853614807128906
104   3.840498924255371
105   4.172000885009766
106   2.853841781616211
107   3.8578174114227295
108   2.9504921436309814
109   3.4722979068756104
110   3.3292932510375977
111   4.043393135070801
112   3.9493119716644287
113   1.9680054187774658
114   4.447497844696045
115   3.4078924655914307
116   3.496750831604004
117   2.857422351837158
118   2.916811466217041
119   3.605376720428467
120   3.1807496547698975
121   3.153573751449585
122   2.691441297531128
123   2.5518417358398438
124   2.5834031105041504
125   3.370454788208008
126   3.930101156234741
127   3.588585615158081
128   2.64986515045166
129   2.8857529163360596
130   2.61126446723938
131   3.3434526920318604
132   3.0956315994262695
133   4.750835418701172
134   3.8734219074249268
135   3.285947799682617
136   2.2738120555877686
137   5.146933555603027
138   4.6477532386779785
139   4.090415000915527
140   2.9348950386047363
141   2.797349452972412
142   3.3936030864715576
143   3.203040361404419
144   3.4140164852142334
145   3.4413928985595703
146   3.203225612640381
147   2.961305856704712
148   3.888936758041382
149   3.7513182163238525
150   3.2288942337036133
151   3.1858274936676025
152   3.6266226768493652
153   2.8507049083709717
154   3.2031102180480957
155   2.941169023513794
156   3.9941065311431885
157   3.0644216537475586
158   4.008842945098877
159   2.693345069885254
160   3.449089288711548
161   3.3086845874786377
162   2.796527624130249
163   2.9600350856781006
164   3.6363906860351563
