0   0.0
1   0.20504848659038544
2   0.18567298352718353
3   0.18800103664398193
4   0.2015877664089203
5   0.20573535561561584
6   0.20194624364376068
7   0.18356837332248688
8   0.17868104577064514
9   0.2424456626176834
10   0.2760586142539978
11   0.3668968081474304
12   0.47953560948371887
13   0.8657865524291992
14   1.3547205924987793
15   1.6679341793060303
16   1.2426246404647827
17   1.2243050336837769
18   1.8947856426239014
19   1.4935686588287354
20   1.9294540882110596
21   1.5925215482711792
22   1.7402175664901733
23   1.7109636068344116
24   1.5351982116699219
25   1.9963197708129883
26   2.1114742755889893
27   2.247072219848633
28   1.4705160856246948
29   1.4398695230484009
30   1.8850789070129395
31   1.313371181488037
32   1.5134549140930176
33   1.7379077672958374
34   1.5743845701217651
35   1.9570807218551636
36   1.977729320526123
37   1.859763264656067
38   1.8711282014846802
39   2.3582568168640137
40   1.5302685499191284
41   1.7555245161056519
42   1.8168281316757202
43   2.2365565299987793
44   1.6452301740646362
45   1.514232873916626
46   1.8671727180480957
47   1.8139032125473022
48   1.6419998407363892
49   1.4855492115020752
50   2.2345025539398193
51   1.673566460609436
52   1.7278887033462524
53   1.5550777912139893
54   2.0330638885498047
55   1.6930338144302368
56   1.312695026397705
57   1.5702831745147705
58   1.1678225994110107
59   1.8629804849624634
60   1.8434656858444214
61   1.667256236076355
62   1.9573161602020264
63   1.8289319276809692
64   1.6476788520812988
65   1.8705681562423706
66   1.747433066368103
67   1.4842727184295654
68   1.5480141639709473
69   1.413366436958313
70   1.7704176902770996
71   1.4165607690811157
72   1.2884260416030884
73   1.6115320920944214
74   1.5056501626968384
75   1.8104914426803589
76   1.5751909017562866
77   1.7866593599319458
78   1.2353546619415283
79   1.668082356452942
80   1.6155692338943481
81   2.220008611679077
82   1.8071832656860352
83   1.6955769062042236
84   1.4389351606369019
85   1.2113277912139893
86   1.8761359453201294
87   1.5253254175186157
88   1.872130036354065
89   2.6926143169403076
90   1.8471750020980835
91   2.407923460006714
92   1.9466187953948975
93   2.0697641372680664
94   1.6059010028839111
95   1.8258941173553467
96   1.604805588722229
97   1.6314916610717773
98   1.687335729598999
99   2.052500009536743
100   1.7308108806610107
101   1.4577163457870483
102   1.6345726251602173
103   1.6960772275924683
104   1.6389936208724976
105   1.7962440252304077
106   1.690667748451233
107   1.62058424949646
108   1.760628581047058
109   1.9207099676132202
110   1.4564101696014404
111   1.8322203159332275
112   1.9982763528823853
113   2.03133225440979
114   1.6535160541534424
115   1.8342067003250122
116   1.8707877397537231
117   1.4736945629119873
118   1.7877213954925537
119   1.5566456317901611
120   1.4554946422576904
121   1.7361119985580444
122   2.0472586154937744
123   1.5307058095932007
124   1.8620868921279907
125   2.231051445007324
126   1.598892092704773
127   2.0370450019836426
128   1.4647730588912964
129   1.5345131158828735
130   1.5491966009140015
131   1.768568992614746
132   1.5720696449279785
133   1.4075754880905151
134   1.5513360500335693
135   1.6563173532485962
136   1.603279709815979
137   1.7600631713867188
138   1.990033507347107
139   1.4650087356567383
140   1.3908779621124268
141   2.1298112869262695
142   2.0569417476654053
143   1.7909857034683228
144   1.5801923274993896
145   1.8271483182907104
146   1.7830411195755005
147   1.9200655221939087
148   1.8299627304077148
149   2.1041653156280518
150   2.1256463527679443
151   1.815460205078125
152   1.7277698516845703
153   1.8731911182403564
154   1.8725711107254028
155   1.8467167615890503
156   1.7847644090652466
157   1.5165057182312012
158   1.6515965461730957
159   2.3436496257781982
160   1.7297773361206055
161   1.7703102827072144
162   1.6101799011230469
163   2.1275198459625244
164   1.7850314378738403
165   2.1224124431610107
166   1.65578031539917
167   1.8520822525024414
168   1.559356451034546
169   1.5287635326385498
170   1.681361198425293
171   1.4707924127578735
172   1.9258449077606201
173   1.7454777956008911
174   1.480946660041809
175   1.652934193611145
176   1.5603721141815186
177   1.7217955589294434
178   1.3468976020812988
179   1.2184443473815918
180   1.5375416278839111
181   1.4252599477767944
182   1.671347975730896
183   1.4200987815856934
184   1.4365640878677368
185   2.0260190963745117
186   1.6140835285186768
187   1.6579517126083374
188   1.938292145729065
189   1.6594005823135376
190   1.5597031116485596
191   1.51954185962677
192   1.6159663200378418
193   2.22814679145813
194   1.6508203744888306
195   1.6621804237365723
196   1.6382285356521606
197   1.4394242763519287
198   1.6713333129882813
199   2.035780191421509
200   1.7363771200180054
201   1.6575196981430054
202   1.486351728439331
203   1.6604973077774048
204   1.6595100164413452
205   1.7124505043029785
206   1.4909820556640625
207   1.63661527633667
208   1.4490745067596436
209   1.636877179145813
210   1.3658602237701416
211   1.5274760723114014
212   1.7701658010482788
213   1.4725812673568726
1   1.50929856300354
2   2.0900192260742188
3   1.8759123086929321
4   1.5779025554656982
5   1.704139232635498
6   1.7310632467269897
7   1.5351285934448242
8   1.3405394554138184
9   1.523308515548706
10   1.938523769378662
11   1.3428224325180054
12   1.603665828704834
13   1.4566216468811035
14   1.5290634632110596
15   1.7553569078445435
16   1.8078789710998535
17   2.288064479827881
18   2.00544810295105
19   2.127591133117676
20   1.8024722337722778
1   1.624300479888916
2   1.7595646381378174
3   1.5859975814819336
4   1.446616530418396
5   1.6890257596969604
6   1.6026428937911987
7   1.6195544004440308
8   1.3022730350494385
9   1.6673510074615479
10   1.9562573432922363
11   1.684562087059021
12   1.7391934394836426
13   1.8416945934295654
14   1.6908825635910034
15   1.9738720655441284
16   1.8895126581192017
17   2.075674533843994
18   1.6627211570739746
19   1.8991624116897583
20   1.7376443147659302
21   1.6474679708480835
22   1.6684489250183105
23   1.6039173603057861
24   1.7102465629577637
25   1.7827202081680298
26   1.5906620025634766
27   1.430091381072998
28   1.4331588745117188
29   1.6369277238845825
30   1.6162254810333252
31   1.7063170671463013
32   1.6255249977111816
33   1.7812644243240356
34   1.7245928049087524
35   1.962457537651062
36   1.796419620513916
37   1.783935546875
38   1.4473984241485596
39   1.6760748624801636
40   1.5617516040802002
41   1.5446045398712158
42   1.8867604732513428
43   1.7579545974731445
44   1.7589991092681885
45   1.9308090209960938
46   1.722872257232666
47   1.7224055528640747
48   1.9719889163970947
49   1.8130079507827759
50   1.804943561553955
51   1.675873875617981
52   1.788654088973999
53   1.9892854690551758
54   1.9987242221832275
55   1.5498180389404297
56   1.890596866607666
57   1.8201603889465332
58   1.7480493783950806
59   1.5180035829544067
60   1.9577202796936035
61   1.761208176612854
62   1.818892002105713
63   1.8456919193267822
64   1.6324117183685303
65   1.888933777809143
66   1.845288872718811
67   1.5351970195770264
68   1.721453070640564
69   1.8151381015777588
70   1.4306410551071167
71   1.6759520769119263
72   1.777587890625
73   1.4932066202163696
74   1.887499213218689
75   1.6570494174957275
76   1.8448089361190796
77   1.590612530708313
78   1.743525505065918
79   1.7987101078033447
80   1.9723376035690308
81   1.9092044830322266
82   1.5617892742156982
83   1.5549519062042236
84   1.731928825378418
85   1.8807952404022217
86   1.8678988218307495
87   1.8538540601730347
88   1.712883710861206
89   1.6867022514343262
90   1.7504777908325195
91   1.698129415512085
92   2.059446096420288
93   1.8903132677078247
94   1.827816128730774
95   2.314540386199951
96   1.8274158239364624
97   1.5149623155593872
98   1.7516252994537354
99   1.8410618305206299
100   2.030980110168457
101   2.0843453407287598
102   1.9556504487991333
103   2.468416213989258
104   2.1207873821258545
105   2.1377315521240234
106   1.7769784927368164
107   1.9549428224563599
108   1.8081997632980347
109   2.159337043762207
110   1.6904006004333496
111   1.9687695503234863
112   1.8053101301193237
113   1.7411428689956665
114   1.8910168409347534
115   2.1539463996887207
116   2.0839438438415527
117   2.054213285446167
118   1.8880592584609985
119   1.880345344543457
120   1.7650266885757446
121   1.524902582168579
122   1.6333260536193848
123   1.883711338043213
124   1.7465375661849976
125   1.815285563468933
126   1.6755895614624023
127   1.7986561059951782
128   1.7240701913833618
129   1.6981818675994873
130   1.7504448890686035
131   2.071870803833008
132   1.826435923576355
133   1.8267854452133179
134   1.824564814567566
135   1.8767598867416382
136   1.6441030502319336
137   1.5988491773605347
138   1.6235815286636353
139   1.5533093214035034
140   1.6344060897827148
141   2.334397792816162
142   1.7900705337524414
143   1.765787959098816
144   2.105072021484375
145   1.6731964349746704
146   1.946052074432373
147   1.9561982154846191
148   2.008751153945923
149   2.006884813308716
150   1.9321887493133545
151   1.5337753295898438
152   1.8386409282684326
153   1.6976099014282227
154   1.9241993427276611
155   1.742694616317749
156   1.6358722448349
157   1.639433741569519
158   2.0068275928497314
159   1.7870944738388062
160   2.0873465538024902
1   1.4144688844680786
2   1.863091230392456
3   1.5240803956985474
4   1.773359775543213
5   2.0753304958343506
6   1.8764760494232178
7   1.976880431175232
8   1.8574684858322144
9   1.8671391010284424
10   1.6427119970321655
11   1.7788488864898682
12   1.6997736692428589
13   1.7263154983520508
14   1.5792663097381592
15   1.9006057977676392
16   1.932314157485962
17   1.642797589302063
18   1.709791660308838
19   1.4806634187698364
20   1.4963035583496094
21   1.9749863147735596
22   1.8566383123397827
23   1.7520966529846191
24   1.6658282279968262
25   1.6720389127731323
26   1.631367564201355
27   1.7715011835098267
28   1.4735738039016724
29   1.528774380683899
30   1.5756239891052246
31   1.4091755151748657
32   1.6121759414672852
33   1.6904830932617188
34   1.5848324298858643
35   1.723482370376587
36   1.6345489025115967
37   1.9492285251617432
38   1.6594067811965942
39   1.676007628440857
40   1.9660556316375732
41   2.031466484069824
42   2.324118137359619
43   1.8414881229400635
44   1.7820746898651123
45   1.5217212438583374
46   1.788826584815979
47   1.8039145469665527
48   2.030744791030884
49   1.9357116222381592
50   1.9860029220581055
51   1.5821592807769775
52   1.682187557220459
53   1.8925093412399292
54   1.7454636096954346
55   1.608068585395813
56   1.7252333164215088
57   1.723495364189148
58   1.6082558631896973
59   1.8043255805969238
60   1.7451728582382202
61   2.123533248901367
62   1.7035255432128906
63   1.7649719715118408
64   1.7416914701461792
65   1.8576905727386475
66   1.7271828651428223
67   1.877041220664978
68   1.8110144138336182
69   1.6647212505340576
70   1.7528091669082642
71   1.8398512601852417
72   1.9350168704986572
73   2.0462050437927246
74   1.9259825944900513
75   2.463243246078491
76   2.3966753482818604
77   2.529752492904663
78   2.246959686279297
79   2.1891565322875977
80   1.9943512678146362
81   2.022138833999634
82   1.9081180095672607
83   1.9814229011535645
84   1.7421472072601318
85   2.1103405952453613
86   1.6828495264053345
87   1.6254479885101318
88   1.5585196018218994
89   1.973402738571167
90   1.7361499071121216
91   2.1829679012298584
92   1.6417540311813354
93   1.8804590702056885
94   1.69600510597229
95   1.9905734062194824
96   1.880287528038025
97   2.0869688987731934
98   1.7720147371292114
99   1.881432056427002
100   1.4698458909988403
101   1.947811245918274
102   1.6488275527954102
103   1.6729165315628052
104   1.166979193687439
105   1.5411748886108398
106   1.713443636894226
107   2.20164155960083
108   1.9432600736618042
109   1.6260545253753662
110   1.822400689125061
111   1.7166688442230225
112   2.054028272628784
113   1.5514971017837524
114   2.283389091491699
115   1.8774055242538452
116   1.8879265785217285
117   1.946122169494629
118   1.6798020601272583
119   1.7744141817092896
120   1.6402512788772583
121   1.6028600931167603
122   1.704579472541809
123   1.3367096185684204
124   1.4252225160598755
125   1.7466155290603638
126   1.5254937410354614
127   1.6717177629470825
128   1.9276996850967407
129   1.6291323900222778
130   1.820400357246399
131   1.5922802686691284
132   1.7284278869628906
133   1.9542956352233887
134   1.6163808107376099
135   1.7935302257537842
136   1.9560203552246094
137   2.131988525390625
138   2.4633657932281494
139   1.8821721076965332
140   1.598081111907959
141   1.6832716464996338
142   1.4950486421585083
143   1.692977786064148
144   1.64329195022583
145   1.6623796224594116
146   1.389384150505066
147   1.6541637182235718
148   1.7949137687683105
149   1.453142762184143
150   1.6908278465270996
151   1.5391275882720947
152   1.7430810928344727
153   1.6627832651138306
154   1.6934168338775635
155   1.6787554025650024
156   1.6584528684616089
157   1.6742770671844482
158   1.7878129482269287
159   1.7023857831954956
160   1.73114812374115
161   1.7330870628356934
162   1.5303773880004883
163   1.7187358140945435
164   1.526544451713562
