0   0.0
1   0.21135364472866058
2   0.20680108666419983
3   0.20826350152492523
4   0.2059565633535385
5   0.2105434089899063
6   0.21578329801559448
7   0.2067306637763977
8   0.19227512180805206
9   0.2581983208656311
10   0.3040081560611725
11   0.3979911208152771
12   0.4826071262359619
13   0.8450701236724854
14   1.4008638858795166
15   1.5992313623428345
16   1.2846839427947998
17   1.2808643579483032
18   1.8193448781967163
19   1.4784083366394043
20   1.7676925659179688
21   1.4759801626205444
22   1.7499760389328003
23   1.667547345161438
24   1.544109582901001
25   1.9534423351287842
26   1.9506046772003174
27   2.100161552429199
28   1.47188401222229
29   1.4731923341751099
30   1.8607573509216309
31   1.4613070487976074
32   1.6123745441436768
33   1.6104810237884521
34   1.5149160623550415
35   1.8210757970809937
36   2.011972427368164
37   1.8827922344207764
38   1.8188046216964722
39   2.16678786277771
40   1.4994038343429565
41   1.7495430707931519
42   1.6812713146209717
43   1.953779697418213
44   1.461613655090332
45   1.4196553230285645
46   1.6083697080612183
47   1.7543385028839111
48   1.4588897228240967
49   1.4550330638885498
50   1.9985624551773071
51   1.6446912288665771
52   1.5586590766906738
53   1.3797026872634888
54   1.907374382019043
55   1.5968682765960693
56   1.2250394821166992
57   1.3931130170822144
58   1.2074815034866333
59   1.8789896965026855
60   1.7737947702407837
61   1.5561426877975464
62   1.7754098176956177
63   1.6623724699020386
64   1.5264277458190918
65   1.7692238092422485
66   1.7494230270385742
67   1.4478389024734497
68   1.5236178636550903
69   1.370355486869812
70   1.5697758197784424
71   1.436611533164978
72   1.2279791831970215
73   1.516104817390442
74   1.4223434925079346
75   1.7753560543060303
76   1.4886630773544312
77   1.6905003786087036
78   1.2086879014968872
79   1.5938570499420166
80   1.5298352241516113
81   2.058342695236206
82   1.6486159563064575
83   1.6063494682312012
84   1.351494550704956
85   1.1791894435882568
86   1.7247686386108398
87   1.420818567276001
88   1.881601095199585
89   2.5793850421905518
90   1.6947864294052124
91   2.1644582748413086
92   1.8169662952423096
93   1.817831039428711
94   1.4366294145584106
95   1.5813136100769043
96   1.4529290199279785
97   1.588525414466858
98   1.6990606784820557
99   1.9385998249053955
100   1.7408188581466675
101   1.4457496404647827
102   1.515883445739746
103   1.5424561500549316
104   1.5391510725021362
105   1.6932275295257568
106   1.5673619508743286
107   1.4670535326004028
108   1.762341022491455
109   1.8279567956924438
110   1.3062690496444702
111   1.6662691831588745
112   1.8059314489364624
113   1.9409635066986084
114   1.5436466932296753
115   1.8432955741882324
116   1.7488174438476563
117   1.4041017293930054
118   1.6495822668075562
119   1.349894642829895
120   1.5531005859375
121   1.6227319240570068
122   2.0864667892456055
123   1.5971697568893433
124   1.8794194459915161
125   2.3249292373657227
126   1.637610673904419
127   2.1108741760253906
128   1.4671416282653809
129   1.4512324333190918
130   1.443729043006897
131   1.695881724357605
132   1.5510822534561157
133   1.360241174697876
134   1.4021159410476685
135   1.4944919347763062
136   1.5936723947525024
137   1.819883942604065
138   1.9369498491287231
139   1.5141007900238037
140   1.4611473083496094
141   2.120629072189331
142   1.8842350244522095
143   1.584333062171936
144   1.4052726030349731
145   1.6995841264724731
146   1.5827659368515015
147   1.798900842666626
148   1.7575948238372803
149   1.9506968259811401
150   1.8709275722503662
151   1.6601816415786743
152   1.6335355043411255
153   1.8774042129516602
154   1.8216496706008911
155   1.7339346408843994
156   1.6650563478469849
157   1.3728833198547363
158   1.5195852518081665
159   2.1068191528320313
160   1.6280142068862915
161   1.6498024463653564
162   1.6135531663894653
163   2.0272953510284424
164   1.6386789083480835
165   2.206850290298462
166   1.6163281202316284
167   1.671783447265625
168   1.4571218490600586
169   1.3862004280090332
170   1.512811541557312
171   1.2953565120697021
172   1.685538649559021
173   1.5861660242080688
174   1.3884377479553223
175   1.5461020469665527
176   1.490580677986145
177   1.5635675191879272
178   1.329656720161438
179   1.1537929773330688
180   1.3149529695510864
181   1.2511374950408936
182   1.5728055238723755
183   1.3650869131088257
184   1.3721827268600464
185   1.8914039134979248
186   1.4982881546020508
187   1.495668649673462
188   1.8282982110977173
189   1.5298538208007813
190   1.5248794555664063
191   1.4186183214187622
192   1.4962736368179321
193   1.9656939506530762
194   1.4860649108886719
195   1.6007046699523926
196   1.5007414817810059
197   1.3120101690292358
198   1.5228688716888428
199   1.8137680292129517
200   1.6133146286010742
201   1.5060114860534668
202   1.3998377323150635
203   1.6745097637176514
204   1.677642822265625
205   1.6521040201187134
206   1.4141087532043457
207   1.5166417360305786
208   1.3878649473190308
209   1.444911003112793
210   1.3461638689041138
211   1.510589361190796
212   1.6371824741363525
213   1.4038887023925781
1   1.3607490062713623
2   1.8151190280914307
3   1.7339696884155273
4   1.527650237083435
5   1.56525456905365
6   1.5724190473556519
7   1.398949146270752
8   1.2810149192810059
9   1.416487216949463
10   1.8673713207244873
11   1.275484323501587
12   1.4562581777572632
13   1.325136661529541
14   1.469335913658142
15   1.590341567993164
16   1.705163598060608
17   2.130986452102661
18   1.8579808473587036
19   2.0342068672180176
20   1.7146531343460083
1   1.5546135902404785
2   1.64449143409729
3   1.5352956056594849
4   1.3452740907669067
5   1.6210906505584717
6   1.588580846786499
7   1.5428438186645508
8   1.3212974071502686
9   1.579899787902832
10   1.806268334388733
11   1.5748605728149414
12   1.5004857778549194
13   1.7188241481781006
14   1.579309344291687
15   1.7685508728027344
16   1.8649895191192627
17   1.8473700284957886
18   1.5063586235046387
19   1.828277349472046
20   1.6912602186203003
21   1.5581846237182617
22   1.5649546384811401
23   1.5170197486877441
24   1.6392922401428223
25   1.6666983366012573
26   1.4969744682312012
27   1.3649053573608398
28   1.3818349838256836
29   1.6774996519088745
30   1.8068184852600098
31   1.7192121744155884
32   1.679854154586792
33   1.8175547122955322
34   1.7776319980621338
35   1.881110429763794
36   1.8390741348266602
37   1.8632572889328003
38   1.5700069665908813
39   1.5882189273834229
40   1.500712513923645
41   1.4927724599838257
42   1.8093558549880981
43   1.689323902130127
44   1.7752840518951416
45   1.924261450767517
46   1.6504980325698853
47   1.6532968282699585
48   1.8678264617919922
49   1.7610979080200195
50   1.754251480102539
51   1.6940593719482422
52   1.667482614517212
53   1.8053863048553467
54   1.96408212184906
55   1.5386275053024292
56   1.7923557758331299
57   1.754894733428955
58   1.7476511001586914
59   1.970543622970581
60   2.190120220184326
61   2.0453062057495117
62   1.8151887655258179
63   1.6452668905258179
64   1.6015039682388306
65   1.8792470693588257
66   1.7489689588546753
67   1.5372328758239746
68   1.7383036613464355
69   1.8234318494796753
70   1.3849231004714966
71   1.6686513423919678
72   1.7614734172821045
73   1.549146294593811
74   1.8934847116470337
75   1.6379647254943848
76   1.80685555934906
77   1.586569905281067
78   1.7297320365905762
79   1.7436740398406982
80   1.9307688474655151
81   1.8627458810806274
82   1.4914524555206299
83   1.4793970584869385
84   1.834867000579834
85   1.7802423238754272
86   1.8155657052993774
87   1.8988306522369385
88   1.6706197261810303
89   1.6335471868515015
90   1.7153825759887695
91   1.6784311532974243
92   1.9134094715118408
93   1.7760764360427856
94   1.7890797853469849
95   2.2063541412353516
96   1.818863868713379
97   1.7522542476654053
98   1.733375906944275
99   1.8800982236862183
100   2.3466033935546875
101   2.2579526901245117
102   1.9774765968322754
103   2.5501115322113037
104   2.1163928508758545
105   2.346198081970215
106   2.0344436168670654
107   1.931264877319336
108   1.9778143167495728
109   2.67814564704895
110   2.3010144233703613
111   2.3763296604156494
112   1.984114646911621
113   2.1682240962982178
114   2.3199851512908936
115   2.503998041152954
116   2.366414785385132
117   2.3607304096221924
118   2.333324909210205
119   2.5102689266204834
120   2.2640187740325928
121   2.0519018173217773
122   2.4203083515167236
123   2.6592280864715576
124   2.2953405380249023
125   2.326911211013794
126   2.221515655517578
127   2.325812816619873
128   2.11738920211792
129   2.076573371887207
130   2.483344078063965
131   2.589592456817627
132   2.251634120941162
133   2.4456217288970947
134   2.628570556640625
135   2.4240610599517822
136   2.068920850753784
137   2.1286706924438477
138   2.1761066913604736
139   2.275747060775757
140   2.2537810802459717
141   2.7235403060913086
142   2.279106855392456
143   2.190638303756714
144   2.330249309539795
145   1.9518392086029053
146   2.1401607990264893
147   2.5684142112731934
148   2.5929641723632813
149   2.4610848426818848
150   2.413637399673462
151   2.1418936252593994
152   2.261641502380371
153   1.9822927713394165
154   2.048306703567505
155   1.9151804447174072
156   2.0687947273254395
157   2.0399532318115234
158   2.214881420135498
159   2.235149383544922
160   2.363576650619507
1   1.3553694486618042
2   1.7375279664993286
3   1.4323523044586182
4   1.6687726974487305
5   1.953347086906433
6   1.7887847423553467
7   1.8792166709899902
8   1.7858366966247559
9   1.7166342735290527
10   1.503494143486023
11   1.6422795057296753
12   1.5714060068130493
13   1.6208292245864868
14   1.4923473596572876
15   1.8299192190170288
16   1.7549090385437012
17   1.500177025794983
18   1.68079674243927
19   1.3746381998062134
20   1.426349401473999
21   1.9059303998947144
22   1.7246830463409424
23   1.7470217943191528
24   1.644458532333374
25   1.5711840391159058
26   1.522721290588379
27   1.7228344678878784
28   1.3869595527648926
29   1.4649229049682617
30   1.4964323043823242
31   1.294255018234253
32   1.42677640914917
33   1.6689343452453613
34   1.508198857307434
35   1.650038242340088
36   1.5981215238571167
37   1.7738646268844604
38   1.5651524066925049
39   1.5208032131195068
40   1.7400627136230469
41   1.8607447147369385
42   2.1991019248962402
43   1.682772159576416
44   1.6557990312576294
45   1.5371655225753784
46   1.7924953699111938
47   1.7570441961288452
48   1.7920929193496704
49   1.7658520936965942
50   1.7926347255706787
51   1.552323818206787
52   1.5046740770339966
53   1.6741113662719727
54   1.656744360923767
55   1.524727463722229
56   1.600100040435791
57   1.7435214519500732
58   1.5789943933486938
59   1.6969417333602905
60   1.7186739444732666
61   1.9475579261779785
62   1.5448119640350342
63   1.6588029861450195
64   1.690694808959961
65   1.8057175874710083
66   1.6193393468856812
67   1.7414499521255493
68   1.6881924867630005
69   1.5430221557617188
70   1.7142393589019775
71   1.8229901790618896
72   1.8264495134353638
73   1.9366133213043213
74   1.7555445432662964
75   2.2215816974639893
76   2.3530688285827637
77   2.524854898452759
78   2.1912481784820557
79   2.200946569442749
80   1.8236383199691772
81   1.9146565198898315
82   1.7971842288970947
83   1.8036998510360718
84   1.622930645942688
85   1.9436179399490356
86   1.5479015111923218
87   1.4287545680999756
88   1.4225149154663086
89   1.8200746774673462
90   1.6910550594329834
91   1.9236317873001099
92   1.6078214645385742
93   1.7365996837615967
94   1.561640739440918
95   1.9410420656204224
96   1.8433576822280884
97   1.983525276184082
98   1.6843535900115967
99   1.7470958232879639
100   1.4258465766906738
101   1.7930238246917725
102   1.56635320186615
103   1.489614725112915
104   1.1376327276229858
105   1.504653811454773
106   1.5954906940460205
107   1.99359130859375
108   1.8506135940551758
109   1.5433104038238525
110   1.6925075054168701
111   1.5821964740753174
112   1.8979119062423706
113   1.472287654876709
114   2.222663640975952
115   1.7507789134979248
116   1.680172324180603
117   1.8404266834259033
118   1.617321252822876
119   1.639296293258667
120   1.4549990892410278
121   1.4082282781600952
122   1.5168498754501343
123   1.3976688385009766
124   1.4088494777679443
125   1.6576879024505615
126   1.4449855089187622
127   1.5635391473770142
128   1.8863413333892822
129   1.6032413244247437
130   1.6523089408874512
131   1.5188044309616089
132   1.6313329935073853
133   1.8544968366622925
134   1.5717084407806396
135   1.6621941328048706
136   1.8728002309799194
137   2.054847240447998
138   2.3108181953430176
139   1.8022209405899048
140   1.4706181287765503
141   1.5788544416427612
142   1.4507015943527222
143   1.6282082796096802
144   1.552354335784912
145   1.4800083637237549
146   1.4093153476715088
147   1.5244190692901611
148   1.7067948579788208
149   1.3859251737594604
150   1.5426088571548462
151   1.5218757390975952
152   1.5836461782455444
153   1.5230995416641235
154   1.6490672826766968
155   1.6754677295684814
156   1.5664724111557007
157   1.6697454452514648
158   1.7556055784225464
159   1.6863974332809448
160   1.5963746309280396
161   1.6960947513580322
162   1.5040873289108276
163   1.6517022848129272
164   1.4688740968704224
