# 1
#       -180         1       360  0

 -179.5  0
 -178.5  0
 -177.5  0
 -176.5  0
 -175.5  0
 -174.5  0
 -173.5  0
 -172.5  0
 -171.5  0
 -170.5  0
 -169.5  0
 -168.5  0
 -167.5  0
 -166.5  0
 -165.5  0
 -164.5  0
 -163.5  0
 -162.5  0
 -161.5  0
 -160.5  0
 -159.5  0
 -158.5  0
 -157.5  0
 -156.5  0
 -155.5  0
 -154.5  0
 -153.5  0
 -152.5  0
 -151.5  0
 -150.5  0
 -149.5  0
 -148.5  0
 -147.5  0
 -146.5  0
 -145.5  0
 -144.5  0
 -143.5  0
 -142.5  0
 -141.5  0
 -140.5  0
 -139.5  0
 -138.5  0
 -137.5  0
 -136.5  0
 -135.5  0
 -134.5  0
 -133.5  0
 -132.5  0
 -131.5  0
 -130.5  0
 -129.5  0
 -128.5  0
 -127.5  0
 -126.5  0
 -125.5  0
 -124.5  0
 -123.5  0
 -122.5  0
 -121.5  0
 -120.5  0
 -119.5  0
 -118.5  0
 -117.5  0
 -116.5  0
 -115.5  0
 -114.5  0
 -113.5  0
 -112.5  0
 -111.5  0
 -110.5  0
 -109.5  0
 -108.5  0
 -107.5  0
 -106.5  0
 -105.5  0
 -104.5  0
 -103.5  0
 -102.5  0
 -101.5  0
 -100.5  0
 -99.5  0
 -98.5  0
 -97.5  0
 -96.5  0
 -95.5  0
 -94.5  0
 -93.5  0
 -92.5  0
 -91.5  0
 -90.5  0
 -89.5  0
 -88.5  0
 -87.5  0
 -86.5  0
 -85.5  0
 -84.5  0
 -83.5  0
 -82.5  0
 -81.5  0
 -80.5  0
 -79.5  0
 -78.5  0
 -77.5  0
 -76.5  0
 -75.5  0
 -74.5  0
 -73.5  0
 -72.5  0
 -71.5  0
 -70.5  0
 -69.5  0
 -68.5  0
 -67.5  0
 -66.5  0
 -65.5  0
 -64.5  0
 -63.5  0
 -62.5  0
 -61.5  0
 -60.5  0
 -59.5  0
 -58.5  0
 -57.5  0
 -56.5  0
 -55.5  0
 -54.5  0
 -53.5  0
 -52.5  0
 -51.5  0
 -50.5  0
 -49.5  0
 -48.5  11
 -47.5  52
 -46.5  79
 -45.5  281
 -44.5  482
 -43.5  1145
 -42.5  2536
 -41.5  5001
 -40.5  9454
 -39.5  16301
 -38.5  28603
 -37.5  45190
 -36.5  69394
 -35.5  105124
 -34.5  145178
 -33.5  190603
 -32.5  240980
 -31.5  292537
 -30.5  329897
 -29.5  356155
 -28.5  367507
 -27.5  369626
 -26.5  353595
 -25.5  326217
 -24.5  287948
 -23.5  246420
 -22.5  210294
 -21.5  170968
 -20.5  134094
 -19.5  104083
 -18.5  76318
 -17.5  55846
 -16.5  37161
 -15.5  26229
 -14.5  18518
 -13.5  12169
 -12.5  9063
 -11.5  6384
 -10.5  5556
 -9.5  5191
 -8.5  6238
 -7.5  7599
 -6.5  10209
 -5.5  13644
 -4.5  16848
 -3.5  20993
 -2.5  24009
 -1.5  27853
 -0.5  29749
 0.5  30143
 1.5  30233
 2.5  27500
 3.5  23157
 4.5  19012
 5.5  14419
 6.5  10641
 7.5  7692
 8.5  5839
 9.5  4183
 10.5  2735
 11.5  1636
 12.5  1214
 13.5  860
 14.5  572
 15.5  392
 16.5  388
 17.5  315
 18.5  114
 19.5  26
 20.5  23
 21.5  32
 22.5  44
 23.5  0
 24.5  0
 25.5  0
 26.5  0
 27.5  0
 28.5  0
 29.5  0
 30.5  0
 31.5  0
 32.5  0
 33.5  0
 34.5  0
 35.5  0
 36.5  0
 37.5  0
 38.5  0
 39.5  0
 40.5  0
 41.5  0
 42.5  0
 43.5  0
 44.5  0
 45.5  0
 46.5  0
 47.5  0
 48.5  0
 49.5  0
 50.5  0
 51.5  0
 52.5  0
 53.5  0
 54.5  0
 55.5  0
 56.5  0
 57.5  0
 58.5  0
 59.5  0
 60.5  0
 61.5  0
 62.5  0
 63.5  0
 64.5  0
 65.5  0
 66.5  0
 67.5  0
 68.5  0
 69.5  0
 70.5  0
 71.5  0
 72.5  0
 73.5  0
 74.5  0
 75.5  0
 76.5  0
 77.5  0
 78.5  0
 79.5  0
 80.5  0
 81.5  0
 82.5  0
 83.5  0
 84.5  0
 85.5  0
 86.5  0
 87.5  0
 88.5  0
 89.5  0
 90.5  0
 91.5  0
 92.5  0
 93.5  0
 94.5  0
 95.5  0
 96.5  0
 97.5  0
 98.5  0
 99.5  0
 100.5  0
 101.5  0
 102.5  0
 103.5  0
 104.5  0
 105.5  0
 106.5  0
 107.5  0
 108.5  0
 109.5  0
 110.5  0
 111.5  0
 112.5  0
 113.5  0
 114.5  0
 115.5  0
 116.5  0
 117.5  0
 118.5  0
 119.5  0
 120.5  0
 121.5  0
 122.5  0
 123.5  0
 124.5  0
 125.5  0
 126.5  0
 127.5  0
 128.5  0
 129.5  0
 130.5  0
 131.5  0
 132.5  0
 133.5  0
 134.5  0
 135.5  0
 136.5  0
 137.5  0
 138.5  0
 139.5  0
 140.5  0
 141.5  0
 142.5  0
 143.5  0
 144.5  0
 145.5  0
 146.5  0
 147.5  0
 148.5  0
 149.5  0
 150.5  0
 151.5  0
 152.5  0
 153.5  0
 154.5  0
 155.5  0
 156.5  0
 157.5  0
 158.5  0
 159.5  0
 160.5  0
 161.5  0
 162.5  0
 163.5  0
 164.5  0
 165.5  0
 166.5  0
 167.5  0
 168.5  0
 169.5  0
 170.5  0
 171.5  0
 172.5  0
 173.5  0
 174.5  0
 175.5  0
 176.5  0
 177.5  0
 178.5  0
 179.5  0
