# 1
#        -90         1       180  0

 -89.5  0
 -88.5  0
 -87.5  0
 -86.5  0
 -85.5  0
 -84.5  0
 -83.5  0
 -82.5  0
 -81.5  0
 -80.5  0
 -79.5  0
 -78.5  0
 -77.5  0
 -76.5  0
 -75.5  0
 -74.5  0
 -73.5  0
 -72.5  0
 -71.5  0
 -70.5  0
 -69.5  0
 -68.5  0
 -67.5  0
 -66.5  0
 -65.5  0
 -64.5  0
 -63.5  0
 -62.5  0
 -61.5  0
 -60.5  0
 -59.5  0
 -58.5  0
 -57.5  0
 -56.5  0
 -55.5  0
 -54.5  0
 -53.5  0
 -52.5  0
 -51.5  0
 -50.5  0
 -49.5  0
 -48.5  0
 -47.5  0
 -46.5  0
 -45.5  0
 -44.5  0
 -43.5  0
 -42.5  0
 -41.5  0
 -40.5  0
 -39.5  0
 -38.5  0
 -37.5  0
 -36.5  0
 -35.5  0
 -34.5  0
 -33.5  0
 -32.5  0
 -31.5  54
 -30.5  108
 -29.5  290
 -28.5  583
 -27.5  1295
 -26.5  2879
 -25.5  5003
 -24.5  10201
 -23.5  17473
 -22.5  28820
 -21.5  47552
 -20.5  70487
 -19.5  105687
 -18.5  147421
 -17.5  191694
 -16.5  240666
 -15.5  290805
 -14.5  336675
 -13.5  372550
 -12.5  391866
 -11.5  390413
 -10.5  380470
 -9.5  362502
 -8.5  321364
 -7.5  275020
 -6.5  228229
 -5.5  185667
 -4.5  147241
 -3.5  112201
 -2.5  84229
 -1.5  64116
 -0.5  49021
 0.5  37264
 1.5  28914
 2.5  21503
 3.5  16595
 4.5  11804
 5.5  8649
 6.5  5294
 7.5  3762
 8.5  1957
 9.5  1109
 10.5  687
 11.5  186
 12.5  88
 13.5  66
 14.5  42
 15.5  0
 16.5  0
 17.5  0
 18.5  0
 19.5  0
 20.5  0
 21.5  0
 22.5  0
 23.5  0
 24.5  0
 25.5  0
 26.5  0
 27.5  0
 28.5  0
 29.5  0
 30.5  0
 31.5  0
 32.5  0
 33.5  0
 34.5  0
 35.5  0
 36.5  0
 37.5  0
 38.5  0
 39.5  0
 40.5  0
 41.5  0
 42.5  0
 43.5  0
 44.5  0
 45.5  0
 46.5  0
 47.5  0
 48.5  0
 49.5  0
 50.5  0
 51.5  0
 52.5  0
 53.5  0
 54.5  0
 55.5  0
 56.5  0
 57.5  0
 58.5  0
 59.5  0
 60.5  0
 61.5  0
 62.5  0
 63.5  0
 64.5  0
 65.5  0
 66.5  0
 67.5  0
 68.5  0
 69.5  0
 70.5  0
 71.5  0
 72.5  0
 73.5  0
 74.5  0
 75.5  0
 76.5  0
 77.5  0
 78.5  0
 79.5  0
 80.5  0
 81.5  0
 82.5  0
 83.5  0
 84.5  0
 85.5  0
 86.5  0
 87.5  0
 88.5  0
 89.5  0
