0   0.0
1   0.19556213915348053
2   0.16923591494560242
3   0.26319560408592224
4   0.24139931797981262
5   0.22240705788135529
6   0.16335001587867737
7   0.18172836303710938
8   0.19290441274642944
9   0.2518788278102875
10   0.27602043747901917
11   0.38268154859542847
12   0.7077988386154175
13   1.0677763223648071
14   2.422945022583008
15   1.4535795450210571
16   2.822035551071167
17   1.2838653326034546
18   2.3306703567504883
19   2.2733242511749268
20   1.7333296537399292
21   2.789170980453491
22   2.2516236305236816
23   0.8276627063751221
24   2.0074942111968994
25   1.615480899810791
26   1.2767915725708008
27   1.4051729440689087
28   1.2613378763198853
29   0.6659597754478455
30   1.6257307529449463
31   1.6925358772277832
32   1.4952940940856934
33   1.3689887523651123
34   1.5958749055862427
35   1.736656904220581
36   1.21560537815094
37   1.4852828979492188
38   1.2317850589752197
39   1.1681513786315918
40   1.2126994132995605
41   1.4976967573165894
42   1.7736481428146362
43   2.313825845718384
44   2.1078503131866455
45   2.399350166320801
46   2.122429847717285
47   1.7184206247329712
48   1.4466044902801514
49   1.7538416385650635
50   1.8397836685180664
51   1.925580382347107
52   1.7860467433929443
53   2.2653064727783203
54   1.7960832118988037
55   1.61870276927948
56   1.5206056833267212
57   1.8190433979034424
58   1.5824052095413208
59   1.0574835538864136
60   1.3172825574874878
61   1.2566882371902466
62   2.0739617347717285
63   2.436450242996216
64   2.1310555934906006
65   1.7686938047409058
66   3.0920462608337402
67   2.461900234222412
68   2.514498233795166
69   1.4375654458999634
70   1.1005665063858032
71   1.3793275356292725
72   1.2448580265045166
73   1.613100528717041
74   1.3726379871368408
75   1.689103126525879
76   1.6158190965652466
77   0.9302193522453308
78   2.217649221420288
79   1.1127101182937622
80   1.5744255781173706
81   1.2531452178955078
82   1.2888871431350708
83   1.4068267345428467
84   1.8970589637756348
85   1.0833653211593628
86   1.566636323928833
87   1.388230800628662
88   1.752779483795166
89   1.086498498916626
90   1.473541021347046
91   0.9601955413818359
92   1.8027902841567993
93   1.1243484020233154
94   1.785822868347168
95   1.0076414346694946
96   0.9116342663764954
97   0.8122792840003967
98   0.9701587557792664
99   1.216299057006836
100   1.9500421285629272
101   1.8224502801895142
102   2.5428216457366943
103   1.6758686304092407
104   2.071322441101074
105   1.8167002201080322
106   1.61811363697052
107   2.0336363315582275
108   1.7745003700256348
109   1.8969364166259766
110   1.9402095079421997
111   2.189056634902954
112   2.2048068046569824
113   2.387956380844116
114   1.3400065898895264
115   1.3618322610855103
116   1.7127583026885986
117   2.1317968368530273
118   1.584931492805481
119   2.0243351459503174
120   2.054448366165161
121   1.7732237577438354
122   2.171943426132202
123   1.4521933794021606
124   2.788733720779419
125   1.659104585647583
126   2.0240538120269775
127   1.3823293447494507
128   2.1673669815063477
129   1.946144700050354
130   2.1372323036193848
131   1.474040150642395
132   0.7634546160697937
133   0.7771487236022949
134   1.0514265298843384
135   1.4680187702178955
136   1.5050194263458252
137   1.702165961265564
138   1.8006176948547363
139   0.8168532252311707
140   1.4722315073013306
141   1.36210036277771
142   2.0635530948638916
143   1.9569499492645264
144   1.7006092071533203
145   1.7380242347717285
146   1.6435503959655762
147   1.1438047885894775
148   1.2035163640975952
149   1.6763149499893188
150   0.887138843536377
151   1.7886403799057007
152   1.2264435291290283
153   0.9731780886650085
154   1.8441475629806519
155   1.067603588104248
156   1.4453991651535034
157   1.5793306827545166
158   1.3546701669692993
159   1.6248406171798706
160   1.9774298667907715
161   1.6733503341674805
162   1.3149312734603882
163   1.18666410446167
164   1.671411156654358
165   1.865963339805603
166   1.4405206441879272
167   1.6421390771865845
168   1.9199750423431396
169   1.8364449739456177
170   2.0464906692504883
171   1.0286815166473389
172   1.353785753250122
173   1.6185507774353027
174   1.605025291442871
175   2.344113349914551
176   1.3305563926696777
177   2.2123217582702637
178   1.734026551246643
179   1.324281930923462
180   2.3575844764709473
181   1.9072428941726685
182   1.411616325378418
183   1.8235224485397339
184   1.9385391473770142
185   1.441664695739746
186   2.587571382522583
187   1.198369026184082
188   1.4755775928497314
189   0.853950560092926
190   2.4577364921569824
191   1.2726364135742188
192   1.0057529211044312
193   1.2884044647216797
194   1.9227344989776611
195   2.0471322536468506
196   1.1137326955795288
197   1.6699962615966797
198   1.4013994932174683
199   2.0133490562438965
200   1.6820975542068481
201   1.327510118484497
202   1.742418646812439
203   1.617563009262085
204   1.8558452129364014
205   2.4453084468841553
206   1.2584909200668335
207   1.7512753009796143
208   1.3958978652954102
209   1.6770390272140503
210   1.621671438217163
211   1.175798773765564
212   1.780505657196045
213   1.8112881183624268
1   1.9894131422042847
2   1.9799542427062988
3   1.462784767150879
4   1.781192421913147
5   2.4415676593780518
6   2.0946812629699707
7   1.879565954208374
8   1.213440179824829
9   1.6483160257339478
10   1.3328105211257935
11   1.5901226997375488
12   2.0000150203704834
13   1.7863306999206543
14   1.9473490715026855
15   1.246077299118042
16   1.579118251800537
17   2.069991111755371
18   1.8451652526855469
19   1.6577622890472412
20   1.8166488409042358
1   1.4148889780044556
2   1.6154175996780396
3   1.4450393915176392
4   1.5420957803726196
5   1.8679779767990112
6   1.539440631866455
7   1.4004408121109009
8   1.7775757312774658
9   1.7385119199752808
10   1.6686170101165771
11   1.4958975315093994
12   1.499572992324829
13   1.881248116493225
14   1.3622548580169678
15   1.5888793468475342
16   1.678375482559204
17   1.4713166952133179
18   1.5180448293685913
19   1.4383848905563354
20   1.4725532531738281
21   1.645613193511963
22   1.3128138780593872
23   1.4852185249328613
24   1.848524570465088
25   1.3282557725906372
26   1.6980971097946167
27   1.443569540977478
28   1.3697199821472168
29   1.342144250869751
30   1.3762385845184326
31   1.636573314666748
32   1.3713958263397217
33   1.3452192544937134
34   1.6661590337753296
35   1.4642525911331177
36   1.3489478826522827
37   1.4686651229858398
38   1.4963343143463135
39   1.2048933506011963
40   1.419560432434082
41   1.5096434354782104
42   1.4171497821807861
43   1.5427550077438354
44   1.33894681930542
45   1.493068814277649
46   1.3268506526947021
47   1.6402608156204224
48   1.410689353942871
49   1.3765060901641846
50   1.6631238460540771
51   1.428643822669983
52   1.4355053901672363
53   1.5546053647994995
54   1.6964850425720215
55   1.5843350887298584
56   1.8055604696273804
57   1.7613083124160767
58   1.5687860250473022
59   1.799139380455017
60   1.4479880332946777
61   1.4373257160186768
62   1.812554121017456
63   1.4708839654922485
64   1.3871477842330933
65   1.5228408575057983
66   1.6568137407302856
67   1.4187332391738892
68   1.3961522579193115
69   1.3913402557373047
70   1.4989217519760132
71   1.492865800857544
72   1.1272867918014526
73   1.4115136861801147
74   1.078009009361267
75   1.8106931447982788
76   1.6871479749679565
77   1.7090767621994019
78   1.892366886138916
79   1.6577285528182983
80   1.4007600545883179
81   1.6778130531311035
82   1.4761768579483032
83   1.658571720123291
84   1.4913256168365479
85   1.4174951314926147
86   1.3292866945266724
87   1.3127192258834839
88   1.4106059074401855
89   1.377538800239563
90   1.4318093061447144
91   1.6319960355758667
92   1.4855185747146606
93   1.3979761600494385
94   1.4806625843048096
95   1.6535605192184448
96   1.7546679973602295
97   1.4891884326934814
98   1.5135315656661987
99   1.5636857748031616
100   1.6112443208694458
101   1.4005186557769775
102   1.39015531539917
103   1.483764886856079
104   1.3502225875854492
105   1.653423547744751
106   1.327863097190857
107   1.6208499670028687
108   1.5583902597427368
109   1.5534758567810059
110   1.5961955785751343
111   1.4387805461883545
112   1.5181751251220703
113   1.5874241590499878
114   1.67763352394104
115   1.6994750499725342
116   1.5520529747009277
117   1.5567055940628052
118   1.602519154548645
119   1.5711952447891235
120   1.5163590908050537
121   1.3860098123550415
122   1.3973499536514282
123   1.6156386137008667
124   1.5907102823257446
125   1.6110745668411255
126   1.5564472675323486
127   1.6653674840927124
128   1.573076605796814
129   1.4637843370437622
130   1.4705328941345215
131   1.5647631883621216
132   1.6076858043670654
133   1.670771598815918
134   1.3814748525619507
135   1.46048104763031
136   1.3038444519042969
137   1.6429049968719482
138   1.692563533782959
139   1.632621169090271
140   1.6321194171905518
141   1.55625319480896
142   1.53276526927948
143   1.498181700706482
144   1.4957960844039917
145   1.7398971319198608
146   1.4548088312149048
147   1.4257253408432007
148   1.3100961446762085
149   1.824557900428772
150   1.7810149192810059
151   1.700377345085144
152   1.6351299285888672
153   1.5242104530334473
154   1.3755425214767456
155   1.5865652561187744
156   1.6459221839904785
157   1.5950628519058228
158   1.6381765604019165
159   1.7100541591644287
160   1.9196546077728271
1   1.6598495244979858
2   1.763343334197998
3   1.6750218868255615
4   1.1454944610595703
5   1.5788747072219849
6   1.4303027391433716
7   1.3110278844833374
8   1.6000874042510986
9   1.6196740865707397
10   1.3535776138305664
11   1.3910582065582275
12   1.1592968702316284
13   1.347433090209961
14   1.3289767503738403
15   1.5409475564956665
16   1.8200238943099976
17   1.6441752910614014
18   1.4228471517562866
19   1.7027348279953003
20   1.3567793369293213
21   1.4157259464263916
22   1.5025911331176758
23   1.5790218114852905
24   1.6326736211776733
25   1.7319122552871704
26   1.5836981534957886
27   1.855528712272644
28   1.933881163597107
29   1.5328387022018433
30   1.7037631273269653
31   1.5981676578521729
32   1.7337502241134644
33   1.8343545198440552
34   1.539840579032898
35   1.5920727252960205
36   1.6200368404388428
37   1.8579607009887695
38   1.5633342266082764
39   1.284743070602417
40   2.055060863494873
41   1.7983849048614502
42   1.8413320779800415
43   1.881966471672058
44   1.6126066446304321
45   1.5295368432998657
46   1.9840354919433594
47   1.480421543121338
48   1.8417648077011108
49   2.2081544399261475
50   2.203413724899292
51   2.5032150745391846
52   1.7442171573638916
53   1.8238071203231812
54   1.2198153734207153
55   1.6809848546981812
56   1.62199068069458
57   1.8846867084503174
58   1.6607065200805664
59   1.2960386276245117
60   2.1089015007019043
61   1.575618863105774
62   1.6259845495224
63   2.0884244441986084
64   1.3699538707733154
65   1.0689363479614258
66   1.4537981748580933
67   1.4669828414916992
68   1.5155235528945923
69   1.6417546272277832
70   0.6323623657226563
71   1.4152460098266602
72   1.6814287900924683
73   1.4854317903518677
74   1.4290021657943726
75   2.62015700340271
76   1.7519866228103638
77   0.9603909850120544
78   1.3954828977584839
79   1.2604831457138062
80   1.3956621885299683
81   0.8133596777915955
82   1.1190413236618042
83   1.5154240131378174
84   2.6298182010650635
85   1.9913997650146484
86   1.6468740701675415
87   2.4763126373291016
88   2.0818533897399902
89   1.9718027114868164
90   1.7422268390655518
91   1.3880430459976196
92   1.7701244354248047
93   1.501262903213501
94   1.8075865507125854
95   1.3190611600875854
96   1.3025965690612793
97   1.5471798181533813
98   1.5461283922195435
99   1.5879977941513062
100   1.3007773160934448
101   1.8486254215240479
102   1.8431336879730225
103   2.0037496089935303
104   2.073373317718506
105   2.55238676071167
106   1.746538519859314
107   1.9557510614395142
108   1.1999300718307495
109   2.2328455448150635
110   1.7415562868118286
111   1.4687024354934692
112   1.7613921165466309
113   1.39015531539917
114   1.697258710861206
115   2.0657880306243896
116   1.9045594930648804
117   1.5833128690719604
118   2.1947007179260254
119   1.4769892692565918
120   1.9989315271377563
121   2.283811092376709
122   1.2742451429367065
123   1.7077839374542236
124   1.5726147890090942
125   1.6335078477859497
126   1.6930861473083496
127   1.2915048599243164
128   1.405652403831482
129   1.663374900817871
130   1.5487474203109741
131   1.8879051208496094
132   1.5238486528396606
133   1.7825027704238892
134   1.2235772609710693
135   1.574379563331604
136   1.306243896484375
137   1.775095820426941
138   1.3860572576522827
139   1.7193412780761719
140   1.6315324306488037
141   1.3777368068695068
142   1.4160420894622803
143   1.8865731954574585
144   1.5503079891204834
145   1.5197762250900269
146   1.5327507257461548
147   1.4647865295410156
148   1.1940056085586548
149   1.6394312381744385
150   1.661839485168457
151   1.4335988759994507
152   1.4498642683029175
153   1.4974340200424194
154   1.4565707445144653
155   1.5574826002120972
156   1.4333974123001099
157   1.3667908906936646
158   1.5828608274459839
159   1.7495617866516113
160   1.6421220302581787
161   1.702069878578186
162   1.46257746219635
163   1.7186838388442993
164   1.6172733306884766
