0   0.0
1   1.9597933292388916
2   1.9149725437164307
3   2.0403671264648438
4   1.9529825448989868
5   2.325042963027954
6   1.9162523746490479
7   1.9489459991455078
8   1.9260075092315674
9   2.405395746231079
10   2.7759063243865967
11   3.027912139892578
12   3.400287389755249
13   2.436073064804077
14   4.776340007781982
15   3.2363779544830322
16   3.21345853805542
17   5.21268367767334
18   4.933094024658203
19   5.592422008514404
20   6.450805187225342
21   5.925517559051514
22   5.944343090057373
23   6.339018821716309
24   5.022442817687988
25   5.475057125091553
26   4.388656139373779
27   5.519218444824219
28   4.8514509201049805
29   5.237279891967773
30   5.381591320037842
31   4.957279682159424
32   4.823049068450928
33   3.9542717933654785
34   4.183665752410889
35   6.150506496429443
36   4.882627487182617
37   4.699306964874268
38   5.085407733917236
39   4.907580375671387
40   5.236084938049316
41   3.482062339782715
42   5.020883083343506
43   6.074869155883789
44   5.678147792816162
45   4.774280071258545
46   4.666957855224609
47   3.802960157394409
48   4.14478874206543
49   4.835011959075928
50   3.195446014404297
51   4.517576694488525
52   4.895779132843018
53   5.493965148925781
54   6.579553127288818
55   4.192567348480225
56   5.167477607727051
57   5.149867534637451
58   4.733271598815918
59   4.411108493804932
60   4.215527534484863
61   4.411498546600342
62   5.356823921203613
63   4.835720062255859
64   6.431893348693848
65   5.751039981842041
66   5.328736782073975
67   5.497550964355469
68   5.131475448608398
69   5.814813613891602
70   5.485252857208252
71   6.156085968017578
72   6.379281044006348
73   5.295568943023682
74   5.038396835327148
75   5.762257099151611
76   6.050695419311523
77   5.342559337615967
78   5.681883335113525
79   6.188847064971924
80   4.47970724105835
81   3.64030122756958
82   3.5178842544555664
83   4.037455081939697
84   3.513676166534424
85   3.7465085983276367
86   4.24679708480835
87   4.202009677886963
88   4.215330600738525
89   4.471340656280518
90   3.996351480484009
91   4.611539840698242
92   4.626370906829834
93   3.3131186962127686
94   4.198567867279053
95   4.74599552154541
96   5.214376449584961
97   4.370891094207764
98   4.474053859710693
99   4.622040271759033
100   4.364273548126221
101   5.236783981323242
102   5.331466197967529
103   4.539486408233643
104   4.220438003540039
105   4.948805332183838
106   5.038666725158691
107   5.429967403411865
108   4.945815563201904
109   4.598526477813721
110   4.991135597229004
111   5.304131031036377
112   5.243302822113037
113   5.233396530151367
114   4.353479385375977
115   4.726057052612305
116   4.930654048919678
117   4.708881855010986
118   5.152621746063232
119   4.972591400146484
120   4.186214447021484
121   6.235194206237793
122   4.99649715423584
123   4.735881805419922
124   4.537234783172607
125   3.624288558959961
126   4.352133274078369
127   3.7915725708007813
128   3.6068785190582275
129   5.211191654205322
130   5.230072021484375
131   5.479401111602783
132   5.807828426361084
133   4.140799522399902
134   3.5346672534942627
135   3.9564247131347656
136   6.106356620788574
137   5.049556255340576
138   5.093606948852539
139   4.8563456535339355
140   4.253803730010986
141   5.3372578620910645
142   5.038491249084473
143   4.591784477233887
144   6.159603118896484
145   5.449662685394287
146   5.977885723114014
147   6.9665117263793945
148   4.225967884063721
149   4.6318159103393555
150   4.477516174316406
151   4.807858943939209
152   4.687354564666748
153   4.336117744445801
154   3.774782657623291
155   5.192348480224609
156   4.642147541046143
157   5.883781909942627
158   5.6397905349731445
159   4.918599605560303
160   4.096105098724365
161   4.97636604309082
162   5.021193027496338
163   5.502774238586426
164   4.1144938468933105
165   4.561798572540283
166   4.554201126098633
167   3.871584892272949
168   3.464249610900879
169   4.071881294250488
170   4.329372406005859
171   5.853730201721191
172   5.418845176696777
173   5.590268135070801
174   6.465912342071533
175   5.75421667098999
176   6.022659778594971
177   5.692473411560059
178   4.537546157836914
179   5.298213481903076
180   5.076505661010742
181   4.698310852050781
182   4.6258225440979
183   5.297331809997559
184   4.502929210662842
185   4.39049768447876
186   3.2690765857696533
187   4.815314292907715
188   5.819681644439697
189   5.084782123565674
190   4.264453411102295
191   4.041780471801758
192   4.213510990142822
193   4.6432623863220215
194   4.4983720779418945
195   3.7470602989196777
196   4.203928470611572
197   4.158287525177002
198   5.266595840454102
199   4.46982479095459
200   5.212221622467041
201   3.5284640789031982
202   4.333096981048584
203   5.329988479614258
204   3.7219042778015137
205   4.299864292144775
206   4.638463020324707
207   3.795563220977783
208   4.573434829711914
209   4.976678848266602
210   4.392647743225098
211   4.608912944793701
212   4.4695258140563965
213   4.277480125427246
1   4.486146926879883
2   4.547549724578857
3   4.92540979385376
4   4.638477802276611
5   3.2879769802093506
6   3.718688488006592
7   2.9587037563323975
8   5.057244777679443
9   5.000062465667725
10   4.317819118499756
11   4.4363274574279785
12   3.8874616622924805
13   4.136669158935547
14   4.440584182739258
15   4.335559844970703
16   4.166047096252441
17   4.56264591217041
18   4.519246578216553
19   5.450368404388428
20   4.263740539550781
1   4.5339035987854
2   5.384061813354492
3   4.8558244705200195
4   4.170783996582031
5   4.474212646484375
6   5.5768256187438965
7   5.257609844207764
8   5.769121170043945
9   5.938427448272705
10   6.0323486328125
11   6.160140514373779
12   4.447703838348389
13   5.2655487060546875
14   4.124757289886475
15   4.831231594085693
16   5.114614963531494
17   5.502356052398682
18   6.190205097198486
19   3.6814050674438477
20   3.376648187637329
21   4.174184322357178
22   4.465358257293701
23   4.367869853973389
24   5.010336875915527
25   4.025221824645996
26   4.141481876373291
27   4.346756458282471
28   4.580996036529541
29   4.108870506286621
30   4.881717681884766
31   3.8602616786956787
32   5.566135406494141
33   4.415860652923584
34   5.233823776245117
35   5.669407844543457
36   4.782049179077148
37   4.661678791046143
38   3.995208501815796
39   3.9487533569335938
40   4.3350911140441895
41   4.1338210105896
42   3.6034584045410156
43   3.881652355194092
44   4.641950607299805
45   3.4516348838806152
46   4.343610763549805
47   4.542027950286865
48   4.082420349121094
49   3.978341817855835
50   3.468594551086426
51   3.4012038707733154
52   4.279027462005615
53   4.584014892578125
54   3.4758074283599854
55   5.089756965637207
56   4.448357105255127
57   5.148232936859131
58   5.547607898712158
59   5.6326003074646
60   4.025898456573486
61   5.365452766418457
62   5.161806106567383
63   5.171063423156738
64   5.285272121429443
65   6.2104620933532715
66   5.953097343444824
67   4.718419551849365
68   5.023718357086182
69   4.376523971557617
70   5.028874397277832
71   4.923182964324951
72   5.438474655151367
73   4.630255699157715
74   4.903131008148193
75   4.913983345031738
76   4.231761455535889
77   4.7500200271606445
78   5.314757823944092
79   5.165387153625488
80   5.706984043121338
81   4.684434413909912
82   4.3493332862854
83   5.429690361022949
84   5.108097553253174
85   5.43236780166626
86   6.213554382324219
87   6.221635341644287
88   6.018265724182129
89   6.041774749755859
90   5.668492794036865
91   5.705225467681885
92   5.023064136505127
93   5.485221862792969
94   4.673354625701904
95   5.088507652282715
96   3.5916013717651367
97   4.65474796295166
98   4.784600734710693
99   5.863133907318115
100   4.735322952270508
101   4.620837688446045
102   6.26824951171875
103   5.544926166534424
104   4.220624923706055
105   4.756288051605225
106   5.170605182647705
107   5.678136348724365
108   5.836287975311279
109   5.953096389770508
110   5.878276824951172
111   4.6540751457214355
112   4.685975074768066
113   5.222253799438477
114   4.813452243804932
115   4.788341999053955
116   4.600119590759277
117   4.420339107513428
118   4.04735803604126
119   4.605040550231934
120   5.78794002532959
121   5.639859676361084
122   6.144780158996582
123   5.4681782722473145
124   3.819732666015625
125   4.91423225402832
126   5.235841274261475
127   5.932676315307617
128   6.002604007720947
129   5.368139266967773
130   5.974700450897217
131   5.691555023193359
132   5.312702655792236
133   6.527095794677734
134   6.178732395172119
135   4.91724967956543
136   5.417370796203613
137   6.218184947967529
138   6.142895698547363
139   5.99603796005249
140   5.5414814949035645
141   4.611948013305664
142   5.483870506286621
143   6.044573783874512
144   5.844171524047852
145   4.995311260223389
146   6.354112148284912
147   5.070879936218262
148   5.786351203918457
149   4.552683353424072
150   4.668856143951416
151   6.047144412994385
152   6.123499393463135
153   5.492800235748291
154   6.159542083740234
155   6.185300827026367
156   6.34801721572876
157   6.255160331726074
158   4.333594799041748
159   4.939889430999756
160   5.238058090209961
1   3.9944093227386475
2   4.115086555480957
3   4.708101749420166
4   4.267650604248047
5   4.320361137390137
6   4.630755424499512
7   5.120334625244141
8   4.565336227416992
9   4.399957656860352
10   4.404298782348633
11   5.014632225036621
12   4.329496383666992
13   4.450860977172852
14   4.590058326721191
15   4.5622453689575195
16   4.492554664611816
17   5.009960174560547
18   5.332006931304932
19   4.482664108276367
20   4.796766757965088
21   3.50875186920166
22   4.343240737915039
23   5.036674976348877
24   4.376815319061279
25   4.166121482849121
26   4.665431022644043
27   4.94775915145874
28   4.566806793212891
29   4.295480251312256
30   4.125973701477051
31   4.827376842498779
32   6.192262649536133
33   4.953162670135498
34   6.401447772979736
35   6.192663192749023
36   5.948913097381592
37   5.571928977966309
38   6.114328384399414
39   5.419074535369873
40   4.659215450286865
41   6.12067985534668
42   5.385836601257324
43   6.0778913497924805
44   6.1772661209106445
45   6.668424129486084
46   5.502004623413086
47   6.1771979331970215
48   6.34376859664917
49   6.0406975746154785
50   6.5758185386657715
51   6.094699382781982
52   5.557083606719971
53   5.624589920043945
54   6.781036853790283
55   6.170081615447998
56   6.780553340911865
57   6.202177047729492
58   5.670702934265137
59   6.610097408294678
60   6.370774745941162
61   6.040340423583984
62   5.6754560470581055
63   5.789677619934082
64   6.0773186683654785
65   5.0947394371032715
66   5.14776086807251
67   6.031956195831299
68   4.593348979949951
69   6.158433437347412
70   6.111523628234863
71   6.347044944763184
72   6.3708977699279785
73   4.922940731048584
74   4.80793571472168
75   4.017217636108398
76   5.4181413650512695
77   5.652313709259033
78   5.5373735427856445
79   4.121492862701416
80   4.961683750152588
81   4.9850358963012695
82   4.949923038482666
83   5.060774326324463
84   3.7530300617218018
85   5.678033351898193
86   5.5606913566589355
87   4.6379313468933105
88   4.206261157989502
89   4.381025314331055
90   4.1706390380859375
91   4.006558895111084
92   5.275008678436279
93   4.296468257904053
94   3.62483549118042
95   4.370082378387451
96   4.386251449584961
97   4.026379585266113
98   5.060299396514893
99   4.642558574676514
100   4.390180587768555
101   5.316911697387695
102   4.822054862976074
103   4.658973217010498
104   4.692602157592773
105   5.148470878601074
106   6.075953483581543
107   5.035083770751953
108   4.871630668640137
109   5.286447525024414
110   6.020800590515137
111   5.026551723480225
112   5.210923194885254
113   5.2060322761535645
114   5.785280227661133
115   5.774288177490234
116   4.8050456047058105
117   4.852495193481445
118   4.803643703460693
119   5.136222839355469
120   5.792028427124023
121   5.375295162200928
122   5.1122636795043945
123   5.920876502990723
124   5.130485534667969
125   4.181596279144287
126   4.460704326629639
127   5.193401336669922
128   5.254675388336182
129   4.968044757843018
130   5.4213433265686035
131   5.692805767059326
132   4.23482608795166
133   4.8410868644714355
134   4.521117687225342
135   5.440401077270508
136   5.415106296539307
137   5.6446356773376465
138   6.532522678375244
139   6.264081001281738
140   5.806147575378418
141   4.899387836456299
142   5.542504787445068
143   4.050838470458984
144   6.514320373535156
145   5.376287460327148
146   4.926747798919678
147   6.205066204071045
148   5.702663898468018
149   4.767761707305908
150   5.342568397521973
151   4.736691951751709
152   5.698485374450684
153   5.281546115875244
154   4.183997631072998
155   4.189892292022705
156   5.056351184844971
157   4.994315147399902
158   4.69027042388916
159   3.720290422439575
160   4.433801651000977
161   4.79947566986084
162   4.221871852874756
163   4.480585098266602
164   4.086510181427002
