0   0.0
1   1.4809842109680176
2   1.4519490003585815
3   1.2975176572799683
4   1.4715946912765503
5   1.26815927028656
6   1.3579835891723633
7   1.423789143562317
8   1.3893940448760986
9   1.563949465751648
10   1.2774286270141602
11   1.3837107419967651
12   1.5815335512161255
13   1.782225251197815
14   2.3209638595581055
15   2.6743876934051514
16   2.717707395553589
17   1.69390070438385
18   2.581261157989502
19   2.440370559692383
20   2.539255380630493
21   2.6634302139282227
22   2.7230143547058105
23   2.367640256881714
24   2.950056552886963
25   2.063711643218994
26   2.106830596923828
27   2.564506769180298
28   2.7062835693359375
29   3.1485257148742676
30   2.3621068000793457
31   2.202840566635132
32   1.5811381340026855
33   2.355250120162964
34   2.761883020401001
35   2.444859743118286
36   1.7648258209228516
37   2.1102094650268555
38   2.127441644668579
39   2.6132636070251465
40   2.3861236572265625
41   1.8240031003952026
42   1.7449328899383545
43   1.992741346359253
44   2.858208417892456
45   2.2932851314544678
46   2.9987828731536865
47   2.9009430408477783
48   2.2104580402374268
49   2.1477975845336914
50   3.0845940113067627
51   1.5838381052017212
52   2.0484344959259033
53   3.288564682006836
54   2.4984357357025146
55   2.1166467666625977
56   2.3503293991088867
57   2.6279215812683105
58   2.3571927547454834
59   2.0229620933532715
60   2.6095855236053467
61   2.727520704269409
62   2.487335681915283
63   2.5618159770965576
64   2.941793203353882
65   2.781172752380371
66   2.817094087600708
67   1.7915780544281006
68   2.4453394412994385
69   2.373518228530884
70   2.629136323928833
71   2.078883647918701
72   2.297226667404175
73   2.28220534324646
74   1.8821430206298828
75   3.0261480808258057
76   3.706785202026367
77   1.9175084829330444
78   2.270763397216797
79   2.8011324405670166
80   2.457723379135132
81   2.996452808380127
82   3.6241798400878906
83   3.381563901901245
84   3.624591827392578
85   3.872957229614258
86   3.7871365547180176
87   3.6474010944366455
88   3.8711435794830322
89   3.017328977584839
90   2.426441192626953
91   2.9889166355133057
92   2.255275249481201
93   2.7379488945007324
94   2.1506214141845703
95   3.231539011001587
96   3.316362142562866
97   3.2463507652282715
98   3.021697521209717
99   3.3781135082244873
100   2.377556324005127
101   2.7499935626983643
102   2.829993963241577
103   2.5537757873535156
104   2.034952163696289
105   1.7302416563034058
106   2.756570339202881
107   3.292121648788452
108   2.8791162967681885
109   3.204334259033203
110   2.9727156162261963
111   2.9416441917419434
112   2.965425968170166
113   3.176985025405884
114   1.4859563112258911
115   2.2854230403900146
116   3.3355531692504883
117   2.563239336013794
118   2.332505464553833
119   2.440333843231201
120   2.120910406112671
121   2.2049643993377686
122   2.522733449935913
123   2.819993257522583
124   3.496201992034912
125   3.021324872970581
126   3.6560251712799072
127   4.045499801635742
128   3.645230531692505
129   2.7979867458343506
130   2.303393840789795
131   2.4839773178100586
132   2.5243749618530273
133   1.5562686920166016
134   1.4743587970733643
135   2.664949417114258
136   2.371147632598877
137   2.367360830307007
138   2.3737692832946777
139   2.54386568069458
140   1.62674880027771
141   2.707549810409546
142   2.0166285037994385
143   2.319706439971924
144   2.8678863048553467
145   2.941070318222046
146   3.103271722793579
147   2.7386457920074463
148   2.8585612773895264
149   2.063582181930542
150   2.81850266456604
151   2.7823894023895264
152   2.8349316120147705
153   2.49058198928833
154   2.9123542308807373
155   3.333061933517456
156   2.5164575576782227
157   3.064272403717041
158   2.706428289413452
159   1.8966996669769287
160   2.448533058166504
161   2.3842484951019287
162   2.5286803245544434
163   3.5853934288024902
164   3.291050910949707
165   3.5284383296966553
166   3.1424646377563477
167   3.0791022777557373
168   3.3104636669158936
169   4.737234115600586
170   3.0381617546081543
171   2.964031457901001
172   2.375154495239258
173   1.9248653650283813
174   2.9024016857147217
175   2.2922816276550293
176   2.9395344257354736
177   2.1507434844970703
178   3.173029899597168
179   3.1130406856536865
180   2.40220308303833
181   2.953411102294922
182   2.343986749649048
183   2.8153228759765625
184   2.5365772247314453
185   3.2551095485687256
186   2.833923816680908
187   3.3542416095733643
188   3.252291202545166
189   2.8901774883270264
190   2.7788331508636475
191   2.887197256088257
192   2.813276529312134
193   3.7617523670196533
194   2.9901163578033447
195   2.749797821044922
196   2.6655378341674805
197   2.947803020477295
198   2.8048341274261475
199   2.2156457901000977
200   3.4975366592407227
201   3.012174606323242
202   3.2145464420318604
203   4.024454593658447
204   2.207310676574707
205   2.481818675994873
206   2.575378179550171
207   1.0932590961456299
208   2.459812879562378
209   2.2811152935028076
210   1.9112828969955444
211   2.100365161895752
212   1.739782452583313
213   2.0524282455444336
1   1.8898437023162842
2   1.7135329246520996
3   1.7406432628631592
4   1.859424352645874
5   2.0236990451812744
6   3.373133659362793
7   3.0889229774475098
8   3.293910026550293
9   3.1942408084869385
10   2.586862325668335
11   2.835022211074829
12   2.8298451900482178
13   2.810892343521118
14   2.001310348510742
15   2.3334286212921143
16   2.230515480041504
17   3.2135250568389893
18   2.791832447052002
19   2.598198413848877
20   2.5345582962036133
1   3.25044846534729
2   3.2578012943267822
3   2.7762959003448486
4   3.3359155654907227
5   2.9010114669799805
6   2.3073651790618896
7   2.543591260910034
8   3.093275308609009
9   3.1271798610687256
10   2.8058066368103027
11   2.5240607261657715
12   2.1575825214385986
13   2.915024757385254
14   3.459368944168091
15   3.6552324295043945
16   2.3985555171966553
17   2.0786383152008057
18   2.9251139163970947
19   2.971975088119507
20   3.2228915691375732
21   2.828580379486084
22   3.2441585063934326
23   2.618435859680176
24   1.5695475339889526
25   1.6567991971969604
26   2.5503296852111816
27   3.4494504928588867
28   3.192967176437378
29   2.758408546447754
30   2.970851182937622
31   2.401188611984253
32   2.8106541633605957
33   3.1856775283813477
34   3.126311779022217
35   2.9053759574890137
36   2.4427123069763184
37   2.3705830574035645
38   1.881524920463562
39   3.063081979751587
40   3.245382308959961
41   3.5365753173828125
42   3.2543411254882813
43   3.8276705741882324
44   2.9929516315460205
45   3.6014585494995117
46   3.978093147277832
47   2.76249098777771
48   3.413703441619873
49   3.806217670440674
50   3.7204298973083496
51   3.0137290954589844
52   2.9531612396240234
53   3.265977144241333
54   4.084904193878174
55   2.124225616455078
56   2.585526704788208
57   2.1825764179229736
58   1.6863288879394531
59   2.5242371559143066
60   2.2232658863067627
61   1.860098958015442
62   2.8748433589935303
63   2.11845064163208
64   2.5572452545166016
65   2.7895307540893555
66   2.597898244857788
67   2.553177833557129
68   2.0393097400665283
69   3.368584394454956
70   3.317298412322998
71   2.7597970962524414
72   2.7054147720336914
73   1.8545937538146973
74   2.518444538116455
75   2.3624789714813232
76   2.4505486488342285
77   2.1728174686431885
78   2.4996306896209717
79   2.310319662094116
80   2.2292397022247314
81   2.251326084136963
82   2.1695594787597656
83   1.99064302444458
84   2.7688024044036865
85   2.7976412773132324
86   2.996469020843506
87   2.3304812908172607
88   2.313204288482666
89   2.453632116317749
90   2.3597562313079834
91   3.2671680450439453
92   2.7871997356414795
93   3.062551736831665
94   2.695643186569214
95   2.552459478378296
96   1.7295175790786743
97   2.1995081901550293
98   3.605552911758423
99   3.061220169067383
100   2.002821445465088
101   2.642373561859131
102   3.063371419906616
103   3.035153388977051
104   2.629479169845581
105   2.6532492637634277
106   2.65527081489563
107   2.61393141746521
108   2.9981181621551514
109   2.673492193222046
110   2.2950456142425537
111   2.2979655265808105
112   1.9430845975875854
113   2.6040329933166504
114   2.781208038330078
115   2.731951951980591
116   2.590858221054077
117   2.740851879119873
118   2.8112432956695557
119   3.1270620822906494
120   3.2246477603912354
121   2.9156060218811035
122   2.1825246810913086
123   2.770948886871338
124   2.6494596004486084
125   2.8777832984924316
126   2.9291701316833496
127   2.911712646484375
128   3.554600954055786
129   2.6412906646728516
130   2.909989595413208
131   2.5744075775146484
132   2.7606098651885986
133   2.659801959991455
134   2.6194398403167725
135   2.659316062927246
136   2.569692611694336
137   2.4104995727539063
138   2.8988659381866455
139   2.1924047470092773
140   1.4438177347183228
141   2.4750030040740967
142   2.5856130123138428
143   2.3177053928375244
144   2.8150901794433594
145   2.5184245109558105
146   2.6200971603393555
147   2.3029942512512207
148   2.4885752201080322
149   2.997846841812134
150   3.852029323577881
151   3.5720362663269043
152   3.5106935501098633
153   3.0883915424346924
154   2.753418207168579
155   2.876122236251831
156   2.347374677658081
157   2.1157286167144775
158   1.918147325515747
159   2.6709165573120117
160   1.9935075044631958
1   2.450535535812378
2   3.7579867839813232
3   3.230865716934204
4   2.3385298252105713
5   2.362062692642212
6   2.378473997116089
7   2.853862762451172
8   3.2015042304992676
9   2.82926344871521
10   3.2611825466156006
11   3.0439765453338623
12   2.9823617935180664
13   2.959245443344116
14   3.0288004875183105
15   3.081695079803467
16   3.4769067764282227
17   2.325223684310913
18   3.082192897796631
19   3.3582534790039063
20   2.8706533908843994
21   2.924487352371216
22   2.7179203033447266
23   3.518627405166626
24   1.602027177810669
25   2.348421096801758
26   2.3316876888275146
27   3.0191922187805176
28   1.6424880027770996
29   1.9979227781295776
30   2.498321056365967
31   2.036290168762207
32   2.12038254737854
33   1.8900665044784546
34   3.139291763305664
35   2.4175539016723633
36   2.792576551437378
37   2.032571792602539
38   2.070786476135254
39   2.2599189281463623
40   1.9696143865585327
41   1.7299379110336304
42   1.578649878501892
43   2.637510061264038
44   3.017124652862549
45   2.786802291870117
46   2.6714041233062744
47   2.711289405822754
48   2.5671780109405518
49   2.2519354820251465
50   2.672370672225952
51   1.7481422424316406
52   2.923643112182617
53   2.2342617511749268
54   2.43220591545105
55   2.156480550765991
56   2.456052780151367
57   2.596876859664917
58   2.0549323558807373
59   2.1716485023498535
60   2.296135187149048
61   2.535072088241577
62   2.0964558124542236
63   2.949479579925537
64   3.3941237926483154
65   3.4090354442596436
66   2.579317092895508
67   2.7113471031188965
68   2.3710315227508545
69   2.813477039337158
70   2.0226917266845703
71   2.440145492553711
72   2.2886080741882324
73   2.8006911277770996
74   2.963444948196411
75   2.727480411529541
76   3.2172977924346924
77   3.1962099075317383
78   2.855827808380127
79   3.0272529125213623
80   2.5087575912475586
81   2.026350975036621
82   3.1295180320739746
83   1.625102162361145
84   2.3475959300994873
85   2.152855157852173
86   2.5113868713378906
87   1.9196207523345947
88   2.7836732864379883
89   2.7172467708587646
90   1.4601410627365112
91   1.966503381729126
92   2.5786852836608887
93   2.6367104053497314
94   3.330127716064453
95   3.5258567333221436
96   3.3995137214660645
97   2.212440252304077
98   2.358351230621338
99   1.7109005451202393
100   3.287872076034546
101   2.363445281982422
102   2.244072437286377
103   2.438764810562134
104   2.0675926208496094
105   2.63811993598938
106   2.452314853668213
107   2.437091588973999
108   2.657137393951416
109   3.043099880218506
110   2.2024688720703125
111   2.609469413757324
112   2.5163397789001465
113   2.585618734359741
114   2.4867401123046875
115   1.940906286239624
116   2.3812098503112793
117   2.515401601791382
118   2.1495673656463623
119   2.249831199645996
120   3.177696466445923
121   1.7764259576797485
122   2.4593992233276367
123   2.405532121658325
124   2.9585928916931152
125   2.9812111854553223
126   2.1254663467407227
127   2.546743392944336
128   2.5333428382873535
129   1.84119713306427
130   1.9993230104446411
131   2.5648140907287598
132   2.293325662612915
133   1.7046726942062378
134   2.591679573059082
135   2.9488534927368164
136   2.4312427043914795
137   2.2145092487335205
138   3.139366626739502
139   2.7591190338134766
140   2.6933658123016357
141   2.5832552909851074
142   2.274620532989502
143   1.9576830863952637
144   2.729008197784424
145   1.859977126121521
146   2.2351255416870117
147   2.642202854156494
148   2.8928000926971436
149   2.677595853805542
150   2.839897394180298
151   2.540731906890869
152   2.4594457149505615
153   2.8322558403015137
154   2.869990825653076
155   2.7725439071655273
156   2.8811113834381104
157   2.2947676181793213
158   2.418994188308716
159   2.818652868270874
160   2.762491226196289
161   2.501685857772827
162   3.0537781715393066
163   3.0900075435638428
164   2.747509241104126
