0   0.0
1   0.21228790283203125
2   0.2049233764410019
3   0.2056211233139038
4   0.21133644878864288
5   0.20516903698444366
6   0.20109152793884277
7   0.20926335453987122
8   0.21223150193691254
9   0.2516838312149048
10   0.29833468794822693
11   0.4174453318119049
12   0.4858008921146393
13   0.8022202253341675
14   2.319672107696533
15   2.0848143100738525
16   2.104482412338257
17   2.090847969055176
18   1.8949542045593262
19   2.0524654388427734
20   2.296710968017578
21   2.2016806602478027
22   2.1503782272338867
23   1.9358196258544922
24   2.0960474014282227
25   1.8647119998931885
26   1.7745956182479858
27   2.003998041152954
28   1.8813530206680298
29   2.0687930583953857
30   2.3321475982666016
31   1.8588811159133911
32   1.68755304813385
33   2.164964437484741
34   2.2392730712890625
35   2.2575480937957764
36   2.1676952838897705
37   1.8346363306045532
38   1.7716333866119385
39   2.0671279430389404
40   2.2460222244262695
41   2.0431106090545654
42   1.889061450958252
43   2.3938941955566406
44   2.028043270111084
45   2.0675618648529053
46   2.545311689376831
47   2.120009183883667
48   1.9639774560928345
49   2.1427502632141113
50   1.8634388446807861
51   1.8739567995071411
52   1.819647192955017
53   1.9408234357833862
54   1.9126836061477661
55   2.0899181365966797
56   2.08272385597229
57   2.110464572906494
58   2.1312408447265625
59   2.0452663898468018
60   1.8006279468536377
61   2.2132160663604736
62   1.8633722066879272
63   1.891055703163147
64   2.6312992572784424
65   2.1967272758483887
66   2.229112148284912
67   2.0678493976593018
68   1.8523536920547485
69   1.8460824489593506
70   1.8210569620132446
71   2.145127058029175
72   2.0987138748168945
73   2.026637315750122
74   2.1125144958496094
75   2.238485813140869
76   3.0378386974334717
77   1.9044528007507324
78   2.841402053833008
79   2.0812923908233643
80   1.9652628898620605
81   2.1346628665924072
82   2.140704870223999
83   2.3711037635803223
84   3.128349542617798
85   2.4575788974761963
86   2.5697669982910156
87   2.0068209171295166
88   2.7296409606933594
89   2.54379940032959
90   2.1025471687316895
91   1.9139858484268188
92   2.3599696159362793
93   2.1644983291625977
94   2.3039844036102295
95   2.0220353603363037
96   2.0773212909698486
97   2.0209333896636963
98   2.15219783782959
99   2.299673080444336
100   2.3528940677642822
101   2.3849539756774902
102   2.516744375228882
103   2.3289413452148438
104   1.9185693264007568
105   1.945934534072876
106   1.929813265800476
107   2.1350786685943604
108   2.1349287033081055
109   1.9457603693008423
110   2.1640937328338623
111   2.3843867778778076
112   1.9793444871902466
113   2.6318843364715576
114   2.1071600914001465
115   1.8244163990020752
116   2.1428098678588867
117   2.1059718132019043
118   2.080144166946411
119   2.175049304962158
120   1.668820858001709
121   2.1956207752227783
122   2.36381459236145
123   2.4334089756011963
124   2.092045307159424
125   2.233114004135132
126   2.4312422275543213
127   2.3074536323547363
128   2.8267667293548584
129   1.8775845766067505
130   2.1910104751586914
131   2.2312753200531006
132   2.452296018600464
133   2.216235637664795
134   1.8940081596374512
135   2.0518012046813965
136   2.090756416320801
137   2.120645761489868
138   2.2789580821990967
139   2.159742832183838
140   2.2359988689422607
141   2.164738416671753
142   1.9337730407714844
143   2.2225356101989746
144   2.460681200027466
145   2.3999574184417725
146   2.398817539215088
147   2.409325122833252
148   2.5366835594177246
149   2.4357829093933105
150   2.4827942848205566
151   2.7141971588134766
152   2.4866130352020264
153   2.2883074283599854
154   2.5633106231689453
155   2.464369535446167
156   2.372835636138916
157   2.3031935691833496
158   2.565816879272461
159   2.421926259994507
160   2.2239186763763428
161   2.345703601837158
162   2.420238971710205
163   2.2473599910736084
164   2.407604694366455
165   2.8865432739257813
166   2.596736431121826
167   2.3644378185272217
168   2.6153080463409424
169   2.8976893424987793
170   2.247735023498535
171   2.161680221557617
172   2.328608512878418
173   2.261831760406494
174   2.3323757648468018
175   2.3126373291015625
176   2.164233446121216
177   2.3752381801605225
178   2.463418960571289
179   2.5588412284851074
180   2.547191858291626
181   2.540691614151001
182   2.4709815979003906
183   2.4062323570251465
184   2.3978710174560547
185   2.3791329860687256
186   2.6251916885375977
187   2.5035290718078613
188   2.5630149841308594
189   2.055016279220581
190   2.566932201385498
191   2.469120740890503
192   2.4143807888031006
193   2.4694950580596924
194   2.338031768798828
195   2.29018497467041
196   2.528150796890259
197   2.271927833557129
198   2.4357619285583496
199   2.540402889251709
200   2.4029998779296875
201   2.4235446453094482
202   2.386211633682251
203   2.886972188949585
204   2.2977166175842285
205   2.0285003185272217
206   1.8916345834732056
207   1.857408046722412
208   1.6229557991027832
209   1.9411935806274414
210   2.0785369873046875
211   2.135326862335205
212   2.1853044033050537
213   2.241164207458496
1   2.270970106124878
2   2.3251211643218994
3   2.3198297023773193
4   2.1075572967529297
5   2.354680299758911
6   2.2401111125946045
7   2.104391574859619
8   2.0835161209106445
9   2.197540760040283
10   2.2019102573394775
11   2.0145645141601563
12   2.300382614135742
13   2.202296018600464
14   2.1229562759399414
15   2.2438571453094482
16   1.8440524339675903
17   2.3550894260406494
18   2.2527523040771484
19   1.949092149734497
20   2.113447427749634
1   2.0303311347961426
2   1.8884931802749634
3   1.9484373331069946
4   2.162977695465088
5   2.3856186866760254
6   2.13004469871521
7   2.3731391429901123
8   2.403717041015625
9   2.051389455795288
10   2.29728364944458
11   2.0254178047180176
12   2.4196178913116455
13   2.0293660163879395
14   2.343618869781494
15   2.3265061378479004
16   2.346651554107666
17   2.1341159343719482
18   2.060702323913574
19   2.118277072906494
20   2.119333267211914
21   2.276867151260376
22   1.9817453622817993
23   2.1261980533599854
24   2.148979902267456
25   2.1801822185516357
26   2.3339574337005615
27   2.157073974609375
28   2.1597042083740234
29   2.1562118530273438
30   1.9676759243011475
31   2.0463809967041016
32   1.9225550889968872
33   2.1753499507904053
34   2.210388660430908
35   2.0678117275238037
36   1.9765127897262573
37   2.034999132156372
38   1.8437026739120483
39   1.7602427005767822
40   1.8753665685653687
41   2.345435619354248
42   2.4329659938812256
43   2.395141363143921
44   1.989903450012207
45   2.301685333251953
46   2.384610891342163
47   2.113542079925537
48   2.0375850200653076
49   2.0814766883850098
50   2.1154661178588867
51   2.4221479892730713
52   1.9166173934936523
53   2.55165958404541
54   2.244868278503418
55   2.1295487880706787
56   2.109619140625
57   2.471475124359131
58   2.20959210395813
59   2.343088150024414
60   2.1369550228118896
61   2.0016489028930664
62   2.084676742553711
63   2.236713409423828
64   2.3173272609710693
65   1.9467840194702148
66   2.0841469764709473
67   2.3435604572296143
68   2.35131573677063
69   1.9156490564346313
70   2.4273526668548584
71   2.3024814128875732
72   2.277353525161743
73   2.0909907817840576
74   2.3211159706115723
75   2.3133952617645264
76   2.0778896808624268
77   2.485422372817993
78   2.201995849609375
79   2.2954251766204834
80   1.9648747444152832
81   1.9665054082870483
82   2.2718873023986816
83   2.237070083618164
84   1.8864965438842773
85   2.865535259246826
86   2.481851100921631
87   2.369462013244629
88   2.54303240776062
89   2.0548906326293945
90   2.1958651542663574
91   2.031928062438965
92   2.0228824615478516
93   2.2370080947875977
94   2.006371021270752
95   2.569455146789551
96   1.839255690574646
97   2.1045618057250977
98   2.5120742321014404
99   2.061264991760254
100   1.9751918315887451
101   2.140744209289551
102   2.2261171340942383
103   2.342003583908081
104   2.172003984451294
105   2.134775400161743
106   2.4934275150299072
107   2.2295145988464355
108   1.9157177209854126
109   1.9145774841308594
110   1.942804217338562
111   2.0779225826263428
112   2.044783353805542
113   1.922768235206604
114   2.190913677215576
115   2.3687527179718018
116   2.008574962615967
117   2.2426984310150146
118   2.074613094329834
119   2.1029915809631348
120   2.4413700103759766
121   1.7633671760559082
122   2.2029387950897217
123   2.2555835247039795
124   2.0685884952545166
125   2.2235255241394043
126   2.084878444671631
127   2.2539219856262207
128   2.181133985519409
129   2.0007171630859375
130   2.097356081008911
131   1.9221127033233643
132   1.8553622961044312
133   1.950251817703247
134   1.8842740058898926
135   1.9350895881652832
136   1.9065009355545044
137   1.876999020576477
138   2.167971134185791
139   2.078387498855591
140   2.050288677215576
141   1.9516249895095825
142   1.863897442817688
143   1.9411371946334839
144   1.8812966346740723
145   1.9359370470046997
146   2.078385829925537
147   1.9701288938522339
148   1.9534350633621216
149   2.173966884613037
150   2.1546425819396973
151   2.128183126449585
152   2.2261106967926025
153   2.3499341011047363
154   2.0450446605682373
155   2.0999722480773926
156   2.172074556350708
157   1.7586830854415894
158   1.80221426486969
159   2.150622844696045
160   2.3685131072998047
1   1.9947400093078613
2   2.2140114307403564
3   1.8732993602752686
4   2.4997453689575195
5   2.2454779148101807
6   2.461226224899292
7   1.955652117729187
8   1.8605412244796753
9   1.7070304155349731
10   1.81161367893219
11   1.7895272970199585
12   1.830613136291504
13   1.7573271989822388
14   1.8599629402160645
15   2.314117670059204
16   2.283144474029541
17   2.2391133308410645
18   2.2211976051330566
19   1.9726858139038086
20   1.7645283937454224
21   2.353581190109253
22   1.9164196252822876
23   1.9403139352798462
24   1.8170865774154663
25   1.9721719026565552
26   1.881710171699524
27   1.9424235820770264
28   2.047645330429077
29   2.0588126182556152
30   2.0717685222625732
31   2.024451494216919
32   2.0341882705688477
33   1.8650574684143066
34   2.359096050262451
35   2.4179861545562744
36   2.1093592643737793
37   2.1356332302093506
38   1.7727651596069336
39   2.0826075077056885
40   1.841994047164917
41   2.0797204971313477
42   1.8864753246307373
43   2.2160611152648926
44   2.011186361312866
45   2.042905569076538
46   2.196639060974121
47   2.216886281967163
48   1.898195743560791
49   1.7694807052612305
50   2.5784451961517334
51   2.051771640777588
52   2.0951623916625977
53   1.8639252185821533
54   2.2234034538269043
55   1.8262288570404053
56   2.2034852504730225
57   2.080897808074951
58   1.8832141160964966
59   1.967268705368042
60   1.9116240739822388
61   2.3978652954101563
62   2.0942161083221436
63   1.9490092992782593
64   2.3469927310943604
65   2.2239365577697754
66   2.240499496459961
67   1.8241714239120483
68   2.186384916305542
69   2.2018980979919434
70   1.6874125003814697
71   2.06557035446167
72   2.2699532508850098
73   2.288888692855835
74   1.9812995195388794
75   2.7329232692718506
76   2.423595666885376
77   1.9438695907592773
78   2.053990364074707
79   2.1959991455078125
80   1.9129046201705933
81   2.329422950744629
82   1.895874261856079
83   1.8388148546218872
84   2.0626933574676514
85   2.2867560386657715
86   1.9317549467086792
87   1.869871973991394
88   2.1163675785064697
89   2.209217071533203
90   1.890299916267395
91   2.108820915222168
92   2.3714795112609863
93   2.071007490158081
94   1.91399085521698
95   2.2165732383728027
96   1.979477047920227
97   2.228644847869873
98   2.1107842922210693
99   1.8809131383895874
100   2.0563840866088867
101   2.143599271774292
102   1.9099451303482056
103   1.7845810651779175
104   2.1210296154022217
105   2.265284538269043
106   1.7859777212142944
107   2.1436455249786377
108   1.9162462949752808
109   2.4599812030792236
110   2.056239366531372
111   2.121188163757324
112   2.093188524246216
113   2.017277956008911
114   2.5553646087646484
115   2.4580094814300537
116   1.826665997505188
117   1.7851945161819458
118   1.882519245147705
119   2.0832436084747314
120   2.4520750045776367
121   1.9744718074798584
122   1.9379771947860718
123   2.1156718730926514
124   2.0526199340820313
125   2.031733751296997
126   2.287649393081665
127   2.061432123184204
128   2.198505401611328
129   2.0115978717803955
130   2.2955007553100586
131   2.4348490238189697
132   2.044090509414673
133   2.0998833179473877
134   1.8988449573516846
135   2.041961908340454
136   1.933396339416504
137   2.0774574279785156
138   2.138030529022217
139   2.2439396381378174
140   2.086710214614868
141   2.0364723205566406
142   2.021949052810669
143   2.0312840938568115
144   2.2777862548828125
145   2.101966381072998
146   2.126542568206787
147   2.074775218963623
148   2.3240103721618652
149   2.077918291091919
150   2.0225982666015625
151   1.9806461334228516
152   1.9832053184509277
153   2.4426026344299316
154   2.275631904602051
155   2.303434371948242
156   2.2204906940460205
157   2.318890333175659
158   2.1880693435668945
159   2.2785439491271973
160   2.1039512157440186
161   2.2098143100738525
162   2.0206096172332764
163   2.3653290271759033
164   2.025390625
