0   0.0
1   0.18779920041561127
2   0.20488207042217255
3   0.1963859498500824
4   0.19495290517807007
5   0.19631682336330414
6   0.1818002462387085
7   0.18483033776283264
8   0.20310688018798828
9   0.23154951632022858
10   0.2696255147457123
11   0.3894776403903961
12   0.4197552502155304
13   0.8005285263061523
14   2.4206149578094482
15   2.1369621753692627
16   2.159935474395752
17   2.2719500064849854
18   1.9325830936431885
19   2.221311092376709
20   2.327353000640869
21   2.2632648944854736
22   2.3301379680633545
23   2.0083940029144287
24   2.3180603981018066
25   1.9666756391525269
26   1.8954904079437256
27   2.094259738922119
28   1.9641658067703247
29   2.235701084136963
30   2.421064853668213
31   1.9616936445236206
32   1.7820816040039063
33   2.190045118331909
34   2.302454710006714
35   2.277580976486206
36   2.2636947631835938
37   1.9505857229232788
38   1.914219617843628
39   2.240093469619751
40   2.358332872390747
41   2.227510690689087
42   1.904231309890747
43   2.516019821166992
44   2.037879228591919
45   2.0610759258270264
46   2.5468714237213135
47   2.043091058731079
48   2.0334067344665527
49   2.0462276935577393
50   1.8295456171035767
51   1.9708542823791504
52   1.8651551008224487
53   2.039947032928467
54   1.9076703786849976
55   2.1560025215148926
56   2.184044361114502
57   2.15975284576416
58   2.1685643196105957
59   2.1038076877593994
60   1.8610162734985352
61   2.3145387172698975
62   1.870906949043274
63   1.9112048149108887
64   2.637180805206299
65   2.0502095222473145
66   2.166219472885132
67   2.074662446975708
68   1.8455091714859009
69   1.9498564004898071
70   1.8080954551696777
71   2.3500146865844727
72   2.3727591037750244
73   2.2745492458343506
74   2.3396637439727783
75   2.517326593399048
76   3.288987636566162
77   1.9535213708877563
78   2.865724563598633
79   2.120330572128296
80   1.9513639211654663
81   2.0195624828338623
82   2.003938674926758
83   2.5382332801818848
84   3.412264585494995
85   2.504511594772339
86   2.836918592453003
87   1.9661903381347656
88   2.9506783485412598
89   2.6385202407836914
90   1.9536083936691284
91   1.949498176574707
92   2.1870603561401367
93   1.9131382703781128
94   2.175550699234009
95   1.9288883209228516
96   1.9518407583236694
97   1.8243281841278076
98   1.978957176208496
99   2.199277400970459
100   2.115579128265381
101   2.283454656600952
102   2.5773820877075195
103   2.2487027645111084
104   1.7530745267868042
105   2.096630811691284
106   2.170499563217163
107   2.3547751903533936
108   2.303645133972168
109   2.1235437393188477
110   2.3649063110351563
111   2.572709798812866
112   2.033158779144287
113   2.9186928272247314
114   2.1693358421325684
115   2.037149429321289
116   2.2679998874664307
117   2.281808853149414
118   2.266871690750122
119   2.380164384841919
120   1.8818835020065308
121   2.472430944442749
122   2.5215840339660645
123   2.2658259868621826
124   1.951192855834961
125   2.1784181594848633
126   2.5131006240844727
127   2.23130464553833
128   3.0829732418060303
129   1.7484936714172363
130   2.1696677207946777
131   2.0810394287109375
132   2.420652389526367
133   2.299147129058838
134   1.994502067565918
135   2.1843647956848145
136   2.243734359741211
137   2.149282217025757
138   2.5416207313537598
139   2.3246045112609863
140   2.3719499111175537
141   2.3747658729553223
142   2.1239676475524902
143   2.3746097087860107
144   2.401344060897827
145   2.383380174636841
146   2.3172881603240967
147   2.39074969291687
148   2.5378079414367676
149   2.2234904766082764
150   2.251375913619995
151   2.4338297843933105
152   2.1100594997406006
153   2.27323055267334
154   2.3688602447509766
155   1.9828022718429565
156   1.89516019821167
157   1.9617682695388794
158   2.298936605453491
159   2.3594894409179688
160   2.1335489749908447
161   2.279778003692627
162   2.316680669784546
163   1.926609992980957
164   2.333855152130127
165   2.797807216644287
166   2.4421653747558594
167   1.9211020469665527
168   2.6549925804138184
169   2.8690602779388428
170   2.241131067276001
171   2.093438148498535
172   2.358954429626465
173   2.005112648010254
174   2.4385321140289307
175   2.4686717987060547
176   2.375319480895996
177   2.221303939819336
178   2.1676270961761475
179   2.2542386054992676
180   2.2101845741271973
181   2.3779213428497314
182   2.3084840774536133
183   2.046384572982788
184   2.1659796237945557
185   2.3423092365264893
186   2.5253546237945557
187   2.1989572048187256
188   2.3231287002563477
189   1.8100088834762573
190   2.4884793758392334
191   2.117274045944214
192   1.9444156885147095
193   2.121826410293579
194   2.338174819946289
195   1.9653735160827637
196   2.2664406299591064
197   2.3682429790496826
198   2.322134017944336
199   2.3872618675231934
200   2.1732771396636963
201   2.155086040496826
202   1.9884579181671143
203   2.946279287338257
204   2.1163229942321777
205   1.9412368535995483
206   1.9458420276641846
207   1.9597760438919067
208   1.6931853294372559
209   1.9689676761627197
210   2.1224524974823
211   2.232619524002075
212   2.222374200820923
213   2.115935802459717
1   2.31512451171875
2   2.2461469173431396
3   2.3285210132598877
4   2.0766661167144775
5   2.2864272594451904
6   2.2293541431427
7   2.1470236778259277
8   2.227750778198242
9   2.217151641845703
10   2.026078939437866
11   2.0565733909606934
12   2.1170430183410645
13   2.116835117340088
14   2.025747299194336
15   2.2308266162872314
16   1.7867345809936523
17   2.301900863647461
18   2.23014497756958
19   2.0368905067443848
20   2.136209487915039
1   2.1544458866119385
2   1.8527412414550781
3   1.9768669605255127
4   2.1759207248687744
5   2.282931089401245
6   2.000842809677124
7   2.151028633117676
8   2.3065450191497803
9   2.0651252269744873
10   2.3089759349823
11   1.9100223779678345
12   2.188098192214966
13   1.8931424617767334
14   2.202934741973877
15   2.1806552410125732
16   2.315256118774414
17   2.3574039936065674
18   2.1893270015716553
19   2.043095827102661
20   1.9929192066192627
21   2.392411470413208
22   1.7624239921569824
23   2.0465781688690186
24   2.1109440326690674
25   2.2030298709869385
26   2.3482022285461426
27   2.001469373703003
28   2.0185346603393555
29   2.311245918273926
30   2.1322691440582275
31   2.2774195671081543
32   2.1455254554748535
33   2.355264902114868
34   2.218679904937744
35   2.2434520721435547
36   2.1848535537719727
37   2.2073142528533936
38   1.9221177101135254
39   1.8884185552597046
40   1.971819281578064
41   2.421341896057129
42   2.6719741821289063
43   2.5365841388702393
44   2.1606357097625732
45   2.499692916870117
46   2.6395537853240967
47   2.2316412925720215
48   2.114555597305298
49   2.24565052986145
50   2.0160622596740723
51   2.415264844894409
52   1.6650614738464355
53   2.5144128799438477
54   2.212893009185791
55   2.0337600708007813
56   2.067636728286743
57   2.5194106101989746
58   2.39715313911438
59   2.5568439960479736
60   2.1505093574523926
61   2.0511631965637207
62   2.1766324043273926
63   2.4516689777374268
64   2.624605655670166
65   2.1207430362701416
66   2.2263259887695313
67   2.5444345474243164
68   2.5534517765045166
69   2.0975990295410156
70   2.559727907180786
71   2.4642114639282227
72   2.43422532081604
73   2.304621458053589
74   2.4188194274902344
75   2.5178093910217285
76   2.2382946014404297
77   2.5018837451934814
78   2.2493321895599365
79   2.3751296997070313
80   2.1886861324310303
81   2.039120674133301
82   2.3311188220977783
83   2.547804117202759
84   2.1202774047851563
85   3.0944793224334717
86   2.6442482471466064
87   2.609610080718994
88   2.6968815326690674
89   2.1066296100616455
90   2.380298376083374
91   2.1285512447357178
92   2.1275382041931152
93   2.4156899452209473
94   2.1483314037323
95   2.7591347694396973
96   1.9153701066970825
97   2.150136947631836
98   2.789405107498169
99   2.183257818222046
100   2.1035194396972656
101   2.2814433574676514
102   2.330672264099121
103   2.4686119556427
104   2.3470778465270996
105   2.32273530960083
106   2.7357912063598633
107   2.3707435131073
108   2.0053887367248535
109   2.056640625
110   2.024695873260498
111   2.2686710357666016
112   2.1386611461639404
113   1.9628779888153076
114   2.322023868560791
115   2.666470527648926
116   2.1456363201141357
117   2.284477710723877
118   2.0319926738739014
119   2.0090224742889404
120   2.362177610397339
121   1.7336324453353882
122   2.391150712966919
123   2.3470895290374756
124   2.102623701095581
125   2.3888304233551025
126   2.2529680728912354
127   2.5008630752563477
128   2.296358346939087
129   2.035581111907959
130   2.200683355331421
131   2.103515386581421
132   1.9388630390167236
133   1.9452764987945557
134   1.937584638595581
135   2.026975393295288
136   2.0316271781921387
137   1.899855613708496
138   2.3705382347106934
139   2.1725409030914307
140   2.2060697078704834
141   2.0140767097473145
142   1.9814085960388184
143   2.07112455368042
144   2.039116382598877
145   2.0663280487060547
146   2.2651896476745605
147   2.0297305583953857
148   2.014284133911133
149   2.172165632247925
150   2.0268099308013916
151   1.9540754556655884
152   2.1132750511169434
153   2.1800906658172607
154   1.9413692951202393
155   1.9205502271652222
156   2.275722026824951
157   1.8580422401428223
158   1.9077668190002441
159   2.2293694019317627
160   2.55351185798645
1   2.002114772796631
2   2.345592737197876
3   1.8780819177627563
4   2.2952721118927
5   2.117358446121216
6   2.1722142696380615
7   2.109339952468872
8   1.7744747400283813
9   1.578786015510559
10   1.7913655042648315
11   1.786143183708191
12   1.7995784282684326
13   1.7458701133728027
14   1.8557153940200806
15   2.2663638591766357
16   2.201995611190796
17   2.283888101577759
18   2.41991925239563
19   2.1448235511779785
20   1.8620165586471558
21   2.413841724395752
22   2.101707696914673
23   2.0013065338134766
24   1.997341513633728
25   2.0398008823394775
26   1.904992938041687
27   2.2094078063964844
28   2.1580512523651123
29   2.241224527359009
30   2.1900906562805176
31   2.1878037452697754
32   2.203002452850342
33   1.9490244388580322
34   2.4900176525115967
35   2.5222008228302
36   2.1347475051879883
37   2.190836191177368
38   1.8770512342453003
39   2.231649160385132
40   1.9647148847579956
41   2.232633590698242
42   1.9754000902175903
43   2.3236172199249268
44   2.069563865661621
45   2.2069103717803955
46   2.2098727226257324
47   2.2515933513641357
48   2.0751993656158447
49   1.8431835174560547
50   2.6997852325439453
51   2.2396183013916016
52   2.134916067123413
53   1.9632607698440552
54   2.5432937145233154
55   1.9232633113861084
56   2.4036340713500977
57   2.173327684402466
58   1.9264581203460693
59   2.2211201190948486
60   2.0039408206939697
61   2.6142587661743164
62   2.1904196739196777
63   2.154050827026367
64   2.6200523376464844
65   2.3791046142578125
66   2.3339953422546387
67   1.973597764968872
68   2.413236618041992
69   2.3365988731384277
70   1.8403751850128174
71   2.134145736694336
72   2.1027050018310547
73   2.223442554473877
74   1.9605112075805664
75   2.701540231704712
76   2.408245325088501
77   2.1116583347320557
78   2.209306478500366
79   2.393465042114258
80   2.0829102993011475
81   2.4791319370269775
82   1.982183575630188
83   2.043647527694702
84   2.213263750076294
85   2.412003993988037
86   2.0782296657562256
87   1.9131782054901123
88   2.2663614749908447
89   2.2209136486053467
90   2.0623257160186768
91   2.1560146808624268
92   2.5421271324157715
93   2.2045063972473145
94   2.019287347793579
95   2.3491485118865967
96   1.9892916679382324
97   2.3563003540039063
98   2.1587116718292236
99   1.980910301208496
100   2.2120869159698486
101   2.231868028640747
102   2.081663131713867
103   1.8205257654190063
104   2.2192587852478027
105   2.4709322452545166
106   1.884517788887024
107   2.256086587905884
108   2.0688705444335938
109   2.706402063369751
110   2.1759064197540283
111   2.3478431701660156
112   2.0440056324005127
113   2.1394972801208496
114   2.773733139038086
115   2.6586663722991943
116   1.9083033800125122
117   1.8908952474594116
118   1.805548071861267
119   2.2413790225982666
120   2.682677745819092
121   2.025146007537842
122   2.0008575916290283
123   2.1604223251342773
124   2.0984561443328857
125   2.10513973236084
126   2.504913091659546
127   2.184540033340454
128   2.382129192352295
129   2.2016119956970215
130   2.3940060138702393
131   2.6107234954833984
132   2.192934036254883
133   2.314955949783325
134   1.9525784254074097
135   2.304471254348755
136   2.0813608169555664
137   2.2310776710510254
138   2.2647976875305176
139   2.384307384490967
140   2.276381731033325
141   2.0815694332122803
142   2.1658496856689453
143   2.093356132507324
144   2.4810683727264404
145   2.143023729324341
146   2.168379306793213
147   2.215212821960449
148   2.2737691402435303
149   1.9168617725372314
150   1.8092914819717407
151   1.927223801612854
152   1.858420729637146
153   2.282273292541504
154   2.025766372680664
155   2.369108200073242
156   2.073483467102051
157   2.0264244079589844
158   2.071359395980835
159   2.0455362796783447
160   2.0488853454589844
161   2.1308202743530273
162   1.8730897903442383
163   2.1801371574401855
164   1.8910582065582275
