0   0.0
1   0.16328607499599457
2   0.18104228377342224
3   0.16679465770721436
4   0.17798981070518494
5   0.18866267800331116
6   0.18200087547302246
7   0.17849849164485931
8   0.1698884814977646
9   0.21859247982501984
10   0.28540706634521484
11   0.3977370858192444
12   0.44783079624176025
13   0.909703254699707
14   1.2926944494247437
15   1.3690906763076782
16   1.4695987701416016
17   2.0847537517547607
18   1.6657763719558716
19   1.740832805633545
20   1.8471708297729492
21   1.722411036491394
22   1.599382758140564
23   1.6016337871551514
24   1.5404027700424194
25   2.097313165664673
26   1.7213497161865234
27   1.7600955963134766
28   1.6666871309280396
29   1.4987196922302246
30   1.7998988628387451
31   1.7397348880767822
32   1.9924126863479614
33   1.5606706142425537
34   2.031355619430542
35   1.7514251470565796
36   1.7636420726776123
37   1.920612096786499
38   1.9007035493850708
39   1.865808129310608
40   2.022813081741333
41   1.8245775699615479
42   1.6935521364212036
43   1.955520510673523
44   1.869798183441162
45   2.082050085067749
46   1.8124690055847168
47   1.49034583568573
48   2.001551866531372
49   1.736244797706604
50   1.696984887123108
51   1.6307508945465088
52   1.6212379932403564
53   1.7708710432052612
54   1.9072434902191162
55   1.937178373336792
56   1.9607726335525513
57   1.9702646732330322
58   2.2087817192077637
59   1.4997063875198364
60   1.9471135139465332
61   1.760511875152588
62   1.6687313318252563
63   1.625592589378357
64   1.6419684886932373
65   1.7057859897613525
66   2.062608242034912
67   1.6733670234680176
68   1.9395313262939453
69   2.118457794189453
70   1.9454154968261719
71   2.1867759227752686
72   2.0014617443084717
73   1.874463438987732
74   1.873656988143921
75   1.6294578313827515
76   1.8196070194244385
77   2.238776922225952
78   1.6477627754211426
79   1.669493556022644
80   1.9674495458602905
81   1.8864574432373047
82   1.9846367835998535
83   2.1645264625549316
84   2.098173141479492
85   2.139212131500244
86   2.0339438915252686
87   2.186533212661743
88   2.0908515453338623
89   2.062113046646118
90   3.0322189331054688
91   1.8863091468811035
92   1.9444143772125244
93   1.913527011871338
94   1.7727473974227905
95   1.759771704673767
96   1.8081474304199219
97   1.6589040756225586
98   2.0917587280273438
99   1.6919682025909424
100   1.600584626197815
101   1.67579984664917
102   1.8692744970321655
103   1.5391751527786255
104   2.1141414642333984
105   1.6609437465667725
106   1.8879740238189697
107   1.5089149475097656
108   1.8845477104187012
109   1.7140740156173706
110   1.6350878477096558
111   2.1937081813812256
112   1.7973943948745728
113   1.7962591648101807
114   1.610572099685669
115   1.9509828090667725
116   1.7886403799057007
117   1.4857877492904663
118   1.9332797527313232
119   1.5543991327285767
120   1.5928148031234741
121   1.7753294706344604
122   1.8980703353881836
123   1.5945851802825928
124   1.6031031608581543
125   1.5274513959884644
126   1.682761549949646
127   1.5878653526306152
128   1.891461730003357
129   1.7378718852996826
130   1.8352988958358765
131   1.713047981262207
132   1.6648435592651367
133   1.6687442064285278
134   2.266981601715088
135   1.6121890544891357
136   1.7089345455169678
137   2.1185545921325684
138   1.8446307182312012
139   1.3781101703643799
140   1.8286540508270264
141   1.4159793853759766
142   1.5955981016159058
143   1.4808717966079712
144   2.1210038661956787
145   1.6891472339630127
146   1.4839543104171753
147   1.6166133880615234
148   1.7677651643753052
149   1.676195740699768
150   1.9681422710418701
151   1.8012198209762573
152   2.01479172706604
153   1.4567561149597168
154   1.7556968927383423
155   1.611861228942871
156   1.5143617391586304
157   1.7924551963806152
158   1.2404581308364868
159   1.5824519395828247
160   1.807672381401062
161   2.320791244506836
162   1.5570433139801025
163   1.8314337730407715
164   1.6333820819854736
165   1.7679145336151123
166   1.7819620370864868
167   1.7224270105361938
168   1.7688599824905396
169   2.267731189727783
170   1.378814697265625
171   1.8106609582901
172   1.6445951461791992
173   1.562841773033142
174   1.4173518419265747
175   1.7424591779708862
176   1.333580493927002
177   1.7724353075027466
178   2.2008934020996094
179   1.7871192693710327
180   2.365227222442627
181   1.8754057884216309
182   1.848185420036316
183   2.001159429550171
184   1.9024734497070313
185   1.8264038562774658
186   1.9122391939163208
187   2.2905850410461426
188   1.7097513675689697
189   2.1288933753967285
190   1.8227040767669678
191   1.8626857995986938
192   1.8442485332489014
193   1.8877685070037842
194   1.7842291593551636
195   2.4533402919769287
196   1.8291929960250854
197   1.948081612586975
198   1.8700895309448242
199   1.700607419013977
200   2.1406137943267822
201   1.7691881656646729
202   1.7908555269241333
203   1.7892773151397705
204   2.0972352027893066
205   2.002016544342041
206   1.545588493347168
207   1.8976352214813232
208   1.853937029838562
209   2.182077407836914
210   1.9461926221847534
211   1.9177205562591553
212   2.0039172172546387
213   2.0873239040374756
