1   1.7704708576202393
2   1.7128020524978638
3   2.0036959648132324
4   1.8667165040969849
5   1.8429878950119019
6   1.760496973991394
7   1.9819209575653076
8   1.8822925090789795
9   2.001042604446411
10   1.9326130151748657
11   1.8272181749343872
12   1.9221158027648926
13   1.661805510520935
14   1.8303557634353638
15   1.7812042236328125
16   1.944011926651001
17   1.584855079650879
18   1.8050678968429565
19   2.0172436237335205
20   2.0552310943603516
21   1.9836421012878418
22   1.9810022115707397
23   1.9869959354400635
24   2.0636181831359863
25   1.838515043258667
26   1.7192593812942505
27   1.800581455230713
28   2.0672247409820557
29   2.0062718391418457
30   1.8140029907226563
31   2.1026110649108887
32   1.4875290393829346
33   1.583716869354248
34   1.9655146598815918
35   1.8358899354934692
36   2.0532543659210205
37   2.0657951831817627
38   1.8993474245071411
39   1.9317691326141357
40   1.776964783668518
41   2.058048725128174
42   1.7308355569839478
43   1.7909525632858276
44   1.685902714729309
45   2.009805917739868
46   1.9352835416793823
47   2.148319959640503
48   1.7165859937667847
49   1.942864179611206
50   1.8772821426391602
51   1.779767394065857
52   2.146805763244629
53   1.6950534582138062
54   1.7677406072616577
55   1.75959050655365
56   2.06949782371521
57   1.763462781906128
58   2.0347073078155518
59   1.7648274898529053
60   1.9374920129776
61   1.9408453702926636
62   1.7336828708648682
63   2.0699260234832764
64   1.715429425239563
65   1.9693740606307983
66   1.9924991130828857
67   1.6124444007873535
68   1.6065503358840942
69   1.6746838092803955
70   1.8561248779296875
71   1.9806851148605347
72   1.917184591293335
73   2.0924413204193115
74   1.7242013216018677
75   1.6649432182312012
76   1.8692158460617065
77   1.6886935234069824
78   1.606993317604065
79   1.8124698400497437
80   1.6472296714782715
81   1.87912917137146
82   1.519080400466919
83   1.9059970378875732
84   2.0284459590911865
85   2.117828845977783
86   1.7898403406143188
87   1.7607433795928955
88   1.6757348775863647
89   1.9037377834320068
90   1.7231258153915405
91   1.8038520812988281
92   1.9547781944274902
93   1.8519411087036133
94   1.8850611448287964
95   1.6181693077087402
96   1.8720723390579224
97   1.7560510635375977
98   1.6558775901794434
99   1.8164434432983398
100   1.7621551752090454
101   1.934659719467163
102   2.0418150424957275
103   1.811302900314331
104   2.008913993835449
105   2.1171774864196777
106   1.9392404556274414
107   1.5978449583053589
108   1.937390923500061
109   1.8368206024169922
110   1.8275980949401855
111   1.910914659500122
112   1.9704793691635132
113   1.7685290575027466
114   1.9631104469299316
115   2.1686511039733887
116   2.0683200359344482
117   1.9492987394332886
118   2.1566643714904785
119   2.018021821975708
120   1.9441108703613281
121   1.649153709411621
122   2.1577038764953613
123   2.147043228149414
124   1.9478415250778198
125   2.0154669284820557
126   1.7960635423660278
127   1.8869770765304565
128   1.781005620956421
129   1.845262885093689
130   1.7291778326034546
131   1.995478868484497
132   1.880507469177246
133   2.2077062129974365
134   1.7272167205810547
135   1.7587817907333374
136   1.8948999643325806
137   1.857556700706482
138   1.9113681316375732
139   1.775915503501892
140   2.03139328956604
141   1.8432109355926514
142   2.1097118854522705
143   1.703973650932312
144   1.808350920677185
145   1.6837517023086548
146   1.9708466529846191
147   2.115402936935425
148   1.7573516368865967
149   1.7751749753952026
150   1.6872957944869995
151   2.009702682495117
152   1.9863611459732056
153   1.7767795324325562
154   1.635453462600708
155   1.7983604669570923
156   1.8577619791030884
157   1.818793535232544
158   1.8149621486663818
159   1.9815634489059448
160   1.6203750371932983
