1   1.5799734592437744
2   1.8939522504806519
3   1.8589980602264404
4   1.8478633165359497
5   2.021044969558716
6   1.7615479230880737
7   1.756921648979187
8   1.5001977682113647
9   1.868768334388733
10   1.6953957080841064
11   1.8019498586654663
12   1.7263638973236084
13   1.706382393836975
14   1.9062608480453491
15   1.7343443632125854
16   1.6053953170776367
17   1.7281028032302856
18   1.8267182111740112
19   1.6155823469161987
20   1.875066876411438
21   1.6154264211654663
22   1.4292716979980469
23   1.8828446865081787
24   1.9127438068389893
25   1.5951875448226929
26   1.6985570192337036
27   1.4742116928100586
28   1.599880337715149
29   1.7819225788116455
30   1.7440866231918335
31   1.8954194784164429
32   1.5821806192398071
33   1.5235259532928467
34   1.8128794431686401
35   1.6811968088150024
36   2.0142951011657715
37   1.8100117444992065
38   1.9034062623977661
39   1.6732817888259888
40   1.5046366453170776
41   1.6695232391357422
42   1.7211170196533203
43   1.490952730178833
44   1.823084831237793
45   2.0079870223999023
46   1.8458486795425415
47   1.9129509925842285
48   1.5051548480987549
49   1.781169056892395
50   1.8784327507019043
51   1.5590846538543701
52   1.5612502098083496
53   1.8440136909484863
54   1.7709943056106567
55   1.746752381324768
56   1.7614575624465942
57   1.5080301761627197
58   1.5553513765335083
59   2.0199623107910156
60   1.6352152824401855
61   2.29923152923584
62   2.0435686111450195
63   1.8659216165542603
64   1.927114486694336
65   1.9005999565124512
66   1.6049529314041138
67   2.0973963737487793
68   1.839036226272583
69   1.6861237287521362
70   1.6143076419830322
71   2.534912347793579
72   1.9280587434768677
73   1.9195622205734253
74   1.9541693925857544
75   2.63136625289917
76   1.4801398515701294
77   1.6610714197158813
78   1.5262794494628906
79   1.8128201961517334
80   1.4769611358642578
81   1.8431819677352905
82   1.5066125392913818
83   2.4317145347595215
84   1.7247823476791382
85   1.8390309810638428
86   1.4554589986801147
87   1.4718260765075684
88   1.7295982837677002
89   1.444181203842163
90   2.1017279624938965
91   2.256868839263916
92   1.473166584968567
93   2.0049619674682617
94   2.35591197013855
95   2.1540915966033936
96   2.1707346439361572
97   1.9242827892303467
98   2.031970500946045
99   1.67597234249115
100   1.627549409866333
101   1.9931843280792236
102   2.3269424438476563
103   1.8137623071670532
104   2.059842824935913
105   1.7737469673156738
106   1.8067492246627808
107   1.4910002946853638
108   1.913958191871643
109   1.9197531938552856
110   1.7807445526123047
111   1.7281947135925293
112   1.881834864616394
113   1.7117372751235962
114   1.7422453165054321
115   2.17407488822937
116   1.8594334125518799
117   1.8655998706817627
118   2.4996495246887207
119   1.9886469841003418
120   2.0363659858703613
121   2.060030221939087
122   2.1048262119293213
123   2.084002733230591
124   1.7766882181167603
125   1.7654837369918823
126   1.5312411785125732
127   1.7358262538909912
128   1.7430280447006226
129   2.085174083709717
130   1.564921259880066
131   1.9901326894760132
132   1.9266774654388428
133   2.0791642665863037
134   1.7004640102386475
135   1.5951917171478271
136   1.7623378038406372
137   1.7287495136260986
138   1.6165809631347656
139   1.8005650043487549
140   1.5216070413589478
141   1.8914622068405151
142   1.81829035282135
143   1.6480942964553833
144   1.6789131164550781
145   1.447754144668579
146   1.749552607536316
147   1.5827716588974
148   1.5035021305084229
149   1.5604732036590576
150   2.1449902057647705
151   2.168954849243164
152   1.9441176652908325
153   1.5289545059204102
154   1.4713727235794067
155   1.5758689641952515
156   1.9338929653167725
157   1.6531509160995483
158   1.6572731733322144
159   1.6597100496292114
160   1.8664681911468506
