1   1.875548243522644
2   1.7363179922103882
3   1.9149272441864014
4   1.7720659971237183
5   1.8589251041412354
6   1.8938113451004028
7   1.7667908668518066
8   2.0471723079681396
9   1.8024418354034424
10   1.8113726377487183
11   1.6871788501739502
12   1.8709007501602173
13   1.7270108461380005
14   1.720278263092041
15   2.133352041244507
16   1.8069195747375488
17   2.0384843349456787
18   1.8356738090515137
19   1.7516828775405884
20   2.477155923843384
21   1.84043288230896
22   2.10958194732666
23   1.8548424243927002
24   2.0083792209625244
25   2.0710952281951904
26   2.091963768005371
27   1.9482895135879517
28   2.086434841156006
29   1.867246150970459
30   1.2823007106781006
31   1.9181474447250366
32   2.1477484703063965
33   2.2390265464782715
34   1.6173360347747803
35   2.077116012573242
36   1.9526256322860718
37   1.6510580778121948
38   2.1399686336517334
39   2.448873281478882
40   1.858141303062439
41   2.162454605102539
42   2.1815474033355713
43   2.0013349056243896
44   1.928807020187378
45   2.3052356243133545
46   1.716414451599121
47   2.3470377922058105
48   2.1593925952911377
49   1.912278175354004
50   1.9038281440734863
51   2.3104724884033203
52   2.3220901489257813
53   2.0780839920043945
54   2.340010404586792
55   1.630907654762268
56   2.3045706748962402
57   1.7358856201171875
58   2.419731378555298
59   2.226475715637207
60   1.4493573904037476
61   2.673462390899658
62   2.8650524616241455
63   2.4422874450683594
64   1.9198799133300781
65   1.2865679264068604
66   2.2724483013153076
67   1.4220434427261353
68   1.641141653060913
69   1.505467176437378
70   1.4819676876068115
71   2.481929302215576
72   3.165891170501709
73   2.440999984741211
74   2.1063480377197266
75   2.156680107116699
76   2.302682399749756
77   2.7973811626434326
78   3.124387264251709
79   2.1782493591308594
80   2.1354925632476807
81   2.0779426097869873
82   2.255889892578125
83   1.409070611000061
84   0.8607161641120911
85   1.4709969758987427
86   1.4442692995071411
87   1.210132122039795
88   2.7925937175750732
89   2.5313560962677
90   2.5638248920440674
91   2.725018262863159
92   1.600968599319458
93   2.596438407897949
94   3.0085909366607666
95   2.4997308254241943
96   2.976915121078491
97   1.6943811178207397
98   1.7174040079116821
99   1.9070854187011719
100   1.9940571784973145
101   2.995356559753418
102   1.8934252262115479
103   3.0416297912597656
104   2.4774770736694336
105   2.1009397506713867
106   2.8175618648529053
107   3.8135054111480713
108   2.4224233627319336
109   2.134514093399048
110   2.239417314529419
111   2.34671688079834
112   2.3576056957244873
113   2.095198154449463
114   2.5082075595855713
115   1.7807923555374146
116   1.5338588953018188
117   2.3613128662109375
118   2.531179428100586
119   1.9978997707366943
120   2.0451643466949463
121   1.6193476915359497
122   1.8679908514022827
123   2.230071783065796
124   2.379073143005371
125   2.138819456100464
126   1.6185455322265625
127   1.966111660003662
128   1.9296526908874512
129   2.247114896774292
130   2.8764286041259766
131   2.622663736343384
132   2.233593702316284
133   2.3375163078308105
134   3.0134501457214355
135   2.217937469482422
136   1.8145414590835571
137   1.9343477487564087
138   2.1389405727386475
139   2.2165744304656982
140   1.8078978061676025
141   2.0145726203918457
142   2.186511993408203
143   2.4101219177246094
144   2.275238275527954
145   1.7715133428573608
146   2.0800108909606934
147   1.8732085227966309
148   1.7407923936843872
149   2.1599273681640625
150   2.0398147106170654
151   1.993965983390808
152   1.9591443538665771
153   2.048743724822998
154   2.2619266510009766
155   2.1357808113098145
156   1.977723240852356
157   1.818049669265747
158   1.7815546989440918
159   1.7887864112854004
160   2.2007288932800293
161   2.1874146461486816
162   1.8225282430648804
163   2.1351680755615234
164   1.8973826169967651
