1   1.3987361192703247
2   1.3426096439361572
3   1.588578462600708
4   1.7553967237472534
5   1.663907766342163
6   1.5872997045516968
7   1.6414508819580078
8   2.65749454498291
9   1.9589855670928955
10   1.6276835203170776
11   2.0046253204345703
12   1.8417569398880005
13   2.146845817565918
14   1.8548604249954224
15   2.2877860069274902
16   1.8322192430496216
17   1.7050257921218872
18   1.8838320970535278
19   1.7823305130004883
20   1.646859049797058
21   1.808637022972107
22   1.6577361822128296
23   1.6522825956344604
24   1.7379404306411743
25   1.653397798538208
26   1.9437319040298462
27   1.8428651094436646
28   1.6111644506454468
29   1.569791316986084
30   1.33720064163208
31   1.820095419883728
32   1.8253166675567627
33   1.51556396484375
34   1.3622792959213257
35   1.6856476068496704
36   1.5893068313598633
37   1.835357666015625
38   1.5298385620117188
39   1.7699551582336426
40   1.5158685445785522
41   1.8769114017486572
42   1.8203243017196655
43   1.823958396911621
44   1.7905364036560059
45   1.615307331085205
46   1.7913168668746948
47   1.8018704652786255
48   1.5791152715682983
49   1.7418360710144043
50   1.7718887329101563
51   1.7682627439498901
52   1.9033725261688232
53   1.808897614479065
54   1.5194634199142456
55   1.39935302734375
56   1.8748348951339722
57   1.9920469522476196
58   1.9234598875045776
59   2.444375991821289
60   1.871626377105713
61   2.0469515323638916
62   2.5117199420928955
63   2.1765668392181396
64   1.6244869232177734
65   1.8157607316970825
66   2.1119253635406494
67   1.9316052198410034
68   2.223468542098999
69   2.1560373306274414
70   1.9275201559066772
71   1.8735145330429077
72   2.1825644969940186
73   2.0924761295318604
74   2.3783695697784424
75   1.916090488433838
76   1.4781150817871094
77   1.70853853225708
78   2.0002281665802
79   1.9955722093582153
80   1.8112258911132813
81   2.2814178466796875
82   1.6718651056289673
83   1.4816715717315674
84   2.0631279945373535
85   1.865490198135376
86   1.6491506099700928
87   1.8213266134262085
88   1.7712196111679077
89   1.7338443994522095
90   1.9040895700454712
91   1.933969497680664
92   1.8838200569152832
93   2.432703733444214
94   1.7384282350540161
95   1.5163071155548096
96   1.703523874282837
97   1.6342320442199707
98   1.5966390371322632
99   1.7480158805847168
100   1.5575106143951416
101   2.2577500343322754
102   1.805925726890564
103   2.088240385055542
104   1.4400171041488647
105   1.575282096862793
106   1.893043875694275
107   1.9822075366973877
108   1.5044981241226196
109   1.5917013883590698
110   1.661913514137268
111   1.9876388311386108
112   1.9537036418914795
113   1.9562336206436157
114   2.022230863571167
115   1.8511208295822144
116   2.1481525897979736
117   1.6995110511779785
118   1.9738550186157227
119   1.7054280042648315
120   1.6821660995483398
121   1.846957802772522
122   2.1626148223876953
123   1.9840376377105713
124   2.261995792388916
125   1.5444141626358032
126   2.094752788543701
127   1.7928255796432495
128   2.0091187953948975
129   1.8900346755981445
130   2.0363996028900146
131   2.0606765747070313
132   1.9861512184143066
133   2.0211920738220215
134   2.231703042984009
135   1.974812626838684
136   1.8979780673980713
137   1.8132985830307007
138   1.8776099681854248
139   1.9570952653884888
140   1.6285756826400757
141   1.8195629119873047
142   1.7873626947402954
143   2.188988208770752
144   2.1105458736419678
145   1.7477737665176392
146   1.6993591785430908
147   1.5282864570617676
148   1.7334191799163818
149   1.9314569234848022
150   1.5577763319015503
151   1.8674437999725342
152   1.9495198726654053
153   1.766367793083191
154   1.8501341342926025
155   2.089967727661133
156   1.9166516065597534
157   1.8084720373153687
158   1.872009515762329
159   1.7569553852081299
160   1.779248595237732
161   1.9230377674102783
162   1.86506986618042
163   1.8294926881790161
164   1.7764596939086914
