1   1.4920984506607056
2   1.3643059730529785
3   1.5925278663635254
4   1.8413903713226318
5   1.631231665611267
6   1.6239269971847534
7   1.6533739566802979
8   2.8580551147460938
9   1.9754880666732788
10   1.6833672523498535
11   2.020350694656372
12   1.9316754341125488
13   2.2356693744659424
14   1.9530348777770996
15   2.306580066680908
16   1.7766307592391968
17   1.6538019180297852
18   1.995605230331421
19   1.9849929809570313
20   1.6380677223205566
21   1.8888493776321411
22   1.6570682525634766
23   1.75063955783844
24   1.6845139265060425
25   1.757981300354004
26   1.8276255130767822
27   1.9353145360946655
28   1.5258878469467163
29   1.5522465705871582
30   1.2561335563659668
31   1.6661529541015625
32   1.6939305067062378
33   1.3083304166793823
34   1.3704701662063599
35   1.7302308082580566
36   1.6136239767074585
37   1.9778213500976563
38   1.6096235513687134
39   1.6904451847076416
40   1.4977737665176392
41   1.832690954208374
42   1.8997596502304077
43   1.8434704542160034
44   1.9215755462646484
45   1.6830155849456787
46   1.8135749101638794
47   1.859473466873169
48   1.6524361371994019
49   1.6971348524093628
50   1.7857837677001953
51   1.793084740638733
52   1.8047529458999634
53   1.8343627452850342
54   1.5563520193099976
55   1.367525577545166
56   2.0120849609375
57   2.059943675994873
58   1.9998098611831665
59   2.440068006515503
60   1.9892040491104126
61   2.0364878177642822
62   2.6078691482543945
63   2.239936590194702
64   1.6010855436325073
65   1.9569876194000244
66   2.2094974517822266
67   1.9373615980148315
68   2.4108426570892334
69   2.3179726600646973
70   2.079169988632202
71   1.6100428104400635
72   2.1381378173828125
73   1.9477025270462036
74   2.2455577850341797
75   1.6526968479156494
76   1.48678719997406
77   1.742737054824829
78   2.1129393577575684
79   1.9795689582824707
80   1.7646126747131348
81   2.4201061725616455
82   1.6450597047805786
83   1.4026761054992676
84   2.066890001296997
85   1.8491133451461792
86   1.6549270153045654
87   1.8199965953826904
88   1.6271687746047974
89   1.7750123739242554
90   1.8676236867904663
91   1.8138986825942993
92   1.9648627042770386
93   2.415066719055176
94   1.5516867637634277
95   1.505754828453064
96   1.6498184204101563
97   1.592328667640686
98   1.532152533531189
99   1.7481390237808228
100   1.520938515663147
101   2.2032413482666016
102   1.8098312616348267
103   2.053532600402832
104   1.3926206827163696
105   1.4810363054275513
106   1.8648197650909424
107   1.8323746919631958
108   1.2991704940795898
109   1.4051841497421265
110   1.5551239252090454
111   1.9517916440963745
112   2.032912492752075
113   1.9451347589492798
114   2.0724411010742188
115   1.853327751159668
116   2.118036985397339
117   1.7158399820327759
118   1.9573942422866821
119   1.7891424894332886
120   1.7806686162948608
121   1.9437119960784912
122   2.1944825649261475
123   2.0626001358032227
124   2.3356969356536865
125   1.59685218334198
126   2.032092571258545
127   1.7704347372055054
128   2.0508205890655518
129   1.8986780643463135
130   1.9428743124008179
131   2.1135904788970947
132   2.029365301132202
133   2.1147637367248535
134   2.2106404304504395
135   1.9955508708953857
136   1.9634628295898438
137   1.7670297622680664
138   1.9464763402938843
139   2.0134670734405518
140   1.6765881776809692
141   1.7615288496017456
142   1.8177471160888672
143   2.204984426498413
144   2.0294785499572754
145   1.754418134689331
146   1.6118228435516357
147   1.4495811462402344
148   1.7291920185089111
149   1.8210471868515015
150   1.509682059288025
151   1.782452940940857
152   1.8642499446868896
153   1.6221126317977905
154   1.795701026916504
155   2.1606380939483643
156   1.919661045074463
157   1.7578920125961304
158   1.913304328918457
159   1.7266591787338257
160   1.7027921676635742
161   1.9401603937149048
162   1.775790810585022
163   1.7566297054290771
164   1.7663395404815674
