0   0.0
1   0.2251775562763214
2   0.20037303864955902
3   0.18464167416095734
4   0.3469761908054352
5   0.21494632959365845
6   0.1895727813243866
7   0.25456780195236206
8   0.21218563616275787
9   0.18427856266498566
10   0.2834182381629944
11   0.3994455635547638
12   0.6433014869689941
13   1.3037128448486328
14   1.1219321489334106
15   2.2019145488739014
16   1.5918588638305664
17   1.9119654893875122
18   2.1134653091430664
19   1.6072425842285156
20   1.746659278869629
21   1.3943183422088623
22   1.225164532661438
23   1.8907818794250488
24   1.0401654243469238
25   0.7849758863449097
26   0.942108154296875
27   1.0551562309265137
28   1.4147193431854248
29   1.607909917831421
30   1.467246174812317
31   1.070866346359253
32   1.2728489637374878
33   1.5322833061218262
34   1.4872097969055176
35   0.9322631359100342
36   1.0995113849639893
37   0.9599313139915466
38   0.8998632431030273
39   0.5917401313781738
40   1.1503621339797974
41   0.689769983291626
42   1.3266798257827759
43   1.138037085533142
44   1.870096206665039
45   1.0214927196502686
46   1.0067088603973389
47   1.7056339979171753
48   0.9510347247123718
49   1.3315260410308838
50   1.8291608095169067
51   1.6368221044540405
52   1.4350905418395996
53   1.4186242818832397
54   1.1459417343139648
55   1.8386244773864746
56   1.694885015487671
57   1.9840795993804932
58   1.3278018236160278
59   1.656546711921692
60   2.0381569862365723
61   1.7949048280715942
62   1.4723594188690186
63   1.4222184419631958
64   1.4299405813217163
65   1.6331489086151123
66   1.3946974277496338
67   1.5322052240371704
68   1.1260191202163696
69   1.337873101234436
70   1.5302244424819946
71   1.0130976438522339
72   1.4346867799758911
73   1.2159391641616821
74   1.1096911430358887
75   1.8482513427734375
76   1.6546911001205444
77   1.2409653663635254
78   1.358687162399292
79   1.0957870483398438
80   0.9262884855270386
81   0.7676030993461609
82   1.5755231380462646
83   1.2917356491088867
84   1.2968626022338867
85   1.3224464654922485
86   0.9419882893562317
87   1.423117995262146
88   1.479778528213501
89   1.1484038829803467
90   1.6671245098114014
91   2.1700079441070557
92   0.9540520906448364
93   1.4558100700378418
94   1.1316877603530884
95   1.3770633935928345
96   1.0323936939239502
97   1.262328028678894
98   0.8559889793395996
99   0.7657845616340637
100   1.2088319063186646
101   1.5168086290359497
102   1.1485487222671509
103   1.0566593408584595
104   1.1448007822036743
105   1.5116766691207886
106   1.4874213933944702
107   1.7335246801376343
108   1.812384843826294
109   1.2374898195266724
110   0.8457021117210388
111   0.9902372360229492
112   1.2017061710357666
113   1.2598249912261963
114   1.0723135471343994
115   2.165402412414551
116   1.1581225395202637
117   1.5662157535552979
118   1.3938376903533936
119   2.1866157054901123
120   1.6712032556533813
121   1.5076584815979004
122   1.3245502710342407
123   0.979686439037323
124   1.8479284048080444
125   1.8250786066055298
126   1.5322153568267822
127   1.0413212776184082
128   1.7889817953109741
129   1.4793363809585571
130   1.4946492910385132
131   1.410241723060608
132   1.5842785835266113
133   0.8333399891853333
134   1.7508211135864258
135   1.6377290487289429
136   0.6908646821975708
137   1.1207138299942017
138   0.8111016750335693
139   1.4369142055511475
140   1.0313891172409058
141   1.50422203540802
142   1.2811520099639893
143   1.448175311088562
144   1.2666046619415283
145   1.175721287727356
146   1.394117832183838
147   1.2129228115081787
148   1.0646830797195435
149   1.666390299797058
150   0.9256879091262817
151   1.5873137712478638
152   0.8499768972396851
153   1.0607353448867798
154   1.419754981994629
155   1.1170952320098877
156   1.439727783203125
157   0.8194808959960938
158   0.9447522163391113
159   0.9340847134590149
160   1.2037920951843262
161   0.6690910458564758
162   1.2519439458847046
163   1.4211540222167969
164   0.9006938934326172
165   1.1587774753570557
166   0.6571248769760132
167   0.8750984072685242
168   0.950703501701355
169   1.0072227716445923
170   1.2328307628631592
171   1.2182271480560303
172   0.7736456394195557
173   1.10641348361969
174   1.3294692039489746
175   1.3518357276916504
176   1.6316852569580078
177   1.6493510007858276
178   0.874605119228363
179   1.1190321445465088
180   1.4908891916275024
181   1.3716846704483032
182   1.3259834051132202
183   1.2328341007232666
184   1.222116470336914
185   1.2297652959823608
186   0.9534687995910645
187   1.0633715391159058
188   2.0543673038482666
189   1.7079222202301025
190   1.1140486001968384
191   1.0742433071136475
192   1.7544382810592651
193   2.56144118309021
194   1.3704822063446045
195   1.5948383808135986
196   1.3713349103927612
197   1.1251050233840942
198   1.3335716724395752
199   1.303483009338379
200   1.3889089822769165
201   1.482600212097168
202   1.0078766345977783
203   1.633303165435791
204   1.4034216403961182
205   0.5892173647880554
206   1.299536108970642
207   1.750492811203003
208   1.000266432762146
209   1.650837779045105
210   1.3854442834854126
211   0.7186196446418762
212   1.0359801054000854
213   1.3482848405838013
