0   0.0
1   1.4119534492492676
2   1.3884605169296265
3   1.4679343700408936
4   1.2894618511199951
5   1.2982920408248901
6   1.3740742206573486
7   1.3823598623275757
8   1.2347660064697266
9   1.3581732511520386
10   1.3173534870147705
11   1.5274735689163208
12   2.629396438598633
13   2.122406244277954
14   3.411036729812622
15   3.5865604877471924
16   3.4758641719818115
17   2.9704701900482178
18   3.2527151107788086
19   3.442052125930786
20   3.88464093208313
21   3.966297149658203
22   3.953523635864258
23   3.0643937587738037
24   3.657203435897827
25   2.9773974418640137
26   3.7493386268615723
27   3.425872802734375
28   3.3515145778656006
29   2.868826389312744
30   3.241771936416626
31   3.505943775177002
32   3.3634090423583984
33   3.481180191040039
34   3.7156596183776855
35   3.988753080368042
36   3.680647373199463
37   3.4348983764648438
38   3.8658366203308105
39   3.6158463954925537
40   3.252164602279663
41   3.6302783489227295
42   2.9419984817504883
43   3.3360092639923096
44   2.7895567417144775
45   3.5809168815612793
46   3.513143539428711
47   2.653656244277954
48   3.4382119178771973
49   3.043424606323242
50   2.864069700241089
51   3.3749475479125977
52   3.1188650131225586
53   3.7521140575408936
54   3.17464017868042
55   3.1557869911193848
56   3.078157663345337
57   3.794283628463745
58   4.234283924102783
59   2.472806692123413
60   3.755875825881958
61   4.027856349945068
62   3.3740475177764893
63   2.7707676887512207
64   3.3123626708984375
65   3.9470362663269043
66   3.193498134613037
67   3.053055763244629
68   3.385369062423706
69   3.818662405014038
70   2.788062334060669
71   3.078894853591919
72   3.1794607639312744
73   3.0192008018493652
74   3.3479654788970947
75   3.9071552753448486
76   3.4138147830963135
77   2.921571731567383
78   3.749237537384033
79   3.456284999847412
80   3.534757614135742
81   3.629852533340454
82   3.4243667125701904
83   3.207509756088257
84   2.40232515335083
85   3.731106996536255
86   3.7698965072631836
87   3.111215353012085
88   3.347460985183716
89   3.2159013748168945
90   3.6712427139282227
91   3.5988523960113525
92   3.91043758392334
93   4.204453945159912
94   3.884768486022949
95   2.335770606994629
96   3.1603496074676514
97   3.7123849391937256
98   2.664156913757324
99   4.434296131134033
100   2.6142468452453613
101   3.35394549369812
102   3.1450142860412598
103   3.126786708831787
104   3.534029960632324
105   3.0521655082702637
106   2.4581310749053955
107   3.077923059463501
108   3.7378666400909424
109   3.142993450164795
110   2.7811293601989746
111   1.8046566247940063
112   3.04331374168396
113   3.1349527835845947
114   2.8043339252471924
115   2.962703227996826
116   3.0286169052124023
117   3.6502039432525635
118   4.370033264160156
119   3.681796073913574
120   3.9475760459899902
121   2.9818851947784424
122   3.520571231842041
123   3.9034197330474854
124   3.376023054122925
125   2.9408066272735596
126   3.184832811355591
127   3.4548187255859375
128   3.2321834564208984
129   3.798229932785034
130   4.026772499084473
131   4.0205912590026855
132   4.135231018066406
133   3.0869758129119873
134   2.937502861022949
135   2.67267107963562
136   3.401578664779663
137   3.0492684841156006
138   3.171415328979492
139   2.587179660797119
140   3.1825623512268066
141   3.2248575687408447
142   3.058703899383545
143   3.291585683822632
144   3.260615587234497
145   2.1886520385742188
146   3.3206005096435547
147   3.368008852005005
148   3.1105427742004395
149   3.3186066150665283
150   4.0551838874816895
151   3.1146702766418457
152   4.257594585418701
153   3.5917794704437256
154   3.9186079502105713
155   3.22491192817688
156   3.4570634365081787
157   2.9800870418548584
158   3.8513948917388916
159   3.1550068855285645
160   3.5647382736206055
161   3.5606014728546143
162   2.852698802947998
163   2.9732584953308105
164   3.6492207050323486
165   3.786766529083252
166   3.6557114124298096
167   3.454864263534546
168   2.9672908782958984
169   3.306530237197876
170   4.649085998535156
171   3.4289228916168213
172   3.587661027908325
173   3.3492798805236816
174   3.8110218048095703
175   3.7035579681396484
176   3.4471218585968018
177   3.8822758197784424
178   3.9719014167785645
179   3.812819242477417
180   3.5950112342834473
181   4.084887981414795
182   3.5678515434265137
183   3.1136624813079834
184   2.0749857425689697
185   4.013174533843994
186   5.161454677581787
187   4.49938440322876
188   3.316999912261963
189   3.518251657485962
190   3.3536581993103027
191   3.447293758392334
192   3.9111177921295166
193   3.5648193359375
194   3.0345678329467773
195   3.6993725299835205
196   2.3799612522125244
197   2.9974136352539063
198   2.851069450378418
199   3.288527488708496
200   3.524893283843994
201   3.2871036529541016
202   3.2418618202209473
203   3.6851513385772705
204   3.3412277698516846
205   3.4581377506256104
206   3.4311254024505615
207   3.2509260177612305
208   3.5824859142303467
209   3.093142509460449
210   3.110344886779785
211   3.3772964477539063
212   2.9697675704956055
213   3.297863483428955
