0   0.0
1   0.18752126395702362
2   0.19259999692440033
3   0.19207824766635895
4   0.19697998464107513
5   0.20030835270881653
6   0.20582136511802673
7   0.191489577293396
8   0.20518934726715088
9   0.2313937544822693
10   0.26927798986434937
11   0.39882463216781616
12   0.5041806697845459
13   0.9535847902297974
14   1.2239357233047485
15   2.2800028324127197
16   1.6791064739227295
17   1.6493020057678223
18   2.0527782440185547
19   1.8539762496948242
20   2.0989904403686523
21   1.9795844554901123
22   1.6809159517288208
23   1.7677909135818481
24   1.7496088743209839
25   1.6693404912948608
26   1.8548492193222046
27   1.7530708312988281
28   1.7217134237289429
29   1.6317616701126099
30   1.7744048833847046
31   2.0122647285461426
32   1.7828763723373413
33   1.7219852209091187
34   1.936081051826477
35   1.989920973777771
36   1.808330774307251
37   1.7685271501541138
38   1.9921036958694458
39   1.7884680032730103
40   1.708710789680481
41   1.850306749343872
42   1.6902676820755005
43   1.800826072692871
44   1.9270687103271484
45   1.8902137279510498
46   1.6898069381713867
47   1.6782565116882324
48   1.8961519002914429
49   1.586773157119751
50   1.7462085485458374
51   1.6560025215148926
52   2.442425489425659
53   1.9877147674560547
54   2.26780366897583
55   2.2204816341400146
56   2.1564433574676514
57   2.4898974895477295
58   2.260175943374634
59   2.263056993484497
60   2.223437547683716
61   2.003967761993408
62   1.562988042831421
63   2.0765135288238525
64   2.0559208393096924
65   2.361912727355957
66   1.769717812538147
67   2.083723306655884
68   2.343583345413208
69   2.042895793914795
70   2.0547683238983154
71   1.7898610830307007
72   1.7456625699996948
73   1.733801245689392
74   1.522611379623413
75   2.1906306743621826
76   1.9010322093963623
77   2.0212321281433105
78   1.744329571723938
79   1.670312762260437
80   1.6852686405181885
81   1.9421961307525635
82   2.0113325119018555
83   1.5800821781158447
84   2.158128023147583
85   2.018092632293701
86   1.6466872692108154
87   2.085113048553467
88   2.1360208988189697
89   1.8356319665908813
90   2.1155378818511963
91   2.551513671875
92   2.102947950363159
93   1.8261337280273438
94   2.1051790714263916
95   1.8099523782730103
96   1.7407599687576294
97   1.9730294942855835
98   1.6225379705429077
99   1.6890208721160889
100   2.302222490310669
101   2.278763771057129
102   1.7973518371582031
103   1.776990294456482
104   1.9013665914535522
105   1.999876856803894
106   2.1860053539276123
107   2.0119118690490723
108   2.1790544986724854
109   1.8945879936218262
110   1.6388092041015625
111   1.8283945322036743
112   1.6449233293533325
113   1.8555110692977905
114   1.8339120149612427
115   2.66988205909729
116   1.6492544412612915
117   2.0500502586364746
118   2.2323691844940186
119   2.3717784881591797
120   2.57568621635437
121   1.9902135133743286
122   1.6654287576675415
123   1.8507236242294312
124   2.4335851669311523
125   1.7883580923080444
126   2.1006999015808105
127   1.6292535066604614
128   2.0729458332061768
129   1.8840233087539673
130   2.332369565963745
131   2.245461940765381
132   2.07055926322937
133   1.738158941268921
134   2.090768575668335
135   1.8743103742599487
136   1.7430959939956665
137   1.8382824659347534
138   1.7281169891357422
139   1.7490020990371704
140   1.6903209686279297
141   1.9350452423095703
142   2.0389533042907715
143   1.9268978834152222
144   1.998916506767273
145   1.9844236373901367
146   1.6951743364334106
147   1.749311923980713
148   1.6430432796478271
149   2.031240224838257
150   1.822274923324585
151   2.044508934020996
152   1.869968295097351
153   2.1716082096099854
154   1.6227766275405884
155   2.0809826850891113
156   1.7284772396087646
157   1.352794885635376
158   2.0449349880218506
159   1.772384524345398
160   2.2270865440368652
161   2.2687692642211914
162   1.9336271286010742
163   1.8316255807876587
164   1.7743927240371704
165   2.073096752166748
166   1.7151978015899658
167   1.888509750366211
168   1.7935161590576172
169   1.5994654893875122
170   2.609792947769165
171   2.3219752311706543
172   1.8925111293792725
173   1.7920480966567993
174   1.9299806356430054
175   2.0542798042297363
176   1.7791804075241089
177   2.0600757598876953
178   1.6625752449035645
179   1.7669464349746704
180   1.9845101833343506
181   2.063490390777588
182   1.9535565376281738
183   1.5573253631591797
184   1.6217150688171387
185   1.9421685934066772
186   2.7376463413238525
187   2.1148555278778076
188   1.9366130828857422
189   1.947359323501587
190   1.7600523233413696
191   2.0173351764678955
192   2.2193658351898193
193   2.8624000549316406
194   1.7451069355010986
195   1.8246021270751953
196   1.9706649780273438
197   1.430623173713684
198   1.6042066812515259
199   2.1804747581481934
200   1.9466757774353027
201   1.8812114000320435
202   1.9788026809692383
203   1.9790455102920532
204   1.9139869213104248
205   1.6868033409118652
206   1.8939790725708008
207   2.2718451023101807
208   1.8817975521087646
209   1.9421656131744385
210   2.1955480575561523
211   1.6984641551971436
212   1.5530296564102173
213   1.893967866897583
