0   0.0
1   0.2087540328502655
2   0.2137678861618042
3   0.20824715495109558
4   0.2089882642030716
5   0.20899757742881775
6   0.21711298823356628
7   0.21354623138904572
8   0.21660882234573364
9   0.2675606906414032
10   0.31401628255844116
11   0.43671685457229614
12   0.5009395480155945
13   1.0448782444000244
14   1.2517045736312866
15   2.2701194286346436
16   1.6459485292434692
17   1.6226495504379272
18   1.9248926639556885
19   1.6717312335968018
20   1.9067888259887695
21   1.8577322959899902
22   1.6999034881591797
23   1.7183598279953003
24   1.8132580518722534
25   1.6492578983306885
26   1.7963910102844238
27   1.7296499013900757
28   1.5908219814300537
29   1.5906325578689575
30   1.6841232776641846
31   1.8755360841751099
32   1.6527351140975952
33   1.6034672260284424
34   1.8274586200714111
35   1.8856714963912964
36   1.721474528312683
37   1.757939100265503
38   1.9035906791687012
39   1.7088853120803833
40   1.6290465593338013
41   1.7441459894180298
42   1.577797770500183
43   1.6187293529510498
44   1.7595715522766113
45   1.7677607536315918
46   1.6720377206802368
47   1.5931309461593628
48   1.721160650253296
49   1.5452848672866821
50   1.718959093093872
51   1.6693905591964722
52   2.375985622406006
53   1.9079266786575317
54   2.112147092819214
55   2.220726490020752
56   2.0363335609436035
57   2.3437883853912354
58   2.0810227394104004
59   2.1413204669952393
60   2.0816268920898438
61   1.8958461284637451
62   1.5257388353347778
63   1.9564473628997803
64   1.9676257371902466
65   2.2196574211120605
66   1.5529719591140747
67   1.9851648807525635
68   2.2762043476104736
69   1.9810311794281006
70   1.9408990144729614
71   1.6005743741989136
72   1.6608798503875732
73   1.6689456701278687
74   1.4339330196380615
75   2.0996010303497314
76   1.7791212797164917
77   1.9294824600219727
78   1.6661769151687622
79   1.5699280500411987
80   1.5554887056350708
81   1.8248599767684937
82   1.9135804176330566
83   1.474018931388855
84   2.0992915630340576
85   1.950474500656128
86   1.5781700611114502
87   1.9407498836517334
88   2.0328032970428467
89   1.7725374698638916
90   2.0530130863189697
91   2.5737061500549316
92   1.923797607421875
93   1.7540165185928345
94   1.9905339479446411
95   1.7017463445663452
96   1.6881892681121826
97   1.8758741617202759
98   1.552520513534546
99   1.6570993661880493
100   2.2271974086761475
101   2.1305010318756104
102   1.6379679441452026
103   1.7104154825210571
104   1.7105945348739624
105   1.969613790512085
106   2.0615029335021973
107   1.9014374017715454
108   2.11244797706604
109   1.6467652320861816
110   1.5136868953704834
111   1.6226491928100586
112   1.510332703590393
113   1.7225635051727295
114   1.668054461479187
115   2.4873993396759033
116   1.5070264339447021
117   1.9001414775848389
118   2.1034433841705322
119   2.238006830215454
120   2.4369959831237793
121   1.7733408212661743
122   1.596158504486084
123   1.7137601375579834
124   2.277045726776123
125   1.6439456939697266
126   1.9705026149749756
127   1.5490177869796753
128   1.9185138940811157
129   1.7936152219772339
130   2.241966724395752
131   2.0860109329223633
132   2.1003870964050293
133   1.6465041637420654
134   1.9532369375228882
135   1.8103286027908325
136   1.5585414171218872
137   1.6830017566680908
138   1.6154961585998535
139   1.6603714227676392
140   1.609075665473938
141   1.7830009460449219
142   1.9990108013153076
143   1.813612937927246
144   2.003664255142212
145   1.804049015045166
146   1.6371912956237793
147   1.6787340641021729
148   1.551585078239441
149   1.9521865844726563
150   1.7118282318115234
151   1.932700514793396
152   1.76676344871521
153   2.0457804203033447
154   1.5150268077850342
155   1.9712629318237305
156   1.5874696969985962
157   1.373167634010315
158   1.870623230934143
159   1.6436467170715332
160   2.083314895629883
161   2.0669164657592773
162   1.8091819286346436
163   1.74363112449646
164   1.757198691368103
165   1.9183698892593384
166   1.6352869272232056
167   1.797478437423706
168   1.7150312662124634
169   1.5769553184509277
170   2.4987587928771973
171   2.11442232131958
172   1.8233636617660522
173   1.6789350509643555
174   1.8191752433776855
175   1.927837610244751
176   1.7024385929107666
177   2.0001578330993652
178   1.663101077079773
179   1.7035250663757324
180   1.9195353984832764
181   1.9781867265701294
182   1.8074592351913452
183   1.5677052736282349
184   1.6008641719818115
185   1.8941943645477295
186   2.5211122035980225
187   2.0197908878326416
188   1.987089991569519
189   1.8382270336151123
190   1.645836353302002
191   1.9334516525268555
192   2.1765646934509277
193   2.807305097579956
194   1.670817494392395
195   1.7119598388671875
196   1.9584819078445435
197   1.3654345273971558
198   1.5702879428863525
199   2.044656753540039
200   1.774161458015442
201   1.7906908988952637
202   1.8706938028335571
203   1.9009807109832764
204   1.8406803607940674
205   1.647773265838623
206   1.746329665184021
207   2.1433472633361816
208   1.815398931503296
209   1.8086222410202026
210   2.0748682022094727
211   1.5489338636398315
212   1.4551905393600464
213   1.7665534019470215
