1   1.2433377504348755
2   1.4084277153015137
3   1.3074802160263062
4   1.278775691986084
5   1.5096280574798584
6   1.4612646102905273
7   1.2931747436523438
8   1.4481492042541504
9   1.4696693420410156
10   1.2420530319213867
11   1.4889603853225708
12   1.4860445261001587
13   1.3826630115509033
14   1.1690232753753662
15   1.2980302572250366
16   1.5074180364608765
17   1.4514248371124268
18   1.349678635597229
19   1.2579931020736694
20   1.4815601110458374
21   1.230203628540039
22   1.5590965747833252
23   0.9998370409011841
24   1.4081323146820068
25   1.5252659320831299
26   1.3106108903884888
27   1.410417079925537
28   1.1668250560760498
29   1.2089372873306274
30   1.2368898391723633
31   1.5366824865341187
32   1.584542155265808
33   1.410296082496643
34   1.4231444597244263
35   1.2039192914962769
36   1.5640864372253418
37   1.4673875570297241
38   1.646491289138794
39   1.3522608280181885
40   1.4211446046829224
41   1.5463643074035645
42   1.5110979080200195
43   1.1958826780319214
44   1.3798658847808838
45   1.4331892728805542
46   1.472113847732544
47   1.2969356775283813
48   1.3605005741119385
49   1.6541320085525513
50   1.2836480140686035
51   1.4603060483932495
52   1.3228470087051392
53   1.513641357421875
54   1.5368103981018066
55   1.2646749019622803
56   1.5514774322509766
57   1.2664321660995483
58   1.1657917499542236
59   1.3487229347229004
60   1.1279926300048828
61   1.341490387916565
62   1.3734411001205444
63   1.231345534324646
64   1.141295075416565
65   1.29796302318573
66   1.2201321125030518
67   1.460497498512268
68   1.2638124227523804
69   1.1931028366088867
70   1.2886667251586914
71   1.1431611776351929
72   1.4945602416992188
73   1.2561712265014648
74   1.2308216094970703
75   1.3706797361373901
76   1.4953923225402832
77   1.3724199533462524
78   1.3114513158798218
79   1.444610834121704
80   1.45856773853302
81   1.0611300468444824
82   0.9707704782485962
83   1.4088256359100342
84   1.2782158851623535
85   1.3573145866394043
86   1.3830875158309937
87   1.035974383354187
88   1.3019970655441284
89   1.7920823097229004
90   1.453715205192566
91   1.3722432851791382
92   1.223137378692627
93   1.363765001296997
94   1.328731894493103
95   1.048689603805542
96   1.3677165508270264
97   1.1689177751541138
98   1.4209628105163574
99   1.0912214517593384
100   1.328673005104065
101   1.3165910243988037
102   1.0779958963394165
103   1.201330542564392
104   1.2391588687896729
105   1.1579455137252808
106   1.3404678106307983
107   1.001909613609314
108   1.2058687210083008
109   1.126067876815796
110   1.1039494276046753
111   1.129988193511963
112   1.1105408668518066
113   1.487512230873108
114   1.2147866487503052
115   1.1837348937988281
116   1.424037218093872
117   1.1404646635055542
118   1.0780669450759888
119   1.1376595497131348
120   1.2224464416503906
121   1.0960454940795898
122   1.3671324253082275
123   1.3152527809143066
124   1.3960314989089966
125   1.1325501203536987
126   1.3643611669540405
127   1.205954670906067
128   1.3973926305770874
129   1.0203138589859009
130   1.1673885583877563
131   1.588150978088379
132   1.2726569175720215
133   1.3135970830917358
134   1.143518328666687
135   1.1722183227539063
136   1.1423685550689697
137   1.1650692224502563
138   1.2456367015838623
139   1.045676350593567
140   1.3714449405670166
141   1.3303524255752563
142   1.2094978094100952
143   1.3907111883163452
144   1.1422271728515625
145   1.4067940711975098
146   1.2165580987930298
147   1.163712501525879
148   1.6196562051773071
149   1.4788750410079956
150   1.1822949647903442
151   1.335340976715088
152   1.111953854560852
153   1.4502959251403809
154   1.1927307844161987
155   1.348963975906372
156   1.1747913360595703
157   1.4206351041793823
158   1.207267165184021
159   1.2646242380142212
160   1.2261651754379272
