1   3.2179670333862305
2   3.5844240188598633
3   3.6718106269836426
4   3.86492919921875
5   3.8200571537017822
6   3.5472607612609863
7   2.882040023803711
8   3.863980770111084
9   3.27482008934021
10   3.3184261322021484
11   3.769693613052368
12   2.5853219032287598
13   3.1215362548828125
14   3.5372395515441895
15   3.424543857574463
16   3.582141637802124
17   3.416785955429077
18   3.5102615356445313
19   3.7590157985687256
20   3.706308126449585
21   3.099302053451538
22   2.974055051803589
23   3.3538272380828857
24   3.793370246887207
25   3.8501524925231934
26   4.4286370277404785
27   3.867854595184326
28   3.2041053771972656
29   3.5712952613830566
30   4.032498836517334
31   3.9813919067382813
32   3.152153968811035
33   3.4138174057006836
34   3.5755727291107178
35   3.868337392807007
36   3.319409132003784
37   3.677912712097168
38   3.7800559997558594
39   3.2468597888946533
40   3.3226914405822754
41   4.115927696228027
42   3.8737716674804688
43   3.5105772018432617
44   2.429724931716919
45   3.6644270420074463
46   3.2463834285736084
47   3.3095884323120117
48   3.1978135108947754
49   3.5447933673858643
50   3.942232847213745
51   3.692699670791626
52   4.263411045074463
53   3.3679049015045166
54   3.3918464183807373
55   3.101219415664673
56   3.2502732276916504
57   3.713505506515503
58   3.511127471923828
59   3.300811767578125
60   3.6614716053009033
61   3.7027249336242676
62   3.7614517211914063
63   4.241737365722656
64   3.9679973125457764
65   5.107442855834961
66   4.9921650886535645
67   3.6936733722686768
68   3.328660488128662
69   3.8221986293792725
70   4.006198406219482
71   4.297835826873779
72   4.169686317443848
73   3.2442431449890137
74   3.473360300064087
75   4.166884899139404
76   4.136308193206787
77   3.4638893604278564
78   3.2572855949401855
79   3.4326226711273193
80   3.255059003829956
81   3.627561330795288
82   2.7209012508392334
83   3.9676852226257324
84   3.04512095451355
85   3.699977159500122
86   3.5774409770965576
87   3.4826157093048096
88   4.535526752471924
89   3.324270725250244
90   3.710789203643799
91   4.8563923835754395
92   5.675448417663574
93   5.791039943695068
94   3.713371515274048
95   4.018349647521973
96   3.5298542976379395
97   2.6003329753875732
98   2.9622912406921387
99   3.035248279571533
100   4.870949745178223
101   4.3587236404418945
102   4.048461437225342
103   3.909876585006714
104   5.883937835693359
105   3.8945369720458984
106   4.126794815063477
107   4.205618381500244
108   3.9542906284332275
109   4.077731609344482
110   3.858739137649536
111   4.661076545715332
112   5.433835506439209
113   3.705108404159546
114   5.161649703979492
115   6.634036540985107
116   5.559460639953613
117   4.5065083503723145
118   3.9330637454986572
119   3.9182915687561035
120   3.9601917266845703
121   5.824339389801025
122   5.715856552124023
123   5.9718017578125
124   4.076603412628174
125   4.567142963409424
126   4.405800819396973
127   3.5868520736694336
128   3.481266736984253
129   6.243812084197998
130   4.5096306800842285
131   3.992703914642334
132   4.623910903930664
133   4.415374279022217
134   4.17606782913208
135   3.5480682849884033
136   4.091700553894043
137   5.056536674499512
138   4.439323902130127
139   4.377392292022705
140   3.810045003890991
141   4.222821235656738
142   4.352954864501953
143   4.4149603843688965
144   3.9547667503356934
145   4.292800426483154
146   4.809621334075928
147   5.481872081756592
148   4.9408955574035645
149   3.534458637237549
150   4.129945755004883
151   4.236665725708008
152   4.042385578155518
153   4.003958225250244
154   3.140794038772583
155   3.2898426055908203
156   4.598108291625977
157   4.490412712097168
158   4.323310375213623
159   4.354128360748291
160   5.948263168334961
