1   4.268301963806152
2   4.775014400482178
3   3.4028940200805664
4   4.587177276611328
5   4.177674770355225
6   4.386326313018799
7   4.477376461029053
8   4.04732084274292
9   4.665678024291992
10   4.337857723236084
11   3.134361743927002
12   4.051257133483887
13   5.600757598876953
14   4.5308756828308105
15   5.866316795349121
16   4.306575298309326
17   3.503063678741455
18   3.583507776260376
19   3.849640130996704
20   4.724238395690918
21   3.8863933086395264
22   4.2547688484191895
23   5.0139851570129395
24   3.8475019931793213
25   3.907064199447632
26   4.015018463134766
27   4.313518047332764
28   4.576447486877441
29   3.79339337348938
30   4.550635814666748
31   3.5521063804626465
32   3.7412428855895996
33   3.5583221912384033
34   4.467360973358154
35   4.535411357879639
36   4.1994476318359375
37   4.7058281898498535
38   2.738947868347168
39   4.885067462921143
40   4.740063190460205
41   4.176216125488281
42   5.560585975646973
43   4.890957832336426
44   5.5643086433410645
45   4.502072811126709
46   5.451497554779053
47   5.831603050231934
48   3.199697971343994
49   5.045575141906738
50   4.535177707672119
51   4.155885696411133
52   4.311864852905273
53   5.0346503257751465
54   4.209168910980225
55   4.920928955078125
56   4.963541507720947
57   4.308234691619873
58   4.0840020179748535
59   5.444674968719482
60   5.120741367340088
61   6.049920082092285
62   5.542852878570557
63   5.7040114402771
64   6.1923136711120605
65   5.199703216552734
66   5.148367881774902
67   3.2105472087860107
68   3.879497766494751
69   4.705477237701416
70   4.632298946380615
71   4.277699947357178
72   3.715435743331909
73   6.0327229499816895
74   4.116580963134766
75   4.420583248138428
76   4.263154983520508
77   4.142270565032959
78   4.513761043548584
79   5.950432300567627
80   4.448111534118652
81   4.874146461486816
82   3.8417611122131348
83   5.292178153991699
84   5.393596172332764
85   5.471381187438965
86   5.77779483795166
87   4.750520706176758
88   4.35597038269043
89   3.2968780994415283
90   4.57483434677124
91   4.223513603210449
92   3.842099666595459
93   3.6308705806732178
94   4.1083197593688965
95   3.756892442703247
96   3.7274651527404785
97   3.26348876953125
98   4.089139938354492
99   4.619733810424805
100   4.342772006988525
101   5.481609344482422
102   3.8558237552642822
103   4.0592756271362305
104   3.760571002960205
105   4.219864845275879
106   3.3614702224731445
107   4.324331760406494
108   3.971561908721924
109   4.710935592651367
110   4.012650012969971
111   4.051970481872559
112   4.191998481750488
113   3.6841039657592773
114   4.562488079071045
115   4.787481784820557
116   4.481033802032471
117   4.381106853485107
118   4.735944747924805
119   2.9878625869750977
120   3.904308319091797
121   4.173208236694336
122   4.871189117431641
123   4.067000865936279
124   3.477416515350342
125   4.811182022094727
126   3.6865170001983643
127   4.6909499168396
128   3.932828903198242
129   4.358375549316406
130   4.473779201507568
131   4.4812517166137695
132   4.1981048583984375
133   4.466786861419678
134   4.521771430969238
135   3.9334239959716797
136   4.177124977111816
137   4.684600353240967
138   4.5593791007995605
139   4.038768768310547
140   4.696959972381592
141   4.272238731384277
142   3.7631330490112305
143   4.8343329429626465
144   3.4168410301208496
145   4.203001499176025
146   4.7173566818237305
147   4.37687873840332
148   3.3842780590057373
149   3.5943424701690674
150   3.978783369064331
151   4.3044753074646
152   4.278736114501953
153   3.7293667793273926
154   4.066760540008545
155   3.918973207473755
156   4.900575637817383
157   4.27651834487915
158   4.994295597076416
159   5.329468727111816
160   3.6220340728759766
