1   1.8791598081588745
2   1.9645699262619019
3   1.854048490524292
4   2.065056800842285
5   1.8822481632232666
6   2.0434253215789795
7   1.9508110284805298
8   2.1476874351501465
9   1.9831346273422241
10   1.8955061435699463
11   2.203068971633911
12   1.7691832780838013
13   2.1965267658233643
14   2.0464963912963867
15   2.175619602203369
16   1.9830000400543213
17   2.1211140155792236
18   2.2961583137512207
19   1.739689588546753
20   1.9388980865478516
21   1.9407777786254883
22   1.9027211666107178
23   1.757420301437378
24   2.3044345378875732
25   2.328533411026001
26   2.0644679069519043
27   2.09043550491333
28   1.8840676546096802
29   1.9643055200576782
30   1.867907166481018
31   2.1762187480926514
32   2.250298500061035
33   1.8461604118347168
34   2.2550289630889893
35   2.0905039310455322
36   2.4256978034973145
37   1.9812099933624268
38   2.217726945877075
39   2.2293460369110107
40   2.390550374984741
41   2.4922430515289307
42   2.4450042247772217
43   2.05900239944458
44   1.9556570053100586
45   2.393483877182007
46   2.093762159347534
47   1.9297115802764893
48   1.9783064126968384
49   2.1847739219665527
50   2.1972434520721436
51   2.2406392097473145
52   2.325061082839966
53   2.299408435821533
54   2.3679423332214355
55   1.904994249343872
56   2.104673147201538
57   2.0191843509674072
58   1.8570866584777832
59   1.8417859077453613
60   1.7794822454452515
61   1.7973992824554443
62   2.117708683013916
63   2.4331023693084717
64   2.040412425994873
65   2.635432004928589
66   2.2017087936401367
67   2.3050718307495117
68   2.1431539058685303
69   2.072981357574463
70   2.4165241718292236
71   1.8768585920333862
72   2.1766698360443115
73   2.248523473739624
74   2.201265811920166
75   2.1027796268463135
76   1.6042615175247192
77   1.8994686603546143
78   1.5945489406585693
79   1.8418048620224
80   1.9089022874832153
81   1.6230833530426025
82   1.4694191217422485
83   1.6817996501922607
84   1.8305379152297974
85   1.6755880117416382
86   1.6023837327957153
87   1.7434026002883911
88   2.087395191192627
89   1.9396188259124756
90   1.6380068063735962
91   2.0428619384765625
92   1.9848668575286865
93   2.0647244453430176
94   1.983644962310791
95   1.7059372663497925
96   1.6176174879074097
97   1.8743122816085815
98   2.602503538131714
99   1.7835577726364136
100   2.276358127593994
101   1.8628939390182495
102   1.836888074874878
103   2.031541347503662
104   2.3218257427215576
105   1.761415958404541
106   2.1890769004821777
107   1.935934066772461
108   1.8865039348602295
109   1.8017454147338867
110   1.8380762338638306
111   1.889955997467041
112   1.8345924615859985
113   2.0490636825561523
114   1.9845868349075317
115   1.848090410232544
116   2.0293822288513184
117   1.7247577905654907
118   1.9406578540802002
119   2.091703176498413
120   1.9403102397918701
121   1.8261799812316895
122   2.2820324897766113
123   2.213296413421631
124   1.99516761302948
125   2.066781759262085
126   1.8309694528579712
127   1.7817487716674805
128   1.9938735961914063
129   2.0456435680389404
130   1.8331422805786133
131   1.6288026571273804
132   1.7796703577041626
133   1.9328551292419434
134   1.7547039985656738
135   1.8124064207077026
136   1.6741673946380615
137   1.6805331707000732
138   1.5635324716567993
139   2.021833658218384
140   1.8951207399368286
141   1.8429734706878662
142   1.9154592752456665
143   1.8594963550567627
144   1.745384693145752
145   1.9497056007385254
146   1.9381221532821655
147   1.9066872596740723
148   2.1285483837127686
149   1.9570302963256836
150   1.8383872509002686
151   1.8379287719726563
152   1.592956304550171
153   2.0923407077789307
154   1.5344561338424683
155   1.8819615840911865
156   1.7312923669815063
157   1.8042935132980347
158   1.760643482208252
159   1.517123818397522
160   2.4233598709106445
