1   1.9420236349105835
2   1.9958972930908203
3   1.9105185270309448
4   2.1759696006774902
5   2.0218610763549805
6   2.239971160888672
7   1.9578289985656738
8   2.2555952072143555
9   2.125943422317505
10   2.106219530105591
11   2.4010965824127197
12   1.8909298181533813
13   2.333136796951294
14   2.073200225830078
15   2.3035755157470703
16   2.128605365753174
17   2.250720262527466
18   2.4273200035095215
19   1.7493783235549927
20   2.109727621078491
21   2.0830657482147217
22   2.040879487991333
23   1.8401955366134644
24   2.514934539794922
25   2.4434895515441895
26   2.2290966510772705
27   2.204284906387329
28   2.0038094520568848
29   2.0606651306152344
30   2.011141777038574
31   2.338613271713257
32   2.3465206623077393
33   1.8009755611419678
34   2.249267578125
35   2.086749792098999
36   2.333794355392456
37   1.954686164855957
38   2.266777515411377
39   2.2155864238739014
40   2.3586151599884033
41   2.4228620529174805
42   2.4953815937042236
43   2.0461740493774414
44   1.9129072427749634
45   2.365861177444458
46   2.111198663711548
47   1.8373931646347046
48   1.9319474697113037
49   2.126286268234253
50   2.152958631515503
51   2.4291794300079346
52   2.3383610248565674
53   2.5244572162628174
54   2.4916176795959473
55   2.10770845413208
56   2.336304187774658
57   2.056144952774048
58   1.9586087465286255
59   1.9021189212799072
60   1.897335171699524
61   1.8662810325622559
62   2.216399669647217
63   2.6137614250183105
64   2.01546049118042
65   2.6176533699035645
66   2.2812633514404297
67   2.429466962814331
68   2.2059574127197266
69   2.199101686477661
70   2.6359846591949463
71   1.9640485048294067
72   2.422271728515625
73   2.3725905418395996
74   2.324741840362549
75   2.1680808067321777
76   1.7419373989105225
77   2.0328593254089355
78   1.7026724815368652
79   2.002678155899048
80   2.0091018676757813
81   1.7559212446212769
82   1.5267666578292847
83   1.764879822731018
84   2.026838779449463
85   1.7522752285003662
86   1.657529354095459
87   1.7864717245101929
88   2.1520843505859375
89   2.1427805423736572
90   1.6840012073516846
91   2.1879405975341797
92   2.2414002418518066
93   2.2239630222320557
94   2.1872286796569824
95   1.7626736164093018
96   1.6443259716033936
97   1.8902562856674194
98   2.7105355262756348
99   1.7888505458831787
100   2.0434868335723877
101   1.9421221017837524
102   1.8795534372329712
103   2.0470573902130127
104   2.2616465091705322
105   1.8411611318588257
106   2.1925830841064453
107   1.8819808959960938
108   1.8850573301315308
109   1.932624101638794
110   1.8619413375854492
111   1.9297099113464355
112   1.7897937297821045
113   2.1045079231262207
114   1.9275760650634766
115   1.7797937393188477
116   1.9708396196365356
117   1.6132019758224487
118   1.8996680974960327
119   2.3307735919952393
120   2.0744850635528564
121   1.784927487373352
122   2.240915298461914
123   2.0782201290130615
124   2.041256904602051
125   2.172318696975708
126   1.9620994329452515
127   1.8601230382919312
128   1.9869173765182495
129   2.1278247833251953
130   1.74147629737854
131   1.6959130764007568
132   1.7203309535980225
133   2.037832021713257
134   1.8564484119415283
135   1.9326947927474976
136   1.6673259735107422
137   1.6542940139770508
138   1.5476030111312866
139   2.1007490158081055
140   1.9984501600265503
141   1.8504266738891602
142   1.9878084659576416
143   1.924071192741394
144   1.887040615081787
145   2.0141022205352783
146   1.9389026165008545
147   1.966871738433838
148   2.2609474658966064
149   2.017589807510376
150   1.926095724105835
151   1.9594780206680298
152   1.6978778839111328
153   2.1878182888031006
154   1.7025749683380127
155   1.9968233108520508
156   1.829293966293335
157   1.8942183256149292
158   1.8390772342681885
159   1.5502700805664063
160   2.605715274810791
