1   1.0696443319320679
2   1.2039319276809692
3   1.4258921146392822
4   1.24634850025177
5   1.4057527780532837
6   1.2714418172836304
7   1.396065354347229
8   1.4125995635986328
9   1.2058131694793701
10   1.316879391670227
11   1.409188151359558
12   1.4876755475997925
13   1.364661693572998
14   1.29693603515625
15   1.335741400718689
16   1.3752917051315308
17   1.483724594116211
18   1.1454819440841675
19   1.3371158838272095
20   1.4091684818267822
21   0.9935517907142639
22   1.248458981513977
23   1.1231422424316406
24   1.4110100269317627
25   1.0144468545913696
26   1.168144702911377
27   1.3457841873168945
28   1.1297295093536377
29   1.0976084470748901
30   1.0751672983169556
31   1.2340648174285889
32   1.0723956823349
33   1.1600455045700073
34   0.9559292793273926
35   1.089023470878601
36   1.1946635246276855
37   1.2592705488204956
38   1.2221611738204956
39   1.219091773033142
40   1.4086397886276245
41   0.9320722818374634
42   0.7853414416313171
43   1.5906972885131836
44   1.2092210054397583
45   0.7934055924415588
46   1.1030559539794922
47   1.2389384508132935
48   0.8230878710746765
49   0.973966658115387
50   1.571481466293335
51   1.2013849020004272
52   1.3025076389312744
53   1.4498885869979858
54   1.497889757156372
55   1.3741459846496582
56   1.2299401760101318
57   1.9043817520141602
58   1.6593132019042969
59   1.8115140199661255
60   1.0896037817001343
61   1.6834932565689087
62   1.0014647245407104
63   1.624839186668396
64   1.0778415203094482
65   1.2131860256195068
66   1.3890832662582397
67   1.5749142169952393
68   1.4372038841247559
69   1.381433367729187
70   2.036231279373169
71   1.7210925817489624
72   1.287949562072754
73   1.6703293323516846
74   1.1635483503341675
75   1.420005202293396
76   1.881157398223877
77   1.4421412944793701
78   1.134146809577942
79   1.193028211593628
80   1.2248355150222778
81   1.296116828918457
82   1.292724847793579
83   1.5543397665023804
84   1.2622482776641846
85   1.3722773790359497
86   1.671414852142334
87   1.171547532081604
88   1.436470627784729
89   1.0080803632736206
90   1.55511474609375
91   1.0033890008926392
92   1.422655463218689
93   1.5143892765045166
94   1.6218403577804565
95   1.6512210369110107
96   1.368308663368225
97   1.6860307455062866
98   1.5631675720214844
99   1.2078521251678467
100   1.1555172204971313
101   0.9837033748626709
102   0.9488231539726257
103   1.4460535049438477
104   1.868857502937317
105   1.4008479118347168
106   1.1268022060394287
107   1.650636076927185
108   1.82492196559906
109   1.806054711341858
110   1.0829722881317139
111   1.668345332145691
112   1.6397132873535156
113   0.9674376845359802
114   1.6375229358673096
115   1.1613951921463013
116   1.3338515758514404
117   0.8076155781745911
118   0.9802480340003967
119   1.1231436729431152
120   1.477779507637024
121   0.933353841304779
122   1.1937421560287476
123   1.2103872299194336
124   1.0991586446762085
125   1.0375347137451172
126   1.6579254865646362
127   1.6153175830841064
128   1.6579397916793823
129   1.3402560949325562
130   1.5000183582305908
131   1.685881495475769
132   1.1017022132873535
133   1.220895767211914
134   1.2033878564834595
135   1.5653128623962402
136   1.3719415664672852
137   1.1009926795959473
138   1.2146351337432861
139   1.1833888292312622
140   1.4764248132705688
141   1.465854287147522
142   1.0465352535247803
143   1.491190791130066
144   1.22710382938385
145   1.2501507997512817
146   0.9670985341072083
147   1.3559364080429077
148   1.3648313283920288
149   1.11215078830719
150   1.2621608972549438
151   1.349639654159546
152   1.1412971019744873
153   1.1036090850830078
154   1.1710429191589355
155   1.2113910913467407
156   1.1267385482788086
157   1.120741844177246
158   1.0530589818954468
159   1.301835298538208
160   1.3083220720291138
161   1.2049204111099243
162   1.3622394800186157
163   1.6273446083068848
164   1.3859657049179077
