1   2.6673738956451416
2   3.439713954925537
3   3.538590669631958
4   3.6966938972473145
5   3.411484479904175
6   3.928377628326416
7   3.2212324142456055
8   3.1085588932037354
9   3.6204886436462402
10   3.5814895629882813
11   3.621227741241455
12   3.2698168754577637
13   3.7424397468566895
14   4.0653862953186035
15   3.393153190612793
16   3.6079025268554688
17   3.8007795810699463
18   3.568608283996582
19   3.437455892562866
20   3.7506237030029297
21   3.2378902435302734
22   3.783294200897217
23   3.75417423248291
24   3.3002259731292725
25   3.322296380996704
26   4.041283130645752
27   3.0684401988983154
28   3.786564588546753
29   3.5552303791046143
30   2.970698833465576
31   3.204315662384033
32   2.775631904602051
33   2.451894760131836
34   3.613896369934082
35   2.8283493518829346
36   2.7463607788085938
37   2.8397514820098877
38   3.207632064819336
39   1.9293861389160156
40   2.3838253021240234
41   3.0160043239593506
42   2.674248695373535
43   3.260591983795166
44   3.231520652770996
45   2.9783425331115723
46   3.755173921585083
47   3.5624547004699707
48   3.577009677886963
49   3.114459991455078
50   2.980325222015381
51   3.5891644954681396
52   3.37190842628479
53   2.663867473602295
54   3.2277681827545166
55   3.2864670753479004
56   3.522237777709961
57   3.0786075592041016
58   2.8034768104553223
59   2.9136016368865967
60   2.8909311294555664
61   3.304344892501831
62   2.849888563156128
63   3.2851483821868896
64   2.8607122898101807
65   3.03950572013855
66   3.3129618167877197
67   2.885390043258667
68   2.955902338027954
69   4.1631760597229
70   2.9771785736083984
71   3.3641366958618164
72   2.577524185180664
73   3.820889472961426
74   3.949122905731201
75   3.7312235832214355
76   4.877938270568848
77   3.7253613471984863
78   3.5481162071228027
79   3.516573667526245
80   3.5326740741729736
81   3.43934965133667
82   3.613373041152954
83   4.020798683166504
84   3.8884050846099854
85   3.8209095001220703
86   4.164330959320068
87   2.7211685180664063
88   3.2235403060913086
89   2.989928722381592
90   3.5359160900115967
91   2.972921371459961
92   4.934189319610596
93   3.081188440322876
94   4.075644016265869
95   4.010397434234619
96   4.623470783233643
97   3.536242961883545
98   3.9529480934143066
99   3.72825288772583
100   3.5312414169311523
101   3.865786075592041
102   6.417362689971924
103   5.151849269866943
104   6.274077415466309
105   4.354316711425781
106   3.9905805587768555
107   3.2779669761657715
108   4.251252174377441
109   4.391463279724121
110   4.369117259979248
111   3.9330103397369385
112   3.3900821208953857
113   4.826639175415039
114   3.9136061668395996
115   3.9678454399108887
116   3.84249210357666
117   3.7574265003204346
118   3.404217481613159
119   3.5456509590148926
120   3.540611505508423
121   3.625652313232422
122   3.240738868713379
123   4.957333564758301
124   4.690238952636719
125   3.5156400203704834
126   4.112313270568848
127   3.1103155612945557
128   4.101811408996582
129   3.514382839202881
130   3.810558557510376
131   4.2398295402526855
132   3.990879774093628
133   2.8405885696411133
134   4.986039638519287
135   4.041955471038818
136   3.026841163635254
137   3.9400761127471924
138   3.998664617538452
139   3.533590793609619
140   5.006384372711182
141   3.903294086456299
142   5.222635746002197
143   3.3734536170959473
144   4.241664886474609
145   3.6112747192382813
146   3.6852664947509766
147   3.7111170291900635
148   4.556858539581299
149   4.362714767456055
150   4.395463466644287
151   5.440098285675049
152   3.4250245094299316
153   3.8418262004852295
154   3.6331889629364014
155   3.874030113220215
156   3.370952606201172
157   3.8481149673461914
158   3.6913528442382813
159   3.4888176918029785
160   4.014124870300293
161   3.2018604278564453
162   3.5732314586639404
163   3.089409351348877
164   4.134130477905273
