1   4.280665397644043
2   4.492000102996826
3   3.5593526363372803
4   4.313611030578613
5   3.24480938911438
6   4.125967979431152
7   4.55905294418335
8   4.164934158325195
9   4.412179470062256
10   3.5165138244628906
11   4.783596038818359
12   3.7350783348083496
13   3.3582968711853027
14   3.480346441268921
15   3.4945785999298096
16   4.156216621398926
17   3.8193366527557373
18   3.959290027618408
19   3.4454967975616455
20   4.190835475921631
21   3.787468910217285
22   4.303881645202637
23   4.21750545501709
24   3.9876010417938232
25   3.6052231788635254
26   3.7386856079101563
27   3.675398826599121
28   3.903611421585083
29   4.446800708770752
30   5.576430797576904
31   4.6561384201049805
32   3.444916009902954
33   4.774855136871338
34   3.969269037246704
35   4.059757709503174
36   4.463291645050049
37   4.738268852233887
38   5.519415378570557
39   4.04262638092041
40   3.0797927379608154
41   3.963681936264038
42   4.330780506134033
43   4.611037731170654
44   5.979466438293457
45   5.340564727783203
46   5.739619255065918
47   6.033151626586914
48   4.220483779907227
49   3.7757396697998047
50   4.634153842926025
51   4.2760491371154785
52   5.2291693687438965
53   4.619687557220459
54   5.185963153839111
55   4.556983947753906
56   5.310229778289795
57   4.653051853179932
58   4.8555803298950195
59   5.051900863647461
60   4.793387413024902
61   5.12546968460083
62   4.6219048500061035
63   4.845669269561768
64   4.894650459289551
65   5.626133441925049
66   5.886717319488525
67   4.433219909667969
68   4.599361419677734
69   5.05679178237915
70   3.19401478767395
71   3.477003574371338
72   3.8466126918792725
73   4.524378776550293
74   4.333522319793701
75   4.4709577560424805
76   4.532230377197266
77   4.494543552398682
78   5.801036834716797
79   5.686679840087891
80   6.460850715637207
81   4.595003128051758
82   4.346039295196533
83   5.811150550842285
84   5.059125900268555
85   5.913092613220215
86   3.9025588035583496
87   4.51258659362793
88   5.285789966583252
89   4.40726375579834
90   4.705178737640381
91   4.860640048980713
92   4.988462924957275
93   4.055877208709717
94   4.875679016113281
95   4.887531280517578
96   4.622093200683594
97   5.444112300872803
98   5.0178608894348145
99   6.136270523071289
100   4.504290580749512
101   5.342430114746094
102   4.306532382965088
103   4.260469436645508
104   7.297704219818115
105   4.472584247589111
106   5.0160603523254395
107   6.220406532287598
108   4.521469593048096
109   5.077083110809326
110   4.223789691925049
111   4.393839359283447
112   4.465260982513428
113   4.206711769104004
114   5.239247798919678
115   4.465933799743652
116   5.199592113494873
117   5.7769975662231445
118   4.20672607421875
119   4.328559398651123
120   4.129176616668701
121   3.7025742530822754
122   4.393863201141357
123   5.237307071685791
124   5.199300765991211
125   4.004411220550537
126   4.753519058227539
127   4.017424583435059
128   4.108582973480225
129   4.741672039031982
130   5.210390090942383
131   4.39570426940918
132   3.490151882171631
133   3.9629409313201904
134   4.4255146980285645
135   4.322711944580078
136   4.452530860900879
137   4.460470199584961
138   4.122738361358643
139   4.384357929229736
140   4.118368148803711
141   4.891892910003662
142   5.994362831115723
143   5.037930488586426
144   4.630801677703857
145   4.5475921630859375
146   5.283994674682617
147   3.9458606243133545
148   4.626521587371826
149   3.7075355052948
150   4.034335613250732
151   4.442862033843994
152   4.1121721267700195
153   4.258127689361572
154   4.971582412719727
155   4.640056133270264
156   4.342201232910156
157   4.552043914794922
158   3.7130894660949707
159   5.0427422523498535
160   3.5291130542755127
161   3.6559383869171143
162   2.7402615547180176
163   4.095682621002197
164   3.2394237518310547
