1   1.5825977325439453
2   1.849802851676941
3   2.162693500518799
4   1.846583604812622
5   2.0711591243743896
6   2.0382277965545654
7   1.9407081604003906
8   1.8935164213180542
9   1.9288619756698608
10   1.9766871929168701
11   2.065756320953369
12   2.0750491619110107
13   2.059952735900879
14   1.927042841911316
15   1.7827528715133667
16   2.232060194015503
17   2.165147304534912
18   2.0591654777526855
19   1.7604442834854126
20   1.7572100162506104
21   1.6390314102172852
22   1.832334041595459
23   1.9347615242004395
24   1.7384732961654663
25   1.4324313402175903
26   1.855923056602478
27   2.0219874382019043
28   1.8960449695587158
29   1.4370070695877075
30   1.4502888917922974
31   1.5514495372772217
32   1.5793694257736206
33   1.8182638883590698
34   1.4274815320968628
35   1.4259568452835083
36   1.7123420238494873
37   1.7194104194641113
38   1.8492271900177002
39   1.6906579732894897
40   1.7562836408615112
41   1.6816633939743042
42   1.4695866107940674
43   2.154491662979126
44   1.6803239583969116
45   1.534590482711792
46   1.7072759866714478
47   1.8432163000106812
48   1.8518548011779785
49   1.8867173194885254
50   2.030625104904175
51   1.7139685153961182
52   1.4999667406082153
53   1.5107377767562866
54   2.1833109855651855
55   1.6924113035202026
56   1.5744253396987915
57   2.0045206546783447
58   1.616885781288147
59   1.8125007152557373
60   1.7218499183654785
61   1.4485414028167725
62   1.7607746124267578
63   2.127507209777832
64   1.9659879207611084
65   1.8000034093856812
66   1.5819722414016724
67   1.8395795822143555
68   1.6083070039749146
69   1.8102402687072754
70   2.384157180786133
71   2.2962162494659424
72   1.6531504392623901
73   2.296311378479004
74   1.6139217615127563
75   1.6128255128860474
76   1.9043768644332886
77   1.7918702363967896
78   1.7292366027832031
79   1.6171209812164307
80   1.330193281173706
81   1.7416744232177734
82   1.4945330619812012
83   1.9211500883102417
84   2.0267333984375
85   1.614142894744873
86   2.2775936126708984
87   1.9294085502624512
88   1.8527268171310425
89   1.4640783071517944
90   1.7401376962661743
91   1.8273977041244507
92   1.7723997831344604
93   1.7961676120758057
94   2.174602508544922
95   1.8247324228286743
96   1.6037266254425049
97   1.4141910076141357
98   1.7069153785705566
99   1.6286745071411133
100   1.7383989095687866
101   1.6281344890594482
102   2.126103401184082
103   2.062439203262329
104   2.0299673080444336
105   1.8494060039520264
106   1.7660564184188843
107   1.6711492538452148
108   1.5464755296707153
109   1.9936649799346924
110   1.8438907861709595
111   1.9282609224319458
112   1.8843181133270264
113   1.5249066352844238
114   1.6935348510742188
115   1.5194659233093262
116   1.3741087913513184
117   1.5896602869033813
118   1.8917964696884155
119   1.4644191265106201
120   1.7638870477676392
121   1.9972097873687744
122   1.719167947769165
123   1.9144340753555298
124   1.6093496084213257
125   1.7582837343215942
126   1.7141789197921753
127   1.6840333938598633
128   2.1716132164001465
129   1.8634124994277954
130   2.0355687141418457
131   1.7929039001464844
132   1.6098554134368896
133   1.542736530303955
134   1.7148696184158325
135   1.8600436449050903
136   2.069523811340332
137   1.7011923789978027
138   1.6475920677185059
139   1.677473783493042
140   2.030832290649414
141   2.0491209030151367
142   1.6415371894836426
143   1.8835374116897583
144   2.2136876583099365
145   1.7282074689865112
146   1.7426940202713013
147   1.5821412801742554
148   2.0783278942108154
149   1.854474663734436
150   1.815915822982788
151   2.155017375946045
152   1.5763298273086548
153   1.6162089109420776
154   1.5477135181427002
155   1.6112388372421265
156   1.537422776222229
157   1.5883299112319946
158   1.5224720239639282
159   1.75368070602417
160   1.9005868434906006
161   1.7146475315093994
162   1.8607592582702637
163   1.709207534790039
164   1.9556330442428589
