0   0.0
1   0.2656625509262085
2   0.30519232153892517
3   0.1716107428073883
4   0.1975310891866684
5   0.225272536277771
6   0.1746738702058792
7   0.21103081107139587
8   0.2785677909851074
9   1.422601580619812
10   1.7305409908294678
11   1.7639318704605103
12   1.6386067867279053
13   1.402976155281067
14   1.8074209690093994
15   1.4833492040634155
16   1.3568075895309448
17   1.5622351169586182
18   1.2960337400436401
19   1.9800584316253662
20   1.8197940587997437
21   1.4041759967803955
22   1.801708698272705
23   1.4490588903427124
24   1.8127015829086304
25   1.6997159719467163
26   2.2289159297943115
27   1.5736985206604004
28   1.5561530590057373
29   1.7987183332443237
30   2.358799934387207
31   1.7133231163024902
32   1.5910370349884033
33   1.6570860147476196
34   1.309618592262268
35   3.5387303829193115
36   1.9014028310775757
37   1.4138548374176025
38   1.408254623413086
39   1.790956974029541
40   2.153669834136963
41   1.6409990787506104
42   1.7618366479873657
43   2.779303550720215
44   1.9556584358215332
45   2.8409340381622314
46   2.8431644439697266
47   2.676013708114624
48   2.7066423892974854
49   2.772890329360962
50   2.6592724323272705
51   2.6578712463378906
52   3.3359780311584473
53   1.093191385269165
54   2.0459039211273193
55   2.680773973464966
56   2.1404011249542236
57   1.8536096811294556
58   1.769023060798645
59   1.5046223402023315
60   1.230202078819275
61   1.4769524335861206
62   2.101719856262207
63   1.9185951948165894
64   1.837066411972046
65   1.9297187328338623
66   2.0739829540252686
67   2.283262252807617
68   1.655533790588379
69   1.4400105476379395
70   1.4976537227630615
71   3.118175506591797
72   1.733044147491455
73   1.8312909603118896
74   2.1795706748962402
75   2.541846990585327
76   3.2052290439605713
77   2.21457839012146
78   2.6624152660369873
79   2.102193593978882
80   2.0031092166900635
81   1.9575413465499878
82   1.758913516998291
83   1.626643180847168
84   1.8440592288970947
85   1.5930895805358887
86   2.2310562133789063
87   1.923588752746582
88   1.7681747674942017
89   1.2711936235427856
90   1.2977701425552368
91   1.4822512865066528
92   1.5210621356964111
93   1.2513540983200073
94   2.7573211193084717
95   1.5280466079711914
96   1.6808329820632935
97   1.112399697303772
98   3.031994104385376
99   1.5223485231399536
100   1.8021199703216553
101   1.7819359302520752
102   0.96450275182724
103   1.0959508419036865
104   1.3572546243667603
105   1.4004193544387817
106   0.8610721826553345
107   1.040786623954773
108   1.2273964881896973
109   0.872302770614624
110   2.591951608657837
111   0.9641110301017761
112   1.411911129951477
113   1.2423404455184937
114   0.7580723166465759
115   0.9347069263458252
116   1.958292841911316
117   2.803417444229126
118   1.9449812173843384
119   1.924925446510315
120   2.3079416751861572
121   1.9383740425109863
122   2.25178599357605
123   2.211354970932007
124   2.5707976818084717
125   1.566305160522461
126   2.1913812160491943
127   2.062077522277832
128   1.6301562786102295
129   1.634114146232605
130   2.335052490234375
131   2.611095666885376
132   2.4445667266845703
133   2.1723403930664063
134   2.358283042907715
135   2.508871078491211
136   2.492029905319214
137   2.4501094818115234
138   2.9662749767303467
139   2.529787063598633
140   2.6203935146331787
141   0.9886102676391602
142   1.4598963260650635
143   1.2046782970428467
144   2.1833741664886475
145   1.633663535118103
146   1.6383641958236694
147   1.4839450120925903
148   2.2739672660827637
149   1.9771034717559814
150   2.1319401264190674
151   2.434875249862671
152   1.973630428314209
153   1.430476188659668
154   2.1163933277130127
155   1.3307825326919556
156   2.2052900791168213
157   2.224456548690796
158   2.0411465167999268
159   2.4552552700042725
160   2.5723915100097656
161   1.4996966123580933
162   0.7433617115020752
163   0.982606053352356
164   1.4535245895385742
165   1.8571584224700928
166   1.943131923675537
167   1.8729798793792725
168   2.0790951251983643
169   2.055844306945801
170   1.4290168285369873
171   0.9011095762252808
172   1.7576109170913696
173   1.5568504333496094
174   2.2395262718200684
175   1.3554887771606445
176   1.6786807775497437
177   1.1879204511642456
178   0.9714901447296143
179   1.5425169467926025
180   1.0727287530899048
181   1.0459014177322388
182   1.130940556526184
183   2.5864319801330566
184   1.9572432041168213
185   2.1606674194335938
186   1.8585368394851685
187   1.6387481689453125
188   1.9999991655349731
189   1.8603647947311401
190   1.6867049932479858
191   1.9774961471557617
192   1.342244267463684
193   0.8598179221153259
194   2.855637788772583
195   1.4752172231674194
196   2.1530885696411133
197   2.3096635341644287
198   1.6760916709899902
199   1.9454625844955444
200   2.634427070617676
201   2.212946653366089
202   2.4797024726867676
203   1.0721756219863892
204   1.3279341459274292
205   1.4336559772491455
206   1.718009352684021
207   2.219172716140747
208   1.1570727825164795
