1   1.776390790939331
2   1.5052483081817627
3   1.619293212890625
4   1.827370524406433
5   1.454138159751892
6   1.3885658979415894
7   1.5974860191345215
8   1.518125057220459
9   1.4078481197357178
10   1.6177000999450684
11   1.6002483367919922
12   1.5270330905914307
13   1.8525071144104004
14   1.3759256601333618
15   1.3717453479766846
16   2.0615994930267334
17   1.7368199825286865
18   1.6670587062835693
19   1.8150312900543213
20   1.6967229843139648
21   1.652501106262207
22   1.8042445182800293
23   1.849107265472412
24   1.5196295976638794
25   1.7756919860839844
26   2.1773500442504883
27   1.663376808166504
28   1.6312711238861084
29   1.6893720626831055
30   1.4867867231369019
31   1.41989266872406
32   1.5799256563186646
33   1.7676314115524292
34   1.3164705038070679
35   1.5296329259872437
36   1.6102110147476196
37   1.5061531066894531
38   1.4191243648529053
39   1.382036805152893
40   1.4768749475479126
41   1.7841713428497314
42   1.08570396900177
43   1.3740158081054688
44   1.808047890663147
45   1.4378656148910522
46   1.6629573106765747
47   1.748069405555725
48   1.7337950468063354
49   1.9985195398330688
50   1.6942558288574219
51   2.0774128437042236
52   1.419299602508545
53   1.272287368774414
54   1.6555101871490479
55   2.2010326385498047
56   2.349107027053833
57   1.525649070739746
58   1.8206778764724731
59   1.1854890584945679
60   1.3611027002334595
61   1.6001129150390625
62   2.1200735569000244
63   1.8350186347961426
64   1.8628839254379272
65   1.340795636177063
66   1.0796748399734497
67   1.3643826246261597
68   1.6516987085342407
69   1.9223120212554932
70   1.072603464126587
71   1.247758150100708
72   0.9842476844787598
73   2.5359034538269043
74   1.8458110094070435
75   1.785106897354126
76   1.751717448234558
77   2.0789778232574463
78   2.121285915374756
79   2.653069496154785
80   1.9503304958343506
81   2.003671407699585
82   2.1229512691497803
83   1.8685282468795776
84   2.1682467460632324
85   2.3899457454681396
86   1.6244075298309326
87   1.4228417873382568
88   1.0066725015640259
89   1.9997272491455078
90   2.2472927570343018
91   1.9496378898620605
92   1.2891591787338257
93   2.2575669288635254
94   1.5883381366729736
95   2.102980613708496
96   2.1357667446136475
97   1.441428780555725
98   1.66522216796875
99   1.738657832145691
100   2.116211175918579
101   2.148350238800049
102   1.564906358718872
103   0.9917151927947998
104   1.7041763067245483
105   2.404566526412964
106   1.978767991065979
107   1.918015718460083
108   1.8091198205947876
109   1.7321290969848633
110   1.9823670387268066
111   1.2145071029663086
112   1.8130817413330078
113   1.4639662504196167
114   1.4998513460159302
115   1.3897664546966553
116   1.713262915611267
117   1.2158583402633667
118   1.810957908630371
119   1.6135305166244507
120   1.5803529024124146
121   1.7506355047225952
122   1.8802615404129028
123   1.6172369718551636
124   1.5512757301330566
125   1.1265422105789185
126   1.8451942205429077
127   1.4723238945007324
128   1.456078052520752
129   1.585605263710022
130   1.2824606895446777
131   1.223145604133606
132   1.7196630239486694
133   1.5226234197616577
134   1.496220350265503
135   1.7325547933578491
136   1.2666312456130981
137   1.4415558576583862
138   1.797973871231079
139   1.554797887802124
140   1.464548945426941
141   1.737483024597168
142   1.7153962850570679
143   1.458367109298706
144   1.5022555589675903
145   1.760641098022461
146   1.5969828367233276
147   1.7109559774398804
148   1.2707643508911133
149   1.7528817653656006
150   1.321724772453308
151   1.5264531373977661
152   1.7415987253189087
153   1.9127130508422852
154   1.3835880756378174
155   1.4697784185409546
156   1.316696047782898
157   1.5395551919937134
158   1.6258865594863892
159   1.992504596710205
160   1.5437052249908447
161   1.5487749576568604
162   1.5439811944961548
163   1.651204228401184
164   1.6894783973693848
