1   1.6717591285705566
2   1.6618525981903076
3   1.950940728187561
4   1.7741013765335083
5   1.8219754695892334
6   1.7724467515945435
7   1.9086828231811523
8   1.623177170753479
9   1.1845921277999878
10   1.489305019378662
11   1.6631065607070923
12   1.4275882244110107
13   1.5386959314346313
14   1.45707368850708
15   1.4374784231185913
16   1.5290858745574951
17   1.7401596307754517
18   1.5948448181152344
19   1.6157341003417969
20   1.4593852758407593
21   1.5970202684402466
22   1.4220696687698364
23   1.7511258125305176
24   1.4931634664535522
25   1.540985107421875
26   1.552776575088501
27   1.7805291414260864
28   1.7450401782989502
29   1.4147789478302002
30   1.9333552122116089
31   1.326103687286377
32   1.4246660470962524
33   1.947648286819458
34   1.5502536296844482
35   1.6231502294540405
36   1.609358310699463
37   1.7393033504486084
38   1.6346476078033447
39   1.6394250392913818
40   1.528348684310913
41   1.5999292135238647
42   1.7268266677856445
43   1.795052409172058
44   1.9530905485153198
45   1.8927624225616455
46   1.4968483448028564
47   1.8371763229370117
48   1.7793397903442383
49   1.924369215965271
50   2.038163185119629
51   1.8326709270477295
52   1.8862736225128174
53   2.0051255226135254
54   1.8147629499435425
55   1.5931581258773804
56   1.611104130744934
57   1.530234694480896
58   1.5202760696411133
59   1.657474398612976
60   2.0387685298919678
61   1.8813378810882568
62   1.6260254383087158
63   1.8767666816711426
64   1.85369873046875
65   1.691566824913025
66   1.8109145164489746
67   2.1414880752563477
68   2.1772804260253906
69   2.0213093757629395
70   1.6031957864761353
71   1.6847450733184814
72   1.883597493171692
73   2.2425732612609863
74   2.154458522796631
75   1.721139907836914
76   2.211155414581299
77   1.7709698677062988
78   1.8126140832901
79   1.7659592628479004
80   1.9627691507339478
81   2.36712384223938
82   2.0990471839904785
83   1.8203617334365845
84   1.613375186920166
85   1.9346389770507813
86   1.9328635931015015
87   1.7615559101104736
88   1.8981859683990479
89   1.8242555856704712
90   1.785719871520996
91   1.748408317565918
92   1.8376656770706177
93   1.972279667854309
94   1.7792598009109497
95   1.9223759174346924
96   2.139289379119873
97   1.9814499616622925
98   1.9507983922958374
99   1.8270996809005737
100   1.5222806930541992
101   1.9612873792648315
102   1.9845637083053589
103   1.7996091842651367
104   1.6278825998306274
105   1.7883734703063965
106   1.7877590656280518
107   1.913679838180542
108   1.9716757535934448
109   1.6529067754745483
110   2.1023120880126953
111   2.028378486633301
112   1.7652188539505005
113   1.7618526220321655
114   1.7005587816238403
115   1.8220012187957764
116   1.6834416389465332
117   1.8668360710144043
118   1.8806159496307373
119   1.5306892395019531
120   1.7724535465240479
121   1.9087117910385132
122   1.7442915439605713
123   1.6219927072525024
124   1.505680799484253
125   1.599696159362793
126   1.5801701545715332
127   1.926430106163025
128   1.7059112787246704
129   1.7033448219299316
130   1.6414105892181396
131   1.6563243865966797
132   1.7323641777038574
133   1.455762505531311
134   1.7779277563095093
135   1.3999605178833008
136   1.713719129562378
137   1.3796427249908447
138   1.6807374954223633
139   1.8014713525772095
140   1.739917278289795
141   1.8397296667099
142   1.5040109157562256
143   1.8795745372772217
144   1.624442458152771
145   1.7707326412200928
146   1.7317860126495361
147   1.656569004058838
148   1.6692670583724976
149   1.4599651098251343
150   1.4873346090316772
151   1.3420581817626953
152   1.8139108419418335
153   1.4069087505340576
154   1.329056739807129
155   1.5897128582000732
156   1.5608625411987305
157   1.663628101348877
158   1.4333901405334473
159   1.7063632011413574
160   1.2798564434051514
161   1.5502727031707764
162   1.6843785047531128
163   1.718034267425537
164   1.4704641103744507
