1   15.531220436096191
2   15.423023223876953
3   15.392948150634766
4   15.519601821899414
5   15.575490951538086
6   15.438553810119629
7   15.539658546447754
8   15.615900039672852
9   15.66214370727539
10   15.349926948547363
11   15.48853588104248
12   15.505854606628418
13   15.521002769470215
14   15.30319595336914
15   15.596847534179688
16   15.511981964111328
17   15.686922073364258
18   15.667316436767578
19   15.61767864227295
20   15.615647315979004
21   15.64489459991455
22   15.530491828918457
23   15.525723457336426
24   15.607175827026367
25   15.506237030029297
26   15.619736671447754
27   15.502931594848633
28   15.792156219482422
29   15.539344787597656
30   15.47752571105957
31   15.60793399810791
32   15.57465934753418
33   15.44521713256836
34   15.47116470336914
35   15.884190559387207
36   15.692259788513184
37   15.421682357788086
38   15.448156356811523
39   15.772257804870605
40   15.631227493286133
41   15.713512420654297
42   15.715815544128418
43   15.721324920654297
44   15.745051383972168
45   15.460675239562988
46   15.635442733764648
47   15.712867736816406
48   15.711626052856445
49   15.88605785369873
50   15.651215553283691
51   15.733967781066895
52   15.567032814025879
53   15.373987197875977
54   15.60861873626709
55   15.564733505249023
56   15.561139106750488
57   15.60762882232666
58   15.535494804382324
59   15.654600143432617
60   15.846633911132813
61   15.568194389343262
62   15.710614204406738
63   15.813030242919922
64   15.585509300231934
65   15.77391529083252
66   15.670500755310059
67   15.670859336853027
68   15.415523529052734
69   15.428378105163574
70   15.676008224487305
71   15.515430450439453
72   15.368767738342285
73   15.700479507446289
74   15.49852466583252
75   15.148248672485352
76   15.460786819458008
77   15.362576484680176
78   15.66331672668457
79   15.575668334960938
80   15.888725280761719
81   15.803671836853027
82   15.574036598205566
83   15.582956314086914
84   15.483960151672363
85   15.592750549316406
86   15.467245101928711
87   15.632814407348633
88   15.357385635375977
89   15.443531036376953
90   15.743281364440918
91   15.389544486999512
92   15.355056762695313
93   15.74084758758545
94   15.364990234375
95   15.91409683227539
96   15.412973403930664
97   15.628877639770508
98   15.570659637451172
99   15.493256568908691
100   15.525869369506836
101   15.513810157775879
102   15.629730224609375
103   15.414819717407227
104   15.653809547424316
105   15.502501487731934
106   15.428186416625977
107   15.668912887573242
108   15.481813430786133
109   15.65582275390625
110   15.66029167175293
111   15.52842903137207
112   15.439995765686035
113   15.535836219787598
114   15.639720916748047
115   15.482804298400879
116   15.619548797607422
117   15.575284004211426
118   15.214974403381348
119   15.618430137634277
120   15.453718185424805
121   15.383338928222656
122   15.645716667175293
123   15.40623664855957
124   15.43935775756836
125   15.422602653503418
126   15.52448844909668
127   15.57863712310791
128   15.596970558166504
129   15.440847396850586
130   15.421875953674316
131   15.4862699508667
132   15.549700736999512
133   15.557534217834473
134   15.621524810791016
135   15.665968894958496
136   15.356760025024414
137   15.379146575927734
138   15.432881355285645
139   15.576332092285156
140   15.415972709655762
141   15.426342964172363
142   15.718490600585938
143   15.622831344604492
144   15.646050453186035
145   15.485709190368652
146   15.30825138092041
147   15.472556114196777
148   15.30497932434082
149   15.388386726379395
150   15.530573844909668
151   15.577133178710938
152   15.720861434936523
153   15.390737533569336
154   15.566152572631836
155   15.388893127441406
156   15.557158470153809
157   15.43047046661377
158   15.388806343078613
159   15.429494857788086
160   15.65798282623291
161   15.487015724182129
162   15.379695892333984
163   15.429862976074219
164   15.477823257446289
