0   15.798117637634277
1   15.771097183227539
2   15.790745735168457
3   15.80499267578125
4   15.763798713684082
5   15.76773738861084
6   15.780013084411621
7   15.794966697692871
8   15.789353370666504
9   15.673452377319336
10   15.73928165435791
11   15.674283027648926
12   15.735011100769043
13   15.509788513183594
14   15.77237606048584
15   15.652862548828125
16   15.55528450012207
17   15.628695487976074
18   15.668684005737305
19   15.690393447875977
20   15.748444557189941
21   15.63752555847168
22   15.817355155944824
23   15.725726127624512
24   15.836528778076172
25   15.977672576904297
26   15.629210472106934
27   15.555359840393066
28   15.899292945861816
29   15.891881942749023
30   15.695816040039063
31   15.779327392578125
32   15.852428436279297
33   15.691190719604492
34   15.663020133972168
35   15.53836727142334
36   15.658027648925781
37   15.524908065795898
38   15.8842191696167
39   15.707756996154785
40   15.754044532775879
41   15.640259742736816
42   15.735336303710938
43   15.681929588317871
44   15.922933578491211
45   15.8070068359375
46   15.826902389526367
47   15.464865684509277
48   15.351115226745605
49   15.733536720275879
50   15.584989547729492
51   15.700909614562988
52   15.683401107788086
53   15.903559684753418
54   15.763984680175781
55   15.772490501403809
56   15.600860595703125
57   15.642955780029297
58   15.682275772094727
59   15.625810623168945
60   15.608098983764648
61   15.698107719421387
62   15.768197059631348
63   15.598217010498047
64   15.718698501586914
65   15.73642349243164
66   15.543071746826172
67   15.46209716796875
68   15.715526580810547
69   15.762456893920898
70   15.806557655334473
71   15.903684616088867
72   15.65110969543457
73   15.573637962341309
74   15.723808288574219
75   15.893712997436523
76   15.908036231994629
77   15.783031463623047
78   15.86000919342041
79   15.824583053588867
80   15.756961822509766
81   16.026386260986328
82   15.81983757019043
83   15.375856399536133
84   15.494904518127441
85   15.920522689819336
86   15.494524002075195
87   15.665266990661621
88   15.614313125610352
89   15.703989028930664
90   15.60013198852539
91   15.626114845275879
92   15.602632522583008
93   15.475643157958984
94   15.383928298950195
95   15.496830940246582
96   15.498068809509277
97   15.528412818908691
98   15.628975868225098
99   15.800668716430664
100   15.572882652282715
101   15.823415756225586
102   15.720287322998047
103   15.672168731689453
104   15.670166015625
105   15.92944049835205
106   15.74690055847168
107   15.83154010772705
108   15.835138320922852
109   15.678768157958984
110   15.688305854797363
111   15.505372047424316
112   15.489729881286621
113   15.61739730834961
114   15.593073844909668
115   15.717636108398438
116   15.604434967041016
117   15.507373809814453
118   15.595805168151855
119   15.652902603149414
120   15.559934616088867
121   15.834141731262207
122   15.719352722167969
123   15.655563354492188
124   15.407140731811523
125   16.02507972717285
126   15.867653846740723
127   15.729209899902344
128   15.69898509979248
129   15.48173713684082
130   15.26193904876709
131   15.455307960510254
132   15.50409984588623
133   15.694100379943848
134   15.529901504516602
135   15.522167205810547
136   15.636938095092773
137   15.504718780517578
138   15.860635757446289
139   15.59332275390625
140   15.598885536193848
141   15.927624702453613
142   15.746338844299316
143   15.925844192504883
144   15.666625022888184
145   15.859553337097168
146   15.722942352294922
147   15.908171653747559
148   15.762831687927246
149   15.945124626159668
150   15.63314437866211
151   15.792731285095215
152   15.736309051513672
153   15.72968578338623
154   15.798299789428711
155   15.831704139709473
156   15.753413200378418
157   15.847329139709473
158   15.869630813598633
159   15.71398639678955
160   15.698514938354492
161   15.75733470916748
162   15.74785327911377
163   15.543671607971191
164   15.76462173461914
165   15.794870376586914
166   15.829955101013184
167   15.819584846496582
168   15.752126693725586
169   15.677364349365234
170   15.722171783447266
171   15.803085327148438
172   15.49359130859375
173   15.712611198425293
174   15.812772750854492
175   15.76208782196045
176   15.659225463867188
177   15.429715156555176
178   15.776836395263672
179   15.830275535583496
180   15.86257266998291
181   15.857643127441406
182   15.830260276794434
183   15.846677780151367
184   15.719846725463867
185   15.631654739379883
186   15.64391040802002
187   15.562528610229492
188   15.624730110168457
189   15.699254035949707
190   15.964491844177246
191   15.60705280303955
192   15.759916305541992
193   15.735453605651855
194   15.704689979553223
195   15.610376358032227
196   15.798047065734863
197   15.458141326904297
198   15.622408866882324
199   15.706395149230957
200   15.6815767288208
201   15.814631462097168
202   15.616008758544922
203   15.811005592346191
204   15.710716247558594
205   15.675874710083008
206   15.49298095703125
207   15.615706443786621
208   15.70247745513916
