1   15.666777610778809
2   15.564337730407715
3   15.776283264160156
4   15.701611518859863
5   15.587583541870117
6   15.639883995056152
7   15.622488975524902
8   15.63908576965332
9   15.79651927947998
10   15.507601737976074
11   15.664435386657715
12   15.481074333190918
13   15.999640464782715
14   15.686673164367676
15   15.617514610290527
16   15.732382774353027
17   15.426090240478516
18   15.893548011779785
19   15.766064643859863
20   15.543498039245605
21   15.648271560668945
22   15.496015548706055
23   15.623544692993164
24   15.700512886047363
25   15.595609664916992
26   15.405217170715332
27   15.44129467010498
28   15.489835739135742
29   15.513954162597656
30   15.794921875
31   15.714735984802246
32   15.483038902282715
33   15.269646644592285
34   15.562128067016602
35   15.38292121887207
36   15.605634689331055
37   15.358865737915039
38   15.560752868652344
39   15.374099731445313
40   15.622498512268066
41   15.545516014099121
42   15.386531829833984
43   15.339217185974121
44   15.351627349853516
45   15.459598541259766
46   15.495552062988281
47   15.280795097351074
48   15.355116844177246
49   15.38977336883545
50   15.367301940917969
51   15.444986343383789
52   15.50275707244873
53   15.593863487243652
54   15.602896690368652
55   15.933710098266602
56   15.682618141174316
57   15.565411567687988
58   15.579248428344727
59   15.597448348999023
60   15.495368003845215
61   15.531418800354004
62   15.887147903442383
63   15.564929962158203
64   15.674152374267578
65   15.711653709411621
66   15.640904426574707
67   15.308976173400879
68   15.470117568969727
69   15.488588333129883
70   15.730409622192383
71   15.504362106323242
72   15.456679344177246
73   15.473570823669434
74   15.45748233795166
75   15.480086326599121
76   15.662758827209473
77   15.354202270507813
78   15.519447326660156
79   15.587227821350098
80   15.518353462219238
81   15.416974067687988
82   15.638883590698242
83   15.60304069519043
84   15.729357719421387
85   16.01108169555664
86   16.087907791137695
87   15.63819694519043
88   15.452386856079102
89   15.804062843322754
90   15.635308265686035
91   15.547896385192871
92   15.540826797485352
93   15.579809188842773
94   15.526366233825684
95   15.549160957336426
96   15.372611999511719
97   15.491521835327148
98   15.334188461303711
99   15.64879035949707
100   15.4465913772583
101   15.729711532592773
102   15.766064643859863
103   15.51266860961914
104   15.530692100524902
105   15.614368438720703
106   15.62244987487793
107   15.695517539978027
108   15.818765640258789
109   15.508866310119629
110   15.448446273803711
111   15.348477363586426
112   15.351411819458008
113   15.414322853088379
114   15.493196487426758
115   15.689742088317871
116   15.19661808013916
117   15.683838844299316
118   15.623229026794434
119   15.54594898223877
120   15.362632751464844
121   15.692116737365723
122   15.647930145263672
123   15.853501319885254
124   15.595778465270996
125   15.427549362182617
126   15.361091613769531
127   15.484952926635742
128   15.744695663452148
129   15.602302551269531
130   15.437687873840332
131   15.582794189453125
132   15.694221496582031
133   15.598111152648926
134   15.397331237792969
135   15.269706726074219
136   15.499007225036621
137   15.605986595153809
138   15.664341926574707
139   15.722147941589355
140   15.703713417053223
141   15.495014190673828
142   15.638578414916992
143   15.642620086669922
144   15.759825706481934
145   15.492631912231445
146   15.536016464233398
147   15.528789520263672
148   15.577603340148926
149   15.485408782958984
150   15.676517486572266
151   15.809441566467285
152   15.71325969696045
153   15.601177215576172
154   15.630738258361816
155   15.848393440246582
156   15.760575294494629
157   15.95171070098877
158   15.806857109069824
159   15.772501945495605
160   15.816407203674316
161   15.929104804992676
162   15.745689392089844
163   15.703254699707031
164   15.670109748840332
