Run semi-empirical minimization
 &qmmm
    qm_theory='AM1', grms_tol=0.0005,
 scfconv=1.d-10, ndiis_attempts=700,   qmcharge=0,
 /
   6    C1        9.8580        0.3120       37.7930 
   7    N1        9.7180        1.6530       37.5110 
   6    C2       10.4920        2.5290       38.2040 
   8    O2       11.2520        2.0350       39.0330 
   7    N3       10.4700        3.8860       38.0400 
   6    C3       11.2650        4.7520       38.7600 
   6    C4        9.5830        4.2930       37.0920 
   6    C5        8.8130        3.4030       36.4010 
   6    C6        8.8270        2.0050       36.5620 
   8    O6        8.1640        1.1530       35.9760 
   7    N7        8.0410        4.1640       35.5350 
   6    C8        8.3950        5.4540       35.7590 
   7    N9        9.3110        5.5930       36.6790 
   1   H11        9.9660        0.1640       38.8720 
   1   H12       10.7430       -0.0730       37.2880 
   1   H13        8.9820       -0.2430       37.4520 
   1   H31       10.8900        4.8260       39.7800 
   1   H32       11.2490        5.7410       38.2970 
   1   H33       12.2880        4.3770       38.7750 
   1   HN7        7.3660        3.7900       34.8840 
   1    H8        7.9490        6.2970       35.2240 

