1   5.205045700073242
2   4.416560649871826
3   3.5386500358581543
4   4.019726276397705
5   4.918461799621582
6   3.7001585960388184
7   4.936406135559082
8   3.7847371101379395
9   4.462122440338135
10   4.422965049743652
11   4.308687686920166
12   4.05442476272583
13   4.6063761711120605
14   4.179655075073242
15   4.887125015258789
16   3.414536476135254
17   3.9029879570007324
18   4.338876247406006
19   4.141451835632324
20   4.697999477386475
1   4.391855716705322
2   4.585615634918213
3   4.348702430725098
4   4.16367244720459
5   4.2985053062438965
6   4.841696262359619
7   4.0858964920043945
8   3.5819077491760254
9   3.803041934967041
10   4.2483038902282715
11   3.7120492458343506
12   4.248844146728516
13   3.344072103500366
14   3.7602908611297607
15   3.659278392791748
16   3.5612714290618896
17   3.5982089042663574
18   3.670170783996582
19   3.9918389320373535
20   3.9975552558898926
21   4.285975456237793
22   4.2110981941223145
23   3.604295492172241
24   3.580571174621582
25   4.0589213371276855
26   3.4279050827026367
27   4.363894462585449
28   4.361550807952881
29   4.533271312713623
30   5.423695087432861
31   4.950000286102295
32   3.3102800846099854
33   3.8436994552612305
34   2.9880878925323486
35   3.4648425579071045
36   3.2339465618133545
37   4.0942792892456055
38   3.791882276535034
39   4.438741207122803
40   3.2909698486328125
41   2.9972922801971436
42   4.03353214263916
43   3.5861823558807373
44   4.160923480987549
45   3.3159120082855225
46   3.65169358253479
47   3.968111276626587
48   3.5953330993652344
49   4.0302300453186035
50   3.748915910720825
51   4.0282111167907715
52   3.770627498626709
53   3.3363263607025146
54   3.150697946548462
55   3.36049747467041
56   4.045446395874023
57   4.3998703956604
58   4.124666213989258
59   3.8234400749206543
60   3.1134133338928223
61   3.8143301010131836
62   3.405697822570801
63   3.8382959365844727
64   5.292143821716309
65   3.3489110469818115
66   3.4260973930358887
67   4.235409736633301
68   3.0101125240325928
69   3.8787288665771484
70   2.930807113647461
71   3.6602861881256104
72   2.6466081142425537
73   3.3676774501800537
74   5.219327449798584
75   4.792641639709473
76   4.601162433624268
77   4.468554496765137
78   3.6302969455718994
79   3.5721747875213623
80   4.417006969451904
81   3.631845712661743
82   3.986456871032715
83   4.121652126312256
84   4.904320240020752
85   3.681873083114624
86   4.209958553314209
87   3.9188954830169678
88   3.524425506591797
89   4.959701061248779
90   3.2317192554473877
91   3.6932311058044434
92   3.618394136428833
93   3.951915740966797
94   3.7552201747894287
95   3.989184617996216
96   3.634659767150879
97   3.8931760787963867
98   4.08018684387207
99   4.608265399932861
100   4.225804328918457
101   3.448539972305298
102   3.451677083969116
103   4.093290328979492
104   3.629631996154785
105   3.706916570663452
106   4.394225597381592
107   3.4493491649627686
108   4.374607563018799
109   3.9386909008026123
110   4.412350177764893
111   3.6065409183502197
112   4.434338569641113
113   4.9031243324279785
114   4.223347187042236
115   3.584754228591919
116   3.143937349319458
117   4.157201290130615
118   3.7369916439056396
119   3.5598695278167725
120   3.6579484939575195
121   4.218482494354248
122   3.705923080444336
123   3.4536080360412598
124   3.6948130130767822
125   4.2368903160095215
126   3.724921226501465
127   3.685696601867676
128   3.7641093730926514
129   4.0282697677612305
130   4.196930408477783
131   3.9524099826812744
132   3.3455305099487305
133   3.5578501224517822
134   5.496989727020264
135   4.359589576721191
136   3.970763921737671
137   4.448913097381592
138   3.2765517234802246
139   2.9625842571258545
140   5.076174736022949
141   4.106233596801758
142   3.6763956546783447
143   3.6583445072174072
144   3.904184103012085
145   3.9782538414001465
146   3.8581936359405518
147   3.397853374481201
148   4.538941383361816
149   3.0887181758880615
150   3.9768424034118652
151   3.516862392425537
152   3.723928689956665
153   4.05572509765625
154   4.4814300537109375
155   3.5925633907318115
156   3.4727072715759277
157   3.896110773086548
158   3.5002377033233643
159   3.2358338832855225
160   2.7892491817474365
1   3.5916101932525635
2   3.8721089363098145
3   3.619279623031616
4   3.4323203563690186
5   3.699495792388916
6   5.246582984924316
7   4.16548490524292
8   3.9071924686431885
9   3.622436761856079
10   3.869131088256836
11   4.59180212020874
12   4.985095977783203
13   3.560915231704712
14   3.7396416664123535
15   3.674799919128418
16   3.206787109375
17   4.033315181732178
18   3.0499093532562256
19   3.7318999767303467
20   4.221648693084717
21   4.165958881378174
22   3.9463186264038086
23   3.696789026260376
24   3.6646387577056885
25   4.811103820800781
26   5.586236000061035
27   4.921827793121338
28   5.153838634490967
29   4.741400241851807
30   4.53735876083374
31   3.61964750289917
32   3.0601565837860107
33   4.547478199005127
34   5.21746301651001
35   3.6513476371765137
36   4.5658721923828125
37   4.294978618621826
38   4.388111114501953
39   3.758587121963501
40   4.358912944793701
41   4.573831081390381
42   5.308692455291748
43   4.389963626861572
44   4.394763469696045
45   4.539981842041016
46   5.0543293952941895
47   4.56084680557251
48   5.314345359802246
49   4.125791072845459
50   4.459202289581299
51   3.94345760345459
52   3.5576024055480957
53   4.546300411224365
54   4.410581111907959
55   2.9901931285858154
56   3.1099131107330322
57   3.8469624519348145
58   4.42854118347168
59   4.408305644989014
60   5.456990718841553
61   4.098694324493408
62   4.027804374694824
63   5.153497695922852
64   4.407703876495361
65   4.981858253479004
66   5.407174110412598
67   3.2135989665985107
68   5.495449542999268
69   4.240688800811768
70   4.32410192489624
71   4.406886100769043
72   4.002762794494629
73   4.082330226898193
74   3.171869993209839
75   3.4088099002838135
76   4.34718132019043
77   4.724825382232666
78   3.989384651184082
79   3.145848035812378
80   4.804813385009766
81   3.926828622817993
82   5.00636625289917
83   4.845949649810791
84   2.7267091274261475
85   3.909762144088745
86   4.616340160369873
87   3.2538132667541504
88   4.341108322143555
89   3.9972264766693115
90   4.815317630767822
91   4.963686943054199
92   4.269363880157471
93   5.389826774597168
94   4.82865047454834
95   4.537371635437012
96   3.5989644527435303
97   4.375490188598633
98   5.098154544830322
99   4.682516098022461
100   3.7414207458496094
101   4.8408522605896
102   4.388878345489502
103   3.767878770828247
104   4.058546543121338
105   5.942800045013428
106   4.633133888244629
107   4.496152877807617
108   4.8175201416015625
109   4.285475730895996
110   3.7400083541870117
111   3.7435476779937744
112   4.23521614074707
113   4.6649699211120605
114   5.163102626800537
115   3.6226515769958496
116   4.10275411605835
117   5.2462873458862305
118   4.684170246124268
119   5.627553939819336
120   4.780937671661377
121   4.230317115783691
122   4.846848011016846
123   4.854142665863037
124   5.090141296386719
125   4.635356903076172
126   5.023963928222656
127   4.1479363441467285
128   4.189554691314697
129   4.266740322113037
130   4.487937927246094
131   4.442103385925293
132   4.459630489349365
133   6.375809669494629
134   5.473427772521973
135   4.265157699584961
136   3.9018802642822266
137   4.233047962188721
138   4.303118705749512
139   3.695399522781372
140   5.685091018676758
141   4.124579906463623
142   4.2847394943237305
143   3.341240882873535
144   3.688539743423462
145   4.556909561157227
146   6.140108108520508
147   5.110413074493408
148   4.254256725311279
149   4.749411106109619
150   4.516435623168945
151   3.826725721359253
152   3.604646921157837
153   4.446130275726318
154   3.167686700820923
155   3.1778597831726074
156   3.404865264892578
157   3.827617883682251
158   3.5277507305145264
159   3.6850712299346924
160   3.926567792892456
161   3.3976004123687744
162   3.9161605834960938
163   3.5936532020568848
164   4.678703784942627
