1   3.1237707138061523
2   3.4001824855804443
3   3.2385966777801514
4   3.699946403503418
5   3.196780204772949
6   3.7247555255889893
7   3.4936201572418213
8   3.3003122806549072
9   3.475324869155884
10   3.6214706897735596
11   3.3857381343841553
12   3.5173022747039795
13   3.2994184494018555
14   2.4031121730804443
15   3.3488786220550537
16   3.2976760864257813
17   3.366826057434082
18   3.4328718185424805
19   3.69976806640625
20   1.9342091083526611
1   1.4362139701843262
2   3.2030138969421387
3   2.7032930850982666
4   2.5648064613342285
5   2.914674997329712
6   3.354020833969116
7   2.966085433959961
8   3.6438095569610596
9   2.935769557952881
10   3.406559467315674
11   3.0068652629852295
12   3.0421159267425537
13   2.871943950653076
14   3.185929775238037
15   3.4073104858398438
16   3.33457350730896
17   3.7601964473724365
18   3.049015522003174
19   2.9272210597991943
20   4.005311965942383
21   2.9786853790283203
22   2.996704339981079
23   3.1753077507019043
24   2.604548931121826
25   3.163008689880371
26   2.9541783332824707
27   2.9595930576324463
28   2.744321584701538
29   3.623960256576538
30   2.710179328918457
31   3.0118141174316406
32   3.565192937850952
33   3.2658438682556152
34   3.177539110183716
35   3.176942825317383
36   2.7820661067962646
37   3.935939311981201
38   3.1215689182281494
39   2.9395604133605957
40   3.6940059661865234
41   3.2221622467041016
42   3.295473337173462
43   2.5409786701202393
44   2.8631558418273926
45   2.963947296142578
46   2.872220754623413
47   2.9871442317962646
48   3.3908839225769043
49   2.788918972015381
50   1.7240031957626343
51   1.273050308227539
52   1.837720274925232
53   1.4967365264892578
54   2.022190570831299
55   3.886746644973755
56   3.4534237384796143
57   3.198091983795166
58   3.700460433959961
59   3.2756760120391846
60   3.536527395248413
61   2.9712843894958496
62   3.5558619499206543
63   3.02522611618042
64   3.6150472164154053
65   2.644204616546631
66   3.059486150741577
67   3.476644992828369
68   3.6667940616607666
69   2.760791778564453
70   3.665318727493286
71   3.083847999572754
72   3.217006206512451
73   3.6644349098205566
74   2.7592647075653076
75   3.147650718688965
76   2.7169361114501953
77   2.9426474571228027
78   2.4026031494140625
79   1.4919933080673218
80   2.6176950931549072
81   2.3523643016815186
82   1.4237457513809204
83   2.1671345233917236
84   3.1234970092773438
85   3.0170907974243164
86   3.8160009384155273
87   3.1353800296783447
88   3.5214898586273193
89   3.2969374656677246
90   2.758244752883911
91   3.1855268478393555
92   3.7463040351867676
93   2.0075740814208984
94   1.5197361707687378
95   1.2222362756729126
96   1.4772928953170776
97   1.6971721649169922
98   1.325587511062622
99   2.9837825298309326
100   3.4977290630340576
101   3.582165241241455
102   2.938795328140259
103   2.8731255531311035
104   4.185994625091553
105   3.540119171142578
106   2.4895195960998535
107   2.885765552520752
108   3.8799426555633545
109   3.8651041984558105
110   3.1364243030548096
111   2.8131608963012695
112   2.4424686431884766
113   2.949199914932251
114   2.6269466876983643
115   3.1479804515838623
116   3.2845001220703125
117   3.088411569595337
118   2.522526979446411
119   3.661100387573242
120   3.7786667346954346
121   3.1917314529418945
122   2.5732686519622803
123   3.069547176361084
124   3.5980730056762695
125   2.972560167312622
126   3.318902015686035
127   2.9566965103149414
128   3.1542091369628906
129   3.009779453277588
130   3.1946144104003906
131   3.3944945335388184
132   3.2114810943603516
133   2.5779449939727783
134   2.6297452449798584
135   3.373875141143799
136   2.594992160797119
137   3.696173906326294
138   3.349874258041382
139   3.2049856185913086
140   3.171316385269165
141   2.9645297527313232
142   2.580577850341797
143   3.6981945037841797
144   3.4211039543151855
145   2.922556161880493
146   3.3816938400268555
147   1.6986894607543945
148   1.7395321130752563
149   2.6033952236175537
150   1.970832109451294
151   0.8872625827789307
152   2.9233715534210205
153   3.41458797454834
154   2.9718174934387207
155   3.2990379333496094
156   3.500091791152954
157   3.6400482654571533
158   2.2324063777923584
159   3.9082813262939453
160   3.100919723510742
1   1.6799083948135376
2   1.58440363407135
3   1.6513482332229614
4   1.6280937194824219
5   3.178764581680298
6   3.0375747680664063
7   3.0086112022399902
8   3.2173876762390137
9   2.919269323348999
10   1.2383909225463867
11   1.7043277025222778
12   0.9909601807594299
13   1.8572471141815186
14   1.3414469957351685
15   1.2465020418167114
16   1.4553829431533813
17   1.0836377143859863
18   3.602020740509033
19   3.2066564559936523
20   3.3768396377563477
21   2.640882968902588
22   2.464750051498413
23   1.3966386318206787
24   1.5715676546096802
25   1.2074214220046997
26   2.752385377883911
27   2.9496474266052246
28   2.9684228897094727
29   2.3884570598602295
30   2.6794281005859375
31   3.3008573055267334
32   1.4384573698043823
33   1.9946317672729492
34   2.480905055999756
35   2.9961330890655518
36   2.801561117172241
37   2.2993757724761963
38   3.3828933238983154
39   3.197519063949585
40   4.326372146606445
41   3.090305805206299
42   4.185891628265381
43   3.2454307079315186
44   3.576969623565674
45   2.769862413406372
46   3.247715473175049
47   2.2395377159118652
48   1.752854824066162
49   3.0653207302093506
50   3.1696057319641113
51   2.7996602058410645
52   3.9275577068328857
53   3.0414695739746094
54   3.1087117195129395
55   3.009183883666992
56   3.8614559173583984
57   1.7801038026809692
58   2.458691120147705
59   3.0019824504852295
60   3.2232279777526855
61   3.9987382888793945
62   3.5125510692596436
63   3.283796548843384
64   3.7519893646240234
65   3.9702067375183105
66   3.677199363708496
67   4.357942581176758
68   3.1689276695251465
69   3.8945727348327637
70   2.9314045906066895
71   3.5615315437316895
72   2.39043927192688
73   4.567629814147949
74   3.317669153213501
75   3.84114146232605
76   4.340632438659668
77   3.334756374359131
78   3.142557382583618
79   3.5397555828094482
80   4.461885452270508
81   3.2984609603881836
82   4.151257038116455
83   3.709482192993164
84   2.9047200679779053
85   3.6750240325927734
86   3.66110897064209
87   3.1828160285949707
88   1.7351962327957153
89   4.517817497253418
90   2.257873773574829
91   4.77710485458374
92   3.93497633934021
93   2.2732059955596924
94   3.6224570274353027
95   4.07496452331543
96   4.212157726287842
97   3.3155550956726074
98   3.1740171909332275
99   3.875035285949707
100   2.5876102447509766
101   2.526240110397339
102   5.058230876922607
103   4.074073791503906
104   4.232824325561523
105   4.289012908935547
106   3.4225053787231445
107   4.224484443664551
108   4.305160045623779
109   3.2288529872894287
110   3.7279560565948486
111   3.2623322010040283
112   3.5093674659729004
113   3.5824897289276123
114   3.8418562412261963
115   3.0205767154693604
116   2.5208189487457275
117   3.452927589416504
118   4.0937700271606445
119   3.341515302658081
120   3.831122636795044
121   2.464848279953003
122   1.9635554552078247
123   1.9616667032241821
124   3.0945184230804443
125   3.4259612560272217
126   3.104564905166626
127   3.561143398284912
128   2.1106715202331543
129   2.4191150665283203
130   2.773728370666504
131   3.01395583152771
132   2.8051578998565674
133   3.6492390632629395
134   2.7582082748413086
135   3.3409993648529053
136   2.5416650772094727
137   3.2605972290039063
138   2.5596563816070557
139   3.1140756607055664
140   2.8965306282043457
141   3.154503107070923
142   3.8045432567596436
143   3.6717307567596436
144   2.67606520652771
145   1.7212717533111572
146   1.4392937421798706
147   2.998871326446533
148   3.244905471801758
149   2.8527283668518066
150   3.323747158050537
151   3.0545895099639893
152   3.6672749519348145
153   3.119340658187866
154   3.1939046382904053
155   2.2337281703948975
156   1.4556019306182861
157   1.9793437719345093
158   2.137144088745117
159   1.6481311321258545
160   1.2877695560455322
161   1.3139169216156006
162   1.5990246534347534
163   3.693781852722168
164   2.6123292446136475
