0   0.0
1   0.20352573692798615
2   0.2074752300977707
3   0.21395625174045563
4   0.2187488079071045
5   0.20281708240509033
6   0.20657166838645935
7   0.21269932389259338
8   0.2106257975101471
9   1.0835988521575928
10   1.3146578073501587
11   1.1785513162612915
12   1.2018070220947266
13   1.099120020866394
14   1.2504509687423706
15   1.1128100156784058
16   1.3114601373672485
17   1.1096574068069458
18   1.0943379402160645
19   1.1691237688064575
20   1.221087098121643
21   1.1157053709030151
22   1.061450719833374
23   1.0155105590820313
24   1.2874858379364014
25   1.1116080284118652
26   1.227895975112915
27   1.3864293098449707
28   1.3190972805023193
29   1.2978949546813965
30   1.0747038125991821
31   1.1287082433700562
32   1.2449537515640259
33   1.164496898651123
34   1.1995054483413696
35   1.4609230756759644
36   1.3155993223190308
37   1.3622809648513794
38   1.3273897171020508
39   1.2492766380310059
40   1.2102400064468384
41   1.118514060974121
42   1.1266982555389404
43   1.0927209854125977
44   1.3692326545715332
45   1.1534782648086548
46   1.3189997673034668
47   1.2668451070785522
48   1.3095837831497192
49   1.4873366355895996
50   1.3575915098190308
51   1.2602579593658447
52   1.2181401252746582
53   1.140199899673462
54   1.1719940900802612
55   1.2737823724746704
56   1.3784745931625366
57   1.1458622217178345
58   1.2221927642822266
59   1.2739859819412231
60   1.3745982646942139
61   1.1215219497680664
62   1.222350001335144
63   1.2677944898605347
64   1.229196548461914
65   1.2708216905593872
66   1.2674405574798584
67   1.2721202373504639
68   1.3091808557510376
69   1.2928271293640137
70   1.3635402917861938
71   1.0968115329742432
72   1.3071796894073486
73   1.385608196258545
74   1.2846031188964844
75   1.2644661664962769
76   1.122880458831787
77   1.208943486213684
78   1.1561203002929688
79   1.1849777698516846
80   1.2134947776794434
81   1.3809765577316284
82   1.3478739261627197
83   1.4869343042373657
84   1.2630431652069092
85   1.13186776638031
86   1.1715494394302368
87   1.5215238332748413
88   1.225030779838562
89   1.272780179977417
90   1.2829654216766357
91   1.1514616012573242
92   1.0905519723892212
93   1.3894418478012085
94   1.4510570764541626
95   1.4598461389541626
96   1.3503730297088623
97   1.3014229536056519
98   1.0777127742767334
99   1.292557954788208
100   1.2440338134765625
101   1.2774516344070435
102   1.066083550453186
103   1.2382014989852905
104   1.2536091804504395
105   1.375295639038086
106   1.1876835823059082
107   1.1745673418045044
108   1.3417550325393677
109   1.2183160781860352
110   1.2316770553588867
111   1.3919686079025269
112   1.2876567840576172
113   1.5201994180679321
114   1.3706868886947632
115   1.3118658065795898
116   1.231654405593872
117   1.368780493736267
118   1.2558847665786743
119   1.5153647661209106
120   1.5066577196121216
121   1.3307029008865356
122   1.3830368518829346
123   1.0746031999588013
124   1.4103246927261353
125   1.3137403726577759
126   1.240027666091919
127   1.3989248275756836
128   1.3440821170806885
129   1.4556928873062134
130   1.3830674886703491
131   1.4925799369812012
132   1.3793070316314697
133   1.3343552350997925
134   0.9855942726135254
135   1.3935761451721191
136   1.3650354146957397
137   1.3526887893676758
138   1.4335715770721436
139   1.2784634828567505
140   1.312748670578003
141   1.2743480205535889
142   1.3750272989273071
143   1.3280866146087646
144   1.3253546953201294
145   1.2595767974853516
146   1.409326434135437
147   1.1461763381958008
148   1.126001238822937
149   1.102512240409851
150   1.2463771104812622
151   1.4314948320388794
152   1.290910243988037
153   1.3894145488739014
154   1.3720903396606445
155   1.3788012266159058
156   1.355818271636963
157   1.515234351158142
158   1.243427038192749
159   1.2997841835021973
160   1.161502480506897
161   1.1774252653121948
162   1.1989860534667969
163   1.340227484703064
164   1.320696234703064
165   1.390157699584961
166   1.245431661605835
167   1.3665728569030762
168   1.5390690565109253
169   1.3946095705032349
170   1.2396072149276733
171   1.2163289785385132
172   1.1174213886260986
173   1.001651406288147
174   1.0504592657089233
175   1.1558626890182495
176   1.1654964685440063
177   1.3709663152694702
178   1.2004852294921875
179   1.2464771270751953
180   1.2510969638824463
181   1.1556652784347534
182   1.3651198148727417
183   1.320846676826477
184   1.3872085809707642
185   1.485646367073059
186   1.1962064504623413
187   1.3203125
188   1.0105034112930298
189   1.2754309177398682
190   1.2276699542999268
191   1.2973581552505493
192   1.1963459253311157
193   1.1553338766098022
194   1.3033215999603271
195   1.219639539718628
196   1.532244324684143
197   1.3426551818847656
198   1.3016334772109985
199   1.2555636167526245
200   1.358726978302002
201   1.245087742805481
202   1.1966418027877808
203   1.3491291999816895
204   1.1718108654022217
205   1.0760900974273682
206   1.1972079277038574
207   1.1984189748764038
208   1.212679386138916
1   1.200634241104126
2   1.3152835369110107
3   1.2518054246902466
4   1.303499698638916
5   1.282606840133667
6   1.4800493717193604
7   1.3876641988754272
8   1.4076026678085327
9   1.3818392753601074
10   1.2064101696014404
11   1.3631497621536255
12   1.3883527517318726
13   1.2926744222640991
14   1.6304303407669067
15   1.4516373872756958
16   1.29551362991333
17   1.5530717372894287
18   1.4512611627578735
19   1.555396556854248
20   1.47089684009552
1   1.1929607391357422
2   1.432724952697754
3   1.4322733879089355
4   1.329086184501648
5   1.4265875816345215
6   1.4219064712524414
7   1.3624221086502075
8   1.456244707107544
9   1.1956276893615723
10   1.0799891948699951
11   1.2196006774902344
12   1.1117807626724243
13   1.3342103958129883
14   1.3950682878494263
15   1.33658766746521
16   1.3083933591842651
17   1.3580639362335205
18   1.222514271736145
19   1.4097307920455933
20   1.4226996898651123
21   1.3685996532440186
22   1.2554712295532227
23   1.2901958227157593
24   1.393014907836914
25   1.4508432149887085
26   1.278092384338379
27   1.368330717086792
28   1.400015950202942
29   1.4079501628875732
30   1.603945016860962
31   1.3555548191070557
32   1.400829792022705
33   1.398216962814331
34   1.3215560913085938
35   1.3292855024337769
36   1.3324259519577026
37   1.4384777545928955
38   1.4074925184249878
39   1.4385300874710083
40   1.262559175491333
41   1.504500150680542
42   1.4095484018325806
43   1.17805814743042
44   1.495690941810608
45   1.1585197448730469
46   1.4291104078292847
47   1.4251707792282104
48   1.4319820404052734
49   1.4127084016799927
50   1.4500635862350464
51   1.1351068019866943
52   1.489285945892334
53   1.3028995990753174
54   1.7142714262008667
55   1.3836009502410889
56   1.3464189767837524
57   1.4279799461364746
58   1.4121403694152832
59   1.3443058729171753
60   1.4647574424743652
61   1.3293633460998535
62   1.359076738357544
63   1.4236327409744263
64   1.2173380851745605
65   1.4331775903701782
66   1.3643980026245117
67   1.5331743955612183
68   1.430421233177185
69   1.2985774278640747
70   1.6043745279312134
71   1.3811863660812378
72   1.7098102569580078
73   1.4622846841812134
74   1.5477813482284546
75   1.4570107460021973
76   1.6480817794799805
77   1.3860411643981934
78   1.462904453277588
79   1.4986567497253418
80   1.6182397603988647
81   1.4965487718582153
82   1.3730833530426025
83   1.2923520803451538
84   1.4554121494293213
85   1.479781985282898
86   1.37138831615448
87   1.542646050453186
88   1.3674570322036743
89   1.3944594860076904
90   1.3794972896575928
91   1.2166712284088135
92   1.450722575187683
93   1.5373247861862183
94   1.3833692073822021
95   1.4470078945159912
96   1.376465916633606
97   1.314717411994934
98   1.305209994316101
99   1.399822473526001
100   1.314144253730774
101   1.5058649778366089
102   1.2816147804260254
103   1.364656686782837
104   1.3903964757919312
105   1.4230774641036987
106   1.4100741147994995
107   1.2667512893676758
108   1.246147632598877
109   1.4766452312469482
110   1.2691810131072998
111   1.209367036819458
112   1.3091896772384644
113   1.4744584560394287
114   1.5797048807144165
115   1.3491220474243164
116   1.4043083190917969
117   1.2476047277450562
118   1.337792158126831
119   1.5293306112289429
120   1.5357162952423096
121   1.2413314580917358
122   1.494889259338379
123   1.1932071447372437
124   1.3320274353027344
125   1.3152263164520264
126   1.300158977508545
127   1.3170446157455444
128   1.3256778717041016
129   1.2561386823654175
130   1.3070833683013916
131   1.5062763690948486
132   1.4279415607452393
133   1.3765430450439453
134   1.4846410751342773
135   1.4779714345932007
136   1.3266323804855347
137   1.3037091493606567
138   1.4075627326965332
139   1.2892916202545166
140   1.4053740501403809
141   1.3645867109298706
142   1.3705101013183594
143   1.3162033557891846
144   1.386905312538147
145   1.2279895544052124
146   1.3123716115951538
147   1.3674310445785522
148   1.3641160726547241
149   1.3025027513504028
150   1.482377529144287
151   1.3017845153808594
152   1.4278202056884766
153   1.2579171657562256
154   1.4471383094787598
155   1.4339995384216309
156   1.2564425468444824
157   1.327016830444336
158   1.5340354442596436
159   1.2799692153930664
160   1.4121695756912231
1   1.2088063955307007
2   1.3646230697631836
3   1.2323644161224365
4   1.220272183418274
5   1.2851812839508057
6   1.349622130393982
7   1.3794753551483154
8   1.26521897315979
9   1.3992139101028442
10   1.2967860698699951
11   1.3278521299362183
12   1.439289927482605
13   1.715449571609497
14   1.5145665407180786
15   1.3237735033035278
16   1.3421956300735474
17   1.3289403915405273
18   1.4933357238769531
19   1.2527616024017334
20   1.4272371530532837
21   1.4568471908569336
22   1.827577829360962
23   1.5907052755355835
24   1.2735486030578613
25   1.6588218212127686
26   1.6578187942504883
27   1.5528768301010132
28   1.5905892848968506
29   1.6074870824813843
30   1.415745496749878
31   1.4319151639938354
32   1.5040258169174194
33   1.73041832447052
34   1.5232080221176147
35   1.8681392669677734
36   1.6030796766281128
37   1.748050570487976
38   1.6028847694396973
39   1.594897985458374
40   1.8028075695037842
41   1.4209150075912476
42   1.6913669109344482
43   1.4897085428237915
44   1.6363532543182373
45   1.6084598302841187
46   1.8720476627349854
47   1.4911977052688599
48   1.5833137035369873
49   1.751668930053711
50   1.819889783859253
51   1.526710033416748
52   1.9622405767440796
53   1.657405138015747
54   1.6940635442733765
55   2.164275884628296
56   1.5962752103805542
57   1.724820613861084
58   1.7379887104034424
59   1.7021116018295288
60   1.4864360094070435
61   2.0357863903045654
62   1.626465916633606
63   1.7721589803695679
64   1.8073093891143799
65   1.816185712814331
66   1.5916476249694824
67   1.7922290563583374
68   1.3883609771728516
69   1.904252529144287
70   2.241515636444092
71   1.864585518836975
72   1.8577005863189697
73   2.0607850551605225
74   2.0578949451446533
75   2.024611711502075
76   2.3384084701538086
77   1.6972222328186035
78   1.967903971672058
79   1.9052826166152954
80   1.8190820217132568
81   1.77757728099823
82   1.695131778717041
83   1.549550175666809
84   1.5090348720550537
85   2.08539080619812
86   1.5773380994796753
87   1.546757698059082
88   1.4483872652053833
89   1.652163028717041
90   1.597617506980896
91   2.1778721809387207
92   1.9949893951416016
93   1.5740272998809814
94   1.9359899759292603
95   1.8859519958496094
96   1.7715742588043213
97   1.97239351272583
98   1.7105094194412231
99   1.7151070833206177
100   1.8974275588989258
101   1.780606746673584
102   2.105154037475586
103   1.8288086652755737
104   2.062967538833618
105   1.4362621307373047
106   1.7054893970489502
107   1.90569269657135
108   1.9406042098999023
109   1.652127981185913
110   1.6530197858810425
111   1.9370543956756592
112   1.8634262084960938
113   1.5734785795211792
114   1.8000750541687012
115   1.907865285873413
116   1.8496752977371216
117   1.5567337274551392
118   2.0398921966552734
119   1.6659824848175049
120   1.8372248411178589
121   1.771498203277588
122   2.0774075984954834
123   2.0499067306518555
124   1.7363531589508057
125   1.789659857749939
126   1.5436078310012817
127   1.7460129261016846
128   1.6413418054580688
129   1.3956859111785889
130   1.569275975227356
131   1.5279868841171265
132   1.7020386457443237
133   1.587140440940857
134   1.5347946882247925
135   1.6387895345687866
136   1.5218065977096558
137   1.3540592193603516
138   1.6103101968765259
139   1.4412307739257813
140   1.5873574018478394
141   1.6240719556808472
142   1.8646315336227417
143   1.5779902935028076
144   1.299925684928894
145   1.5555033683776855
146   1.4249504804611206
147   1.399771809577942
148   1.4745354652404785
149   1.444480061531067
150   1.4285731315612793
151   1.1432011127471924
152   1.646858811378479
153   1.3940566778182983
154   1.23471999168396
155   1.3944083452224731
156   1.538158655166626
157   1.449514389038086
158   1.4069428443908691
159   1.6110457181930542
160   1.5000274181365967
161   1.4222571849822998
162   1.4097297191619873
163   1.4184858798980713
164   1.3298866748809814
