0   15.798117637634277
1   15.774942398071289
2   15.804020881652832
3   15.824946403503418
4   15.794386863708496
5   15.804403305053711
6   15.809139251708984
7   15.80352783203125
8   15.787724494934082
9   15.785491943359375
10   15.781776428222656
11   15.830185890197754
12   15.786131858825684
13   15.754605293273926
14   15.302847862243652
15   15.318984985351563
16   15.691932678222656
17   15.592204093933105
18   16.117366790771484
19   15.727436065673828
20   15.790267944335938
21   15.906926155090332
22   15.73327922821045
23   15.519840240478516
24   15.622064590454102
25   15.675618171691895
26   15.87762451171875
27   15.587154388427734
28   15.62796688079834
29   15.838739395141602
30   15.87915325164795
31   15.539728164672852
32   15.626830101013184
33   15.512696266174316
34   15.528162002563477
35   15.767366409301758
36   15.995511054992676
37   15.862523078918457
38   16.05231475830078
39   15.634410858154297
40   15.604690551757813
41   15.599069595336914
42   15.588868141174316
43   15.786820411682129
44   16.036487579345703
45   15.566293716430664
46   15.639559745788574
47   15.991253852844238
48   15.655853271484375
49   15.779919624328613
50   15.775187492370605
51   15.791807174682617
52   15.796512603759766
53   15.723457336425781
54   15.807577133178711
55   15.943909645080566
56   15.743820190429688
57   15.615583419799805
58   15.605242729187012
59   15.613656044006348
60   15.8379487991333
61   15.624783515930176
62   16.053138732910156
63   15.70889663696289
64   16.012609481811523
65   15.82221794128418
66   15.99216365814209
67   15.782147407531738
68   15.627925872802734
69   16.0096492767334
70   15.978106498718262
71   15.702841758728027
72   15.682892799377441
73   15.819951057434082
74   15.7842435836792
75   15.616673469543457
76   15.871339797973633
77   15.477457046508789
78   15.78177261352539
79   15.652002334594727
80   15.553133964538574
81   15.606929779052734
82   15.844244003295898
83   16.128307342529297
84   15.933706283569336
85   15.789240837097168
86   15.766304969787598
87   15.677770614624023
88   15.961627006530762
89   15.335458755493164
90   15.65342903137207
91   15.452197074890137
92   15.529959678649902
93   15.88897705078125
94   15.905740737915039
95   15.793889999389648
96   15.856051445007324
97   15.741612434387207
98   15.930811882019043
99   15.706910133361816
100   15.720407485961914
101   15.833895683288574
102   15.624850273132324
103   15.845547676086426
104   15.627056121826172
105   15.45224666595459
106   15.689507484436035
107   15.61280632019043
108   15.703237533569336
109   15.731215476989746
110   15.897334098815918
111   15.702107429504395
112   15.546027183532715
113   15.615950584411621
114   15.693359375
115   15.988136291503906
116   15.854995727539063
117   16.056142807006836
118   15.669366836547852
119   15.786012649536133
120   15.7054443359375
121   15.567503929138184
122   15.558979034423828
123   15.847769737243652
124   15.551360130310059
125   15.93323040008545
126   15.633687973022461
127   15.76447582244873
128   15.839296340942383
129   15.612829208374023
130   15.72529125213623
131   15.830224990844727
132   15.846506118774414
133   15.706931114196777
134   16.04038429260254
135   15.645174026489258
136   15.676199913024902
137   15.811988830566406
138   15.847651481628418
139   15.79224967956543
140   16.0692138671875
141   15.977180480957031
142   15.83957290649414
143   15.650854110717773
144   15.591463088989258
145   15.922880172729492
146   15.631424903869629
147   15.50864315032959
148   15.827951431274414
149   15.966683387756348
150   15.8594331741333
151   15.54637622833252
152   15.353811264038086
153   15.397817611694336
154   15.506545066833496
155   15.709386825561523
156   15.456087112426758
157   15.816295623779297
158   16.07218360900879
159   15.606517791748047
160   15.759514808654785
161   15.82403564453125
162   15.57773208618164
163   15.910720825195313
164   15.833824157714844
165   15.8366117477417
166   15.762799263000488
167   15.635241508483887
168   15.979094505310059
169   15.686444282531738
170   15.807626724243164
171   15.775116920471191
172   15.688409805297852
173   15.5416259765625
174   15.63228988647461
175   15.620613098144531
176   15.576486587524414
177   15.634980201721191
178   15.562275886535645
179   15.367246627807617
180   15.456733703613281
181   15.715920448303223
182   15.532750129699707
183   15.699941635131836
184   15.604856491088867
185   15.583967208862305
186   15.8269624710083
187   15.390338897705078
188   15.561525344848633
189   15.881617546081543
190   15.635720252990723
191   15.369623184204102
192   15.743958473205566
193   15.729713439941406
194   15.764254570007324
195   16.083396911621094
196   15.872410774230957
197   15.568303108215332
198   15.678771018981934
199   15.632994651794434
200   15.887857437133789
201   15.583937644958496
202   15.346722602844238
203   15.328851699829102
204   15.57986068725586
205   15.930514335632324
206   15.701255798339844
207   15.992863655090332
208   15.867541313171387
209   15.666211128234863
210   15.445207595825195
211   15.976184844970703
212   15.876235961914063
213   15.7381010055542
