1   15.487161636352539
2   15.808477401733398
3   15.955181121826172
4   15.61159896850586
5   16.008331298828125
6   15.919901847839355
7   15.75565242767334
8   15.627889633178711
9   16.04009437561035
10   15.935989379882813
11   15.846433639526367
12   15.573795318603516
13   15.86830997467041
14   15.613836288452148
15   15.576141357421875
16   15.800646781921387
17   15.894246101379395
18   15.468899726867676
19   15.665703773498535
20   15.625321388244629
21   15.778599739074707
22   15.874114990234375
23   15.491931915283203
24   15.582062721252441
25   15.596440315246582
26   15.63992977142334
27   15.62695026397705
28   15.530552864074707
29   15.896977424621582
30   15.880854606628418
31   15.661337852478027
32   15.83015251159668
33   15.99451732635498
34   15.815500259399414
35   15.62983512878418
36   15.767349243164063
37   15.552433967590332
38   15.794431686401367
39   15.672558784484863
40   15.554961204528809
41   15.564146995544434
42   15.75474739074707
43   15.379544258117676
44   15.504117012023926
45   15.582454681396484
46   15.563201904296875
47   15.704285621643066
48   15.609877586364746
49   15.734938621520996
50   15.713818550109863
51   15.479480743408203
52   15.848852157592773
53   15.69503402709961
54   15.664311408996582
55   15.464498519897461
56   15.706562042236328
57   15.541593551635742
58   15.603589057922363
59   15.655186653137207
60   15.744680404663086
61   15.870396614074707
62   16.17473030090332
63   15.603812217712402
64   15.997720718383789
65   15.617509841918945
66   15.742878913879395
67   15.635442733764648
68   15.8115234375
69   15.578717231750488
70   15.746479988098145
71   15.887022972106934
72   15.931415557861328
73   15.778786659240723
74   15.6803560256958
75   15.454910278320313
76   15.684636116027832
77   15.8916015625
78   15.83350944519043
79   15.982112884521484
80   15.43891429901123
81   15.827656745910645
82   15.780781745910645
83   15.636150360107422
84   15.73508071899414
85   15.916130065917969
86   15.76242733001709
87   15.650742530822754
88   15.825248718261719
89   15.81630802154541
90   15.666154861450195
91   15.813990592956543
92   15.68201732635498
93   15.521845817565918
94   15.826669692993164
95   15.475994110107422
96   15.710039138793945
97   15.82917308807373
98   15.581453323364258
99   15.570335388183594
100   15.664677619934082
101   15.595409393310547
102   15.669490814208984
103   15.655285835266113
104   15.81014633178711
105   15.572466850280762
106   15.49545669555664
107   15.862191200256348
108   16.003101348876953
109   15.469491004943848
110   15.720192909240723
111   15.684343338012695
112   15.802838325500488
113   15.730446815490723
114   15.59141731262207
115   15.668864250183105
116   15.507523536682129
117   15.526313781738281
118   15.645808219909668
119   15.598210334777832
120   15.636689186096191
121   16.02387237548828
122   15.653776168823242
123   16.09171485900879
124   15.794733047485352
125   15.546366691589355
126   15.811807632446289
127   15.818266868591309
128   15.84997844696045
129   15.736862182617188
130   15.955446243286133
131   15.605323791503906
132   15.689785957336426
133   15.5574312210083
134   15.903664588928223
135   15.428047180175781
136   15.525912284851074
137   15.761804580688477
138   15.622427940368652
139   15.552217483520508
140   15.497872352600098
141   15.770490646362305
142   15.701967239379883
143   16.000408172607422
144   15.751683235168457
145   15.432979583740234
146   15.337662696838379
147   15.74551010131836
148   15.284976959228516
149   15.979402542114258
150   15.814828872680664
151   15.688410758972168
152   15.894996643066406
153   15.603266716003418
154   15.594343185424805
155   15.500048637390137
156   15.52221965789795
157   15.37883186340332
158   15.429332733154297
159   15.448481559753418
160   15.463105201721191
