1   15.605721473693848
2   15.907522201538086
3   15.9160795211792
4   15.655647277832031
5   15.75367259979248
6   15.792256355285645
7   16.048324584960938
8   15.796283721923828
9   15.875164985656738
10   15.510869026184082
11   15.776803970336914
12   15.603474617004395
13   15.996109008789063
14   15.687387466430664
15   15.796045303344727
16   15.668617248535156
17   15.663402557373047
18   15.60692310333252
19   15.590328216552734
20   15.969809532165527
21   15.85245132446289
22   15.865827560424805
23   15.580191612243652
24   15.824929237365723
25   15.940596580505371
26   15.753554344177246
27   15.645096778869629
28   15.639616012573242
29   15.905228614807129
30   15.608562469482422
31   15.654071807861328
32   15.676382064819336
33   15.734099388122559
34   15.682852745056152
35   15.574583053588867
36   15.558099746704102
37   15.560880661010742
38   15.756216049194336
39   15.695778846740723
40   15.660528182983398
41   15.722855567932129
42   15.64484977722168
43   15.604671478271484
44   15.741063117980957
45   15.622998237609863
46   15.837858200073242
47   15.550274848937988
48   15.677953720092773
49   15.961066246032715
50   15.72140884399414
51   15.476211547851563
52   15.800509452819824
53   15.897220611572266
54   15.943490028381348
55   15.583192825317383
56   15.6854248046875
57   15.611166954040527
58   15.68118667602539
59   15.596019744873047
60   15.726157188415527
61   15.697690963745117
62   15.627593040466309
63   15.969474792480469
64   15.85607624053955
65   15.604437828063965
66   15.613829612731934
67   15.932585716247559
68   15.794880867004395
69   15.434858322143555
70   15.588659286499023
71   15.59892463684082
72   15.519692420959473
73   15.691734313964844
74   15.638501167297363
75   15.533270835876465
76   15.646285057067871
77   15.451608657836914
78   15.451520919799805
79   15.608691215515137
80   15.622102737426758
81   15.367403984069824
82   15.49888801574707
83   15.458549499511719
84   15.465185165405273
85   15.788541793823242
86   15.552498817443848
87   15.691165924072266
88   15.482844352722168
89   15.756484985351563
90   15.740621566772461
91   15.889766693115234
92   15.440223693847656
93   15.827630043029785
94   15.504579544067383
95   15.480010986328125
96   15.715744972229004
97   15.52225112915039
98   15.372735023498535
99   15.813114166259766
100   15.559855461120605
101   15.680337905883789
102   15.669381141662598
103   15.38752269744873
104   15.523619651794434
105   15.64103889465332
106   15.67162799835205
107   15.425421714782715
108   15.540693283081055
109   15.42178726196289
110   15.693270683288574
111   15.848502159118652
112   15.393303871154785
113   15.660258293151855
114   15.478752136230469
115   15.555386543273926
116   15.7132568359375
117   15.821852684020996
118   15.651164054870605
119   15.59166431427002
120   15.460433959960938
121   15.640438079833984
122   15.58213996887207
123   15.580037117004395
124   15.661998748779297
125   15.428059577941895
126   15.393975257873535
127   15.442160606384277
128   15.401219367980957
129   15.492149353027344
130   15.676770210266113
131   15.548093795776367
132   15.420403480529785
133   15.908690452575684
134   15.59453010559082
135   15.430563926696777
136   15.655008316040039
137   15.510282516479492
138   15.573619842529297
139   15.591917037963867
140   15.577178955078125
141   15.606602668762207
142   15.6356782913208
143   15.756230354309082
144   15.672669410705566
145   15.612287521362305
146   15.59717845916748
147   15.55518913269043
148   15.657890319824219
149   15.751348495483398
150   15.674385070800781
151   15.538297653198242
152   15.68929672241211
153   15.648816108703613
154   15.499529838562012
155   15.777804374694824
156   15.545927047729492
157   15.610942840576172
158   15.480061531066895
159   15.606237411499023
160   15.540406227111816
161   15.63467025756836
162   15.359452247619629
163   15.634503364562988
164   15.690399169921875
