# 1
#       -180         1       360  0

 -179.5  0
 -178.5  0
 -177.5  0
 -176.5  0
 -175.5  0
 -174.5  0
 -173.5  0
 -172.5  0
 -171.5  0
 -170.5  0
 -169.5  0
 -168.5  0
 -167.5  0
 -166.5  0
 -165.5  0
 -164.5  0
 -163.5  0
 -162.5  0
 -161.5  0
 -160.5  0
 -159.5  0
 -158.5  0
 -157.5  0
 -156.5  0
 -155.5  0
 -154.5  0
 -153.5  0
 -152.5  0
 -151.5  0
 -150.5  0
 -149.5  0
 -148.5  0
 -147.5  0
 -146.5  0
 -145.5  0
 -144.5  0
 -143.5  0
 -142.5  0
 -141.5  0
 -140.5  0
 -139.5  0
 -138.5  0
 -137.5  0
 -136.5  0
 -135.5  0
 -134.5  0
 -133.5  0
 -132.5  0
 -131.5  0
 -130.5  0
 -129.5  0
 -128.5  0
 -127.5  0
 -126.5  0
 -125.5  0
 -124.5  0
 -123.5  0
 -122.5  0
 -121.5  0
 -120.5  0
 -119.5  0
 -118.5  0
 -117.5  0
 -116.5  0
 -115.5  0
 -114.5  0
 -113.5  0
 -112.5  0
 -111.5  0
 -110.5  0
 -109.5  0
 -108.5  0
 -107.5  0
 -106.5  0
 -105.5  0
 -104.5  0
 -103.5  0
 -102.5  0
 -101.5  0
 -100.5  0
 -99.5  0
 -98.5  0
 -97.5  0
 -96.5  0
 -95.5  0
 -94.5  0
 -93.5  0
 -92.5  0
 -91.5  0
 -90.5  0
 -89.5  0
 -88.5  0
 -87.5  0
 -86.5  0
 -85.5  0
 -84.5  0
 -83.5  0
 -82.5  0
 -81.5  0
 -80.5  0
 -79.5  0
 -78.5  0
 -77.5  0
 -76.5  0
 -75.5  0
 -74.5  0
 -73.5  0
 -72.5  0
 -71.5  0
 -70.5  0
 -69.5  0
 -68.5  0
 -67.5  0
 -66.5  0
 -65.5  0
 -64.5  0
 -63.5  0
 -62.5  0
 -61.5  0
 -60.5  0
 -59.5  0
 -58.5  0
 -57.5  0
 -56.5  0
 -55.5  0
 -54.5  0
 -53.5  0
 -52.5  0
 -51.5  0
 -50.5  0
 -49.5  0
 -48.5  0
 -47.5  0
 -46.5  0
 -45.5  0
 -44.5  0
 -43.5  0
 -42.5  0
 -41.5  0
 -40.5  0
 -39.5  0
 -38.5  0
 -37.5  0
 -36.5  0
 -35.5  0
 -34.5  0
 -33.5  0
 -32.5  0
 -31.5  0
 -30.5  0
 -29.5  0
 -28.5  38
 -27.5  22
 -26.5  14
 -25.5  50
 -24.5  47
 -23.5  116
 -22.5  316
 -21.5  467
 -20.5  505
 -19.5  887
 -18.5  1533
 -17.5  2075
 -16.5  3823
 -15.5  5696
 -14.5  8429
 -13.5  12224
 -12.5  17217
 -11.5  22432
 -10.5  28160
 -9.5  35514
 -8.5  45013
 -7.5  52924
 -6.5  65295
 -5.5  80654
 -4.5  95221
 -3.5  114912
 -2.5  132047
 -1.5  153925
 -0.5  179069
 0.5  207305
 1.5  234363
 2.5  257908
 3.5  279935
 4.5  293395
 5.5  303484
 6.5  301514
 7.5  298732
 8.5  278561
 9.5  253217
 10.5  226618
 11.5  195286
 12.5  166662
 13.5  137312
 14.5  112739
 15.5  92906
 16.5  73459
 17.5  58758
 18.5  46962
 19.5  35862
 20.5  26433
 21.5  18836
 22.5  13962
 23.5  9711
 24.5  6638
 25.5  4393
 26.5  2516
 27.5  1734
 28.5  1145
 29.5  764
 30.5  310
 31.5  221
 32.5  109
 33.5  77
 34.5  27
 35.5  23
 36.5  0
 37.5  0
 38.5  0
 39.5  0
 40.5  0
 41.5  0
 42.5  0
 43.5  0
 44.5  0
 45.5  0
 46.5  0
 47.5  0
 48.5  0
 49.5  0
 50.5  0
 51.5  0
 52.5  0
 53.5  0
 54.5  0
 55.5  0
 56.5  0
 57.5  0
 58.5  0
 59.5  0
 60.5  0
 61.5  0
 62.5  0
 63.5  0
 64.5  0
 65.5  0
 66.5  0
 67.5  0
 68.5  0
 69.5  0
 70.5  0
 71.5  0
 72.5  0
 73.5  0
 74.5  0
 75.5  0
 76.5  0
 77.5  0
 78.5  0
 79.5  0
 80.5  0
 81.5  0
 82.5  0
 83.5  0
 84.5  0
 85.5  0
 86.5  0
 87.5  0
 88.5  0
 89.5  0
 90.5  0
 91.5  0
 92.5  0
 93.5  0
 94.5  0
 95.5  0
 96.5  0
 97.5  0
 98.5  0
 99.5  0
 100.5  0
 101.5  0
 102.5  0
 103.5  0
 104.5  0
 105.5  0
 106.5  0
 107.5  0
 108.5  0
 109.5  0
 110.5  0
 111.5  0
 112.5  0
 113.5  0
 114.5  0
 115.5  0
 116.5  0
 117.5  0
 118.5  0
 119.5  0
 120.5  0
 121.5  0
 122.5  0
 123.5  0
 124.5  0
 125.5  0
 126.5  0
 127.5  0
 128.5  0
 129.5  0
 130.5  0
 131.5  0
 132.5  0
 133.5  0
 134.5  0
 135.5  0
 136.5  0
 137.5  0
 138.5  0
 139.5  0
 140.5  0
 141.5  0
 142.5  0
 143.5  0
 144.5  0
 145.5  0
 146.5  0
 147.5  0
 148.5  0
 149.5  0
 150.5  0
 151.5  0
 152.5  0
 153.5  0
 154.5  0
 155.5  0
 156.5  0
 157.5  0
 158.5  0
 159.5  0
 160.5  0
 161.5  0
 162.5  0
 163.5  0
 164.5  0
 165.5  0
 166.5  0
 167.5  0
 168.5  0
 169.5  0
 170.5  0
 171.5  0
 172.5  0
 173.5  0
 174.5  0
 175.5  0
 176.5  0
 177.5  0
 178.5  0
 179.5  0
