0   0.0
1   0.8547786474227905
2   1.00691556930542
3   0.9775224924087524
4   1.0163534879684448
5   0.935787558555603
6   1.15163254737854
7   0.9162158370018005
8   0.8518008589744568
9   1.0035407543182373
10   0.7295243740081787
11   0.8295431137084961
12   0.9347460269927979
13   0.9678611755371094
14   0.854194164276123
15   0.7809260487556458
16   0.8896220326423645
17   1.013505220413208
18   1.1867789030075073
19   1.0905847549438477
20   0.9690280556678772
21   0.9137470722198486
22   1.0332192182540894
23   0.8887254595756531
24   1.1391568183898926
25   0.8403058648109436
26   0.6486979722976685
27   1.2991845607757568
28   1.1208120584487915
29   1.259882926940918
30   1.1415776014328003
31   1.0242670774459839
32   1.1642378568649292
33   1.011889100074768
34   0.7884708046913147
35   0.7162293791770935
36   0.8997289538383484
37   0.9239607453346252
38   0.9868739247322083
39   0.8768815994262695
40   1.2034478187561035
41   0.8375168442726135
42   1.0593916177749634
43   0.9670134782791138
44   1.0223493576049805
45   1.0908091068267822
46   0.9845836162567139
47   1.0922236442565918
48   0.9383531212806702
49   0.8977617621421814
50   1.1746675968170166
51   1.0238856077194214
52   0.8995727300643921
53   0.9318480491638184
54   1.025656819343567
55   1.139583706855774
56   0.9727768898010254
57   0.8822179436683655
58   0.9112069010734558
59   1.1507619619369507
60   1.1042460203170776
61   1.0320771932601929
62   1.0355353355407715
63   0.8861091732978821
64   1.23862624168396
65   0.6627110838890076
66   0.9601487517356873
67   1.100075602531433
68   0.89433753490448
69   0.8909856081008911
70   0.9941729307174683
71   0.8980410695075989
72   0.8634734749794006
73   1.1289995908737183
74   0.9924718141555786
75   0.7408321499824524
76   1.0442440509796143
77   0.8942525386810303
78   0.9124014973640442
79   0.8674889206886292
80   1.08844792842865
81   1.0159682035446167
82   0.8418310880661011
83   0.7485435605049133
84   0.8994991779327393
85   0.8446671962738037
86   0.8534565567970276
87   0.8488159775733948
88   0.797193706035614
89   0.9610605835914612
90   0.8750909566879272
91   0.6543437838554382
92   0.8478255271911621
93   0.929108738899231
94   1.0031731128692627
95   0.9046785235404968
96   1.0394002199172974
97   0.8282117247581482
98   0.694452702999115
99   1.0671939849853516
100   0.9596934914588928
101   0.8214634656906128
102   1.3500726222991943
103   0.8313471078872681
104   0.8401235342025757
105   0.7317883968353271
106   0.9428519010543823
107   0.9189328551292419
108   0.9570978283882141
109   1.0227423906326294
110   0.8240547776222229
111   1.237196445465088
112   0.8255578875541687
113   0.942738950252533
114   0.8925154805183411
115   0.9509837031364441
116   0.9782081842422485
117   0.7753519415855408
118   0.8701040148735046
119   1.0986772775650024
120   0.9148437976837158
121   1.0928152799606323
122   0.9090076684951782
123   1.2223118543624878
124   0.7545861601829529
125   1.077087163925171
126   0.8546838164329529
127   1.163495421409607
128   0.950383186340332
129   1.2066527605056763
130   0.8878107666969299
131   0.8211510181427002
132   1.0927850008010864
133   0.9401464462280273
134   1.0764254331588745
135   1.1980255842208862
136   1.0016186237335205
137   1.2693367004394531
138   0.9158012866973877
139   0.9974362254142761
140   0.7949455380439758
141   1.1243425607681274
142   1.021726131439209
143   0.9600399732589722
144   0.7218141555786133
145   0.8072984218597412
146   0.7640158534049988
147   1.093371868133545
148   0.8758589625358582
149   1.0816524028778076
150   0.8385359644889832
151   1.0310755968093872
152   1.0905628204345703
153   1.2112289667129517
154   1.0550132989883423
155   0.9425455927848816
156   1.0414553880691528
157   1.0571680068969727
158   1.079455018043518
159   0.8251622319221497
160   1.1329176425933838
161   0.8567607402801514
162   1.0865578651428223
163   0.9378300309181213
164   0.8887128829956055
165   1.2731906175613403
166   0.9912500381469727
167   0.8414573073387146
168   1.0831615924835205
169   1.2848875522613525
170   1.1758049726486206
171   0.9129453301429749
172   0.8188929557800293
173   1.2306499481201172
174   1.251638650894165
175   1.3761036396026611
176   1.0088093280792236
177   1.1294200420379639
178   1.4527314901351929
179   0.9732043147087097
180   0.761876106262207
181   1.0135905742645264
182   0.9596142172813416
183   1.40486741065979
184   0.8191561102867126
185   1.4064445495605469
186   1.0958341360092163
187   1.74405038356781
188   1.1804380416870117
189   1.0842193365097046
190   1.2588611841201782
191   1.2831950187683105
192   1.331417441368103
193   1.5199791193008423
194   1.7224780321121216
195   1.2583541870117188
196   1.8337234258651733
197   1.545322060585022
198   1.203189492225647
199   1.1297355890274048
200   1.1300208568572998
201   1.1466985940933228
202   1.188208818435669
203   0.858405590057373
204   1.092594861984253
205   0.9565628170967102
206   0.8544427156448364
207   0.975692868232727
208   1.2921301126480103
209   1.4566895961761475
210   1.4026000499725342
211   1.0936040878295898
212   0.9199638962745667
213   1.4358186721801758
214   1.27556312084198
215   1.220108151435852
216   1.1563503742218018
217   1.2279516458511353
218   1.1503312587738037
219   2.1082406044006348
220   1.2408390045166016
221   1.9409929513931274
222   1.6572635173797607
223   2.242917060852051
224   1.8771836757659912
225   1.0606577396392822
226   1.9325034618377686
227   1.4778112173080444
228   1.841849684715271
229   2.30346941947937
230   1.2959425449371338
231   0.994005024433136
232   1.6627036333084106
233   1.5201691389083862
234   1.3968610763549805
235   1.3454883098602295
236   1.0656203031539917
237   0.941647469997406
238   1.3184642791748047
239   1.4918445348739624
240   1.1430429220199585
241   1.706403136253357
242   1.0461931228637695
243   1.1242821216583252
244   1.0823898315429688
245   1.2671589851379395
246   1.1003931760787964
247   1.1977821588516235
248   1.5055733919143677
249   1.5695977210998535
250   1.75566828250885
251   1.527571439743042
252   1.5593345165252686
253   1.3887332677841187
254   1.7623035907745361
255   1.8678369522094727
256   1.6350910663604736
257   1.093841314315796
258   1.1796257495880127
259   1.2062976360321045
260   1.6566388607025146
261   1.4166276454925537
262   1.5940113067626953
263   1.4068189859390259
264   1.460715413093567
265   1.164976954460144
266   1.1114833354949951
267   1.3585257530212402
268   1.4626758098602295
269   1.4547176361083984
270   1.3147884607315063
271   1.2109248638153076
272   1.3493708372116089
273   1.6823856830596924
274   1.4506916999816895
275   0.8393036127090454
276   0.8799821734428406
277   1.2610909938812256
278   1.387679934501648
279   1.1290920972824097
280   1.011082649230957
281   1.5243242979049683
282   1.3811784982681274
283   1.5901806354522705
284   1.2231357097625732
285   1.2086669206619263
286   0.9034919142723083
287   0.7199844121932983
288   1.1888362169265747
289   1.2780424356460571
290   0.9803738594055176
291   1.7395035028457642
292   0.9846825003623962
293   0.742059051990509
294   1.0491304397583008
295   1.2548060417175293
296   1.2773934602737427
297   0.9142495393753052
298   1.1220781803131104
299   0.9524691104888916
300   1.3011109828948975
301   1.1242812871932983
302   1.036807894706726
303   0.8817355632781982
304   0.8623051643371582
305   0.8228743672370911
306   1.2205402851104736
307   1.090641975402832
308   0.7766801118850708
309   0.8621782064437866
310   1.2950891256332397
311   0.8287991881370544
312   1.1241909265518188
313   1.135916829109192
314   0.9469350576400757
315   0.9960063099861145
316   0.9757636189460754
317   1.0996428728103638
318   1.049599289894104
319   1.2869197130203247
320   0.7724473476409912
321   0.9741028547286987
322   1.1576601266860962
323   1.1209337711334229
324   1.118638038635254
