0   0.0
1   1.8557111024856567
2   1.8219616413116455
3   2.092095136642456
4   1.9517635107040405
5   1.8677265644073486
6   2.2174301147460938
7   2.0189132690429688
8   2.2783472537994385
9   1.9480962753295898
10   1.9658352136611938
11   2.0948638916015625
12   1.9025293588638306
13   1.8087996244430542
14   1.6990209817886353
15   1.8404467105865479
16   1.952267050743103
17   2.1341049671173096
18   2.2012081146240234
19   1.908705472946167
20   2.073594093322754
21   1.9365110397338867
22   2.047577142715454
23   2.024585247039795
24   1.6880507469177246
25   2.2102160453796387
26   1.849260687828064
27   2.069964647293091
28   1.9479461908340454
29   2.2458765506744385
30   2.2553091049194336
31   2.082186698913574
32   2.3435988426208496
33   1.805643081665039
34   1.5219942331314087
35   1.87822425365448
36   1.9549167156219482
37   2.1084017753601074
38   1.878462314605713
39   1.9127135276794434
40   2.1683576107025146
41   1.9766064882278442
42   1.6231173276901245
43   2.6584677696228027
44   2.3419029712677
45   1.9156053066253662
46   2.1867785453796387
47   2.175863027572632
48   2.374215602874756
49   2.6067841053009033
50   3.081134796142578
51   2.0599684715270996
52   2.1092348098754883
53   2.006884813308716
54   2.509591817855835
55   2.2637734413146973
56   2.009779930114746
57   1.940029501914978
58   2.1586568355560303
59   1.9507083892822266
60   2.120121955871582
61   2.5208587646484375
62   2.4518086910247803
63   2.3008384704589844
64   2.153496026992798
65   1.8149019479751587
66   2.1105289459228516
67   2.940070390701294
68   1.7312006950378418
69   1.8060766458511353
70   2.260068416595459
71   2.356001138687134
72   1.7886837720870972
73   1.981675386428833
74   1.9687883853912354
75   1.8987492322921753
76   2.4990856647491455
77   2.3167781829833984
78   1.8196059465408325
79   1.8778972625732422
80   2.0167236328125
81   1.7691527605056763
82   2.100874662399292
83   2.3840925693511963
84   2.1087281703948975
85   1.7442015409469604
86   1.646494746208191
87   1.709725260734558
88   1.7981568574905396
89   1.9470348358154297
90   2.0813581943511963
91   2.018367052078247
92   1.5687355995178223
93   1.7309075593948364
94   1.923213005065918
95   1.8608553409576416
96   2.0485758781433105
97   2.3792524337768555
98   2.2795066833496094
99   1.782677173614502
100   1.9666320085525513
101   2.1179206371307373
102   1.864416480064392
103   2.001535415649414
104   1.9737175703048706
105   1.712891936302185
106   1.9185429811477661
107   1.941552758216858
108   1.8833532333374023
109   1.968833327293396
110   2.2646257877349854
111   2.437204599380493
112   2.100034236907959
113   2.2129414081573486
114   1.7586568593978882
115   1.8209924697875977
116   1.7685657739639282
117   2.0291929244995117
118   1.728731393814087
119   2.2446274757385254
120   2.0599708557128906
121   2.0758819580078125
122   1.9019134044647217
123   1.9438387155532837
124   1.8532540798187256
125   1.86376953125
126   1.8369921445846558
127   2.3017780780792236
128   1.8894877433776855
129   1.9220008850097656
130   1.99215829372406
131   1.7068935632705688
132   2.0301449298858643
133   2.2532317638397217
134   2.3917064666748047
135   2.29953670501709
136   1.9303597211837769
137   2.0933327674865723
138   2.0198252201080322
139   2.0028913021087646
140   1.963645577430725
141   2.1560590267181396
142   1.9929462671279907
143   1.9964182376861572
144   1.8241056203842163
145   1.6827338933944702
146   1.8955081701278687
147   1.988656997680664
148   1.8824702501296997
149   2.067781448364258
150   2.0372748374938965
151   1.8546422719955444
152   2.2138280868530273
153   1.9497463703155518
154   2.112302303314209
155   2.2785146236419678
156   1.888075351715088
157   1.729244589805603
158   2.166323184967041
159   1.9413142204284668
160   1.9249663352966309
161   1.7314825057983398
162   1.961800217628479
163   2.1008546352386475
164   2.043647527694702
165   1.9679081439971924
166   1.9466806650161743
167   1.937971591949463
168   1.832021713256836
169   2.025677442550659
170   1.8490129709243774
171   1.9941010475158691
172   1.7269668579101563
173   1.5248181819915771
174   1.8637111186981201
175   1.6814372539520264
176   1.9459774494171143
177   2.0481486320495605
178   1.751984715461731
179   1.679570198059082
180   1.9061516523361206
181   1.759706974029541
182   1.6322438716888428
183   2.0845108032226563
184   1.9114763736724854
185   1.9453520774841309
186   2.2754664421081543
187   1.8109925985336304
188   2.0163514614105225
189   1.9161854982376099
190   2.1898887157440186
191   2.1388003826141357
192   2.1456809043884277
193   2.3616697788238525
194   2.336456537246704
195   2.244555711746216
196   2.5447030067443848
197   2.2003087997436523
198   2.4329946041107178
199   1.9650678634643555
200   1.8943628072738647
201   2.1055166721343994
202   2.1667425632476807
203   1.7760908603668213
204   2.2488853931427
205   1.929621696472168
206   1.7649730443954468
207   1.8614341020584106
208   2.349073648452759
209   2.6733291149139404
210   2.1686935424804688
211   1.9757016897201538
212   1.953730821609497
213   1.7883257865905762
214   2.0910990238189697
215   1.8377920389175415
216   1.6726503372192383
217   1.5545663833618164
218   1.3763478994369507
219   2.1564741134643555
220   1.7303040027618408
221   2.2418196201324463
222   2.489039182662964
223   2.4050838947296143
224   1.9422619342803955
225   2.075881242752075
226   2.3173348903656006
227   2.2928314208984375
228   2.15873646736145
229   2.5673203468322754
230   2.287724018096924
231   1.9744071960449219
232   2.170788288116455
233   1.8590608835220337
234   1.8025399446487427
235   2.016899347305298
236   2.019285202026367
237   2.052846908569336
238   1.9559630155563354
239   2.3642735481262207
240   1.8084123134613037
241   2.4499917030334473
242   2.192483901977539
243   2.0424325466156006
244   2.0365002155303955
245   2.20211124420166
246   2.119248390197754
247   1.9814095497131348
248   2.1487724781036377
249   2.3785622119903564
250   2.421769857406616
251   2.3197338581085205
252   1.9072461128234863
253   1.922886848449707
254   2.4631826877593994
255   2.6261587142944336
256   2.4584264755249023
257   2.0341222286224365
258   2.169857978820801
259   1.7043370008468628
260   2.355466842651367
261   2.402602195739746
262   2.265028476715088
263   2.4391324520111084
264   2.5560550689697266
265   1.818105936050415
266   2.060920238494873
267   2.2063052654266357
268   1.7823742628097534
269   1.7000600099563599
270   2.422612190246582
271   1.646419882774353
272   2.320842742919922
273   2.291677713394165
274   1.9693992137908936
275   2.3638722896575928
276   2.515556573867798
277   2.548330783843994
278   2.979595899581909
279   2.679943561553955
280   2.762054204940796
281   3.3381505012512207
282   2.889692783355713
283   3.125098705291748
284   2.2708075046539307
285   2.1866097450256348
286   2.189898729324341
287   1.9755998849868774
288   2.0789923667907715
289   2.6788527965545654
290   2.0706090927124023
291   2.6144580841064453
292   1.946653127670288
293   2.0436229705810547
294   2.028202533721924
295   2.066640853881836
296   2.0552918910980225
297   1.5804122686386108
298   1.6911377906799316
299   1.891080617904663
300   2.427983522415161
301   1.9689311981201172
302   1.909796118736267
303   1.6088987588882446
304   1.9450074434280396
305   2.19044828414917
306   2.1427178382873535
307   1.9434361457824707
308   1.8864891529083252
309   1.5637176036834717
310   2.070152521133423
311   1.8437354564666748
312   2.380648374557495
313   2.0621254444122314
314   2.622467279434204
315   2.0269644260406494
316   1.6077216863632202
317   2.094078779220581
318   1.9019560813903809
319   2.2409253120422363
320   1.9921159744262695
321   2.100829839706421
322   2.1608760356903076
323   2.277830123901367
324   1.8909435272216797
