0   0.0
1   2.009756565093994
2   1.9544874429702759
3   2.106619358062744
4   2.1368134021759033
5   1.9980206489562988
6   2.41666579246521
7   2.3127830028533936
8   2.6706583499908447
9   2.246283531188965
10   2.1126294136047363
11   2.240304708480835
12   2.0868642330169678
13   2.2342259883880615
14   1.9959025382995605
15   1.9827148914337158
16   2.225250720977783
17   2.2086501121520996
18   2.231060028076172
19   2.2445170879364014
20   2.1669750213623047
21   2.1808407306671143
22   2.2290585041046143
23   2.1293530464172363
24   1.9000749588012695
25   2.400301218032837
26   2.1647567749023438
27   2.237043619155884
28   2.1484060287475586
29   2.314969301223755
30   2.2838826179504395
31   2.2681021690368652
32   2.5432472229003906
33   2.085005760192871
34   1.8155879974365234
35   2.0828909873962402
36   2.188413381576538
37   2.200991153717041
38   2.129770278930664
39   2.07917857170105
40   2.250278949737549
41   2.2173736095428467
42   1.8359013795852661
43   2.7151825428009033
44   2.4316749572753906
45   2.069871187210083
46   2.3144776821136475
47   2.4284486770629883
48   2.490544557571411
49   2.6500487327575684
50   3.1581621170043945
51   2.24749493598938
52   2.227890968322754
53   2.127488851547241
54   2.56645131111145
55   2.3843657970428467
56   2.259340524673462
57   2.1456634998321533
58   2.316675901412964
59   2.229775905609131
60   2.4026453495025635
61   2.6735706329345703
62   2.6863064765930176
63   2.4642865657806396
64   2.409695863723755
65   2.0848095417022705
66   2.4143455028533936
67   3.0112173557281494
68   2.0913939476013184
69   2.156639575958252
70   2.4903926849365234
71   2.4566915035247803
72   1.9892935752868652
73   2.0404882431030273
74   2.191417932510376
75   2.015329599380493
76   2.6820785999298096
77   2.3981471061706543
78   2.0070128440856934
79   2.0996530055999756
80   2.1753809452056885
81   2.048698902130127
82   2.280338764190674
83   2.5327837467193604
84   2.2177836894989014
85   2.0314183235168457
86   1.7448620796203613
87   1.8488118648529053
88   1.9377630949020386
89   2.0855138301849365
90   2.081392526626587
91   2.121558666229248
92   1.7579026222229004
93   1.8708864450454712
94   2.0573582649230957
95   2.1259140968322754
96   2.29048752784729
97   2.4962456226348877
98   2.3977484703063965
99   1.9266889095306396
100   2.1741511821746826
101   2.296503782272339
102   1.9722703695297241
103   2.070667028427124
104   2.095364570617676
105   1.9281162023544312
106   2.066484212875366
107   2.079249143600464
108   1.9992234706878662
109   2.1934874057769775
110   2.3051793575286865
111   2.5236527919769287
112   2.1824328899383545
113   2.2410144805908203
114   1.8764697313308716
115   1.9675633907318115
116   1.8554071187973022
117   2.0934391021728516
118   1.7735888957977295
119   2.257866144180298
120   2.2463526725769043
121   2.2125847339630127
122   2.1710195541381836
123   2.155092239379883
124   2.01076078414917
125   1.9628561735153198
126   1.9193933010101318
127   2.3702030181884766
128   1.8740062713623047
129   1.9862768650054932
130   2.2147457599639893
131   1.7085312604904175
132   2.055373191833496
133   2.245457649230957
134   2.479045867919922
135   2.1886587142944336
136   2.2312629222869873
137   2.2640089988708496
138   2.1361491680145264
139   2.060575008392334
140   2.168653964996338
141   2.211301803588867
142   2.097621202468872
143   2.077763795852661
144   1.7975921630859375
145   1.8074312210083008
146   2.014626979827881
147   2.0407397747039795
148   1.9188075065612793
149   2.2085020542144775
150   2.119311809539795
151   1.9073729515075684
152   2.2228221893310547
153   1.9190053939819336
154   2.1106772422790527
155   2.193523645401001
156   1.9920618534088135
157   1.899872899055481
158   2.154728889465332
159   1.9092925786972046
160   2.009788990020752
161   1.8828538656234741
162   2.1483609676361084
163   2.4068000316619873
164   2.204084873199463
165   2.2472872734069824
166   2.227240562438965
167   2.2238690853118896
168   1.993608832359314
169   2.187852144241333
170   1.9964357614517212
171   2.3025269508361816
172   2.0231189727783203
173   1.7961530685424805
174   2.0622081756591797
175   1.9748625755310059
176   2.2106423377990723
177   2.294055223464966
178   1.8923894166946411
179   2.036431312561035
180   2.0505611896514893
181   1.9510098695755005
182   1.8892018795013428
183   2.272228717803955
184   2.0463404655456543
185   2.214895248413086
186   2.5407838821411133
187   2.0658109188079834
188   2.2734625339508057
189   2.251626491546631
190   2.469104766845703
191   2.304643154144287
192   2.329249143600464
193   2.499417543411255
194   2.3950929641723633
195   2.3125803470611572
196   2.521552085876465
197   2.3544275760650635
198   2.631680488586426
199   2.2904446125030518
200   2.1692397594451904
201   2.243511438369751
202   2.4381120204925537
203   2.097210645675659
204   2.4316418170928955
205   2.1392428874969482
206   2.053250312805176
207   2.1526377201080322
208   2.5197291374206543
209   2.9322288036346436
210   2.410944700241089
211   2.205439329147339
212   2.1285455226898193
213   1.8838697671890259
214   2.2885148525238037
215   2.0010459423065186
216   2.052839517593384
217   1.7152400016784668
218   1.519350290298462
219   2.2408814430236816
220   1.9435139894485474
221   2.4749319553375244
222   2.5280423164367676
223   2.448415517807007
224   2.158444881439209
225   2.3107924461364746
226   2.4366135597229004
227   2.4760448932647705
228   2.460860013961792
229   2.798360824584961
230   2.4351532459259033
231   2.279292583465576
232   2.365433692932129
233   2.1933999061584473
234   2.15693998336792
235   2.34541916847229
236   2.501220703125
237   2.4283604621887207
238   2.4528934955596924
239   2.812251091003418
240   2.3519201278686523
241   2.6407370567321777
242   2.4253623485565186
243   2.302480459213257
244   2.3153533935546875
245   2.2994344234466553
246   2.326601505279541
247   2.093113660812378
248   2.361661195755005
249   2.4482595920562744
250   2.530412197113037
251   2.3479673862457275
252   2.1377131938934326
253   2.1073246002197266
254   2.502807140350342
255   2.7009787559509277
256   2.487717390060425
257   2.1625685691833496
258   2.43200945854187
259   1.953890085220337
260   2.5118610858917236
261   2.5166637897491455
262   2.3425962924957275
263   2.5964410305023193
264   2.6237757205963135
265   1.9542427062988281
266   2.0020737648010254
267   2.122708559036255
268   1.7285137176513672
269   1.776150107383728
270   2.4170000553131104
271   1.7874760627746582
272   2.393829584121704
273   2.437699556350708
274   2.13844633102417
275   2.563084602355957
276   2.524914264678955
277   2.6128389835357666
278   2.986889123916626
279   2.7379024028778076
280   2.6995983123779297
281   3.2715415954589844
282   2.9199838638305664
283   2.954608201980591
284   2.2895264625549316
285   2.2483081817626953
286   2.3396029472351074
287   2.2159881591796875
288   2.2916760444641113
289   2.812692880630493
290   2.3105151653289795
291   2.7054638862609863
292   2.1216063499450684
293   2.277987003326416
294   2.121885061264038
295   2.2025694847106934
296   2.0894758701324463
297   1.6556636095046997
298   1.979086995124817
299   2.113718032836914
300   2.549241065979004
301   2.156827211380005
302   2.2369956970214844
303   1.9692620038986206
304   2.2118003368377686
305   2.360696792602539
306   2.3215115070343018
307   2.1290605068206787
308   2.237987518310547
309   1.9990272521972656
310   2.2587890625
311   2.2090346813201904
312   2.485950469970703
313   2.4393091201782227
314   2.6578891277313232
315   2.1002676486968994
316   1.925845980644226
317   2.012481689453125
318   1.7975444793701172
319   2.079378843307495
320   1.8919258117675781
321   2.0065219402313232
322   2.046374797821045
323   2.19708251953125
324   1.8055084943771362
0   0.0
1   2.009756565093994
2   1.9544874429702759
3   2.106619358062744
4   2.1368134021759033
5   1.9980206489562988
6   2.41666579246521
7   2.3127830028533936
8   2.6706583499908447
9   2.246283531188965
10   2.1126294136047363
11   2.240304708480835
12   2.0868642330169678
13   2.2342259883880615
14   1.9959025382995605
15   1.9827148914337158
16   2.225250720977783
17   2.2086501121520996
18   2.231060028076172
19   2.2445170879364014
20   2.1669750213623047
21   2.1808407306671143
22   2.2290585041046143
23   2.1293530464172363
24   1.9000749588012695
25   2.400301218032837
26   2.1647567749023438
27   2.237043619155884
28   2.1484060287475586
29   2.314969301223755
30   2.2838826179504395
31   2.2681021690368652
32   2.5432472229003906
33   2.085005760192871
34   1.8155879974365234
35   2.0828909873962402
36   2.188413381576538
37   2.200991153717041
38   2.129770278930664
39   2.07917857170105
40   2.250278949737549
41   2.2173736095428467
42   1.8359013795852661
43   2.7151825428009033
44   2.4316749572753906
45   2.069871187210083
46   2.3144776821136475
47   2.4284486770629883
48   2.490544557571411
49   2.6500487327575684
50   3.1581621170043945
51   2.24749493598938
52   2.227890968322754
53   2.127488851547241
54   2.56645131111145
55   2.3843657970428467
56   2.259340524673462
57   2.1456634998321533
58   2.316675901412964
59   2.229775905609131
60   2.4026453495025635
61   2.6735706329345703
62   2.6863064765930176
63   2.4642865657806396
64   2.409695863723755
65   2.0848095417022705
66   2.4143455028533936
67   3.0112173557281494
68   2.0913939476013184
69   2.156639575958252
70   2.4903926849365234
71   2.4566915035247803
72   1.9892935752868652
73   2.0404882431030273
74   2.191417932510376
75   2.015329599380493
76   2.6820785999298096
77   2.3981471061706543
78   2.0070128440856934
79   2.0996530055999756
80   2.1753809452056885
81   2.048698902130127
82   2.280338764190674
83   2.5327837467193604
84   2.2177836894989014
85   2.0314183235168457
86   1.7448620796203613
87   1.8488118648529053
88   1.9377630949020386
89   2.0855138301849365
90   2.081392526626587
91   2.121558666229248
92   1.7579026222229004
93   1.8708864450454712
94   2.0573582649230957
95   2.1259140968322754
96   2.29048752784729
97   2.4962456226348877
98   2.3977484703063965
99   1.9266889095306396
100   2.1741511821746826
101   2.296503782272339
102   1.9722703695297241
103   2.070667028427124
104   2.095364570617676
105   1.9281162023544312
106   2.066484212875366
107   2.079249143600464
108   1.9992234706878662
109   2.1934874057769775
110   2.3051793575286865
111   2.5236527919769287
112   2.1824328899383545
113   2.2410144805908203
114   1.8764697313308716
115   1.9675633907318115
116   1.8554071187973022
117   2.0934391021728516
118   1.7735888957977295
119   2.257866144180298
120   2.2463526725769043
121   2.2125847339630127
122   2.1710195541381836
123   2.155092239379883
124   2.01076078414917
125   1.9628561735153198
126   1.9193933010101318
127   2.3702030181884766
128   1.8740062713623047
129   1.9862768650054932
130   2.2147457599639893
131   1.7085312604904175
132   2.055373191833496
133   2.245457649230957
134   2.479045867919922
135   2.1886587142944336
136   2.2312629222869873
137   2.2640089988708496
138   2.1361491680145264
139   2.060575008392334
140   2.168653964996338
141   2.211301803588867
142   2.097621202468872
143   2.077763795852661
144   1.7975921630859375
145   1.8074312210083008
146   2.014626979827881
147   2.0407397747039795
148   1.9188075065612793
149   2.2085020542144775
150   2.119311809539795
151   1.9073729515075684
152   2.2228221893310547
153   1.9190053939819336
154   2.1106772422790527
155   2.193523645401001
156   1.9920618534088135
157   1.899872899055481
158   2.154728889465332
159   1.9092925786972046
160   2.009788990020752
161   1.8828538656234741
162   2.1483609676361084
163   2.4068000316619873
164   2.204084873199463
165   2.2472872734069824
166   2.227240562438965
167   2.2238690853118896
168   1.993608832359314
169   2.187852144241333
170   1.9964357614517212
171   2.3025269508361816
172   2.0231189727783203
173   1.7961530685424805
174   2.0622081756591797
175   1.9748625755310059
176   2.2106423377990723
177   2.294055223464966
178   1.8923894166946411
179   2.036431312561035
180   2.0505611896514893
181   1.9510098695755005
182   1.8892018795013428
183   2.272228717803955
184   2.0463404655456543
185   2.214895248413086
186   2.5407838821411133
187   2.0658109188079834
188   2.2734625339508057
189   2.251626491546631
190   2.469104766845703
191   2.304643154144287
192   2.329249143600464
193   2.499417543411255
194   2.3950929641723633
195   2.3125803470611572
196   2.521552085876465
197   2.3544275760650635
198   2.631680488586426
199   2.2904446125030518
200   2.1692397594451904
201   2.243511438369751
202   2.4381120204925537
203   2.097210645675659
204   2.4316418170928955
205   2.1392428874969482
206   2.053250312805176
207   2.1526377201080322
208   2.5197291374206543
209   2.9322288036346436
210   2.410944700241089
211   2.205439329147339
212   2.1285455226898193
213   1.8838697671890259
214   2.2885148525238037
215   2.0010459423065186
216   2.052839517593384
217   1.7152400016784668
218   1.519350290298462
219   2.2408814430236816
220   1.9435139894485474
221   2.4749319553375244
222   2.5280423164367676
223   2.448415517807007
224   2.158444881439209
225   2.3107924461364746
226   2.4366135597229004
227   2.4760448932647705
228   2.460860013961792
229   2.798360824584961
230   2.4351532459259033
231   2.279292583465576
232   2.365433692932129
233   2.1933999061584473
234   2.15693998336792
235   2.34541916847229
236   2.501220703125
237   2.4283604621887207
238   2.4528934955596924
239   2.812251091003418
240   2.3519201278686523
241   2.6407370567321777
242   2.4253623485565186
243   2.302480459213257
244   2.3153533935546875
245   2.2994344234466553
246   2.326601505279541
247   2.093113660812378
248   2.361661195755005
249   2.4482595920562744
250   2.530412197113037
251   2.3479673862457275
252   2.1377131938934326
253   2.1073246002197266
254   2.502807140350342
255   2.7009787559509277
256   2.487717390060425
257   2.1625685691833496
258   2.43200945854187
259   1.953890085220337
260   2.5118610858917236
261   2.5166637897491455
262   2.3425962924957275
263   2.5964410305023193
264   2.6237757205963135
265   1.9542427062988281
266   2.0020737648010254
267   2.122708559036255
268   1.7285137176513672
269   1.776150107383728
270   2.4170000553131104
271   1.7874760627746582
272   2.393829584121704
273   2.437699556350708
274   2.13844633102417
275   2.563084602355957
276   2.524914264678955
277   2.6128389835357666
278   2.986889123916626
279   2.7379024028778076
280   2.6995983123779297
281   3.2715415954589844
282   2.9199838638305664
283   2.954608201980591
284   2.2895264625549316
285   2.2483081817626953
286   2.3396029472351074
287   2.2159881591796875
288   2.2916760444641113
289   2.812692880630493
290   2.3105151653289795
291   2.7054638862609863
292   2.1216063499450684
293   2.277987003326416
294   2.121885061264038
295   2.2025694847106934
296   2.0894758701324463
297   1.6556636095046997
298   1.979086995124817
299   2.113718032836914
300   2.549241065979004
301   2.156827211380005
302   2.2369956970214844
303   1.9692620038986206
304   2.2118003368377686
305   2.360696792602539
306   2.3215115070343018
307   2.1290605068206787
308   2.237987518310547
309   1.9990272521972656
310   2.2587890625
311   2.2090346813201904
312   2.485950469970703
313   2.4393091201782227
314   2.6578891277313232
315   2.1002676486968994
316   1.925845980644226
317   2.012481689453125
318   1.7975444793701172
319   2.079378843307495
320   1.8919258117675781
321   2.0065219402313232
322   2.046374797821045
323   2.19708251953125
324   1.8055084943771362
0   0.0
1   2.009756565093994
2   1.9544874429702759
3   2.106619358062744
4   2.1368134021759033
5   1.9980206489562988
6   2.41666579246521
7   2.3127830028533936
8   2.6706583499908447
9   2.246283531188965
10   2.1126294136047363
11   2.240304708480835
12   2.0868642330169678
13   2.2342259883880615
14   1.9959025382995605
15   1.9827148914337158
16   2.225250720977783
17   2.2086501121520996
18   2.231060028076172
19   2.2445170879364014
20   2.1669750213623047
21   2.1808407306671143
22   2.2290585041046143
23   2.1293530464172363
24   1.9000749588012695
25   2.400301218032837
26   2.1647567749023438
27   2.237043619155884
28   2.1484060287475586
29   2.314969301223755
30   2.2838826179504395
31   2.2681021690368652
32   2.5432472229003906
33   2.085005760192871
34   1.8155879974365234
35   2.0828909873962402
36   2.188413381576538
37   2.200991153717041
38   2.129770278930664
39   2.07917857170105
40   2.250278949737549
41   2.2173736095428467
42   1.8359013795852661
43   2.7151825428009033
44   2.4316749572753906
45   2.069871187210083
46   2.3144776821136475
47   2.4284486770629883
48   2.490544557571411
49   2.6500487327575684
50   3.1581621170043945
51   2.24749493598938
52   2.227890968322754
53   2.127488851547241
54   2.56645131111145
55   2.3843657970428467
56   2.259340524673462
57   2.1456634998321533
58   2.316675901412964
59   2.229775905609131
60   2.4026453495025635
61   2.6735706329345703
62   2.6863064765930176
63   2.4642865657806396
64   2.409695863723755
65   2.0848095417022705
66   2.4143455028533936
67   3.0112173557281494
68   2.0913939476013184
69   2.156639575958252
70   2.4903926849365234
71   2.4566915035247803
72   1.9892935752868652
73   2.0404882431030273
74   2.191417932510376
75   2.015329599380493
76   2.6820785999298096
77   2.3981471061706543
78   2.0070128440856934
79   2.0996530055999756
80   2.1753809452056885
81   2.048698902130127
82   2.280338764190674
83   2.5327837467193604
84   2.2177836894989014
85   2.0314183235168457
86   1.7448620796203613
87   1.8488118648529053
88   1.9377630949020386
89   2.0855138301849365
90   2.081392526626587
91   2.121558666229248
92   1.7579026222229004
93   1.8708864450454712
94   2.0573582649230957
95   2.1259140968322754
96   2.29048752784729
97   2.4962456226348877
98   2.3977484703063965
99   1.9266889095306396
100   2.1741511821746826
101   2.296503782272339
102   1.9722703695297241
103   2.070667028427124
104   2.095364570617676
105   1.9281162023544312
106   2.066484212875366
107   2.079249143600464
108   1.9992234706878662
109   2.1934874057769775
110   2.3051793575286865
111   2.5236527919769287
112   2.1824328899383545
113   2.2410144805908203
114   1.8764697313308716
115   1.9675633907318115
116   1.8554071187973022
117   2.0934391021728516
118   1.7735888957977295
119   2.257866144180298
120   2.2463526725769043
121   2.2125847339630127
122   2.1710195541381836
123   2.155092239379883
124   2.01076078414917
125   1.9628561735153198
126   1.9193933010101318
127   2.3702030181884766
128   1.8740062713623047
129   1.9862768650054932
130   2.2147457599639893
131   1.7085312604904175
132   2.055373191833496
133   2.245457649230957
134   2.479045867919922
135   2.1886587142944336
136   2.2312629222869873
137   2.2640089988708496
138   2.1361491680145264
139   2.060575008392334
140   2.168653964996338
141   2.211301803588867
142   2.097621202468872
143   2.077763795852661
144   1.7975921630859375
145   1.8074312210083008
146   2.014626979827881
147   2.0407397747039795
148   1.9188075065612793
149   2.2085020542144775
150   2.119311809539795
151   1.9073729515075684
152   2.2228221893310547
153   1.9190053939819336
154   2.1106772422790527
155   2.193523645401001
156   1.9920618534088135
157   1.899872899055481
158   2.154728889465332
159   1.9092925786972046
160   2.009788990020752
161   1.8828538656234741
162   2.1483609676361084
163   2.4068000316619873
164   2.204084873199463
165   2.2472872734069824
166   2.227240562438965
167   2.2238690853118896
168   1.993608832359314
169   2.187852144241333
170   1.9964357614517212
171   2.3025269508361816
172   2.0231189727783203
173   1.7961530685424805
174   2.0622081756591797
175   1.9748625755310059
176   2.2106423377990723
177   2.294055223464966
178   1.8923894166946411
179   2.036431312561035
180   2.0505611896514893
181   1.9510098695755005
182   1.8892018795013428
183   2.272228717803955
184   2.0463404655456543
185   2.214895248413086
186   2.5407838821411133
187   2.0658109188079834
188   2.2734625339508057
189   2.251626491546631
190   2.469104766845703
191   2.304643154144287
192   2.329249143600464
193   2.499417543411255
194   2.3950929641723633
195   2.3125803470611572
196   2.521552085876465
197   2.3544275760650635
198   2.631680488586426
199   2.2904446125030518
200   2.1692397594451904
201   2.243511438369751
202   2.4381120204925537
203   2.097210645675659
204   2.4316418170928955
205   2.1392428874969482
206   2.053250312805176
207   2.1526377201080322
208   2.5197291374206543
209   2.9322288036346436
210   2.410944700241089
211   2.205439329147339
212   2.1285455226898193
213   1.8838697671890259
214   2.2885148525238037
215   2.0010459423065186
216   2.052839517593384
217   1.7152400016784668
218   1.519350290298462
219   2.2408814430236816
220   1.9435139894485474
221   2.4749319553375244
222   2.5280423164367676
223   2.448415517807007
224   2.158444881439209
225   2.3107924461364746
226   2.4366135597229004
227   2.4760448932647705
228   2.460860013961792
229   2.798360824584961
230   2.4351532459259033
231   2.279292583465576
232   2.365433692932129
233   2.1933999061584473
234   2.15693998336792
235   2.34541916847229
236   2.501220703125
237   2.4283604621887207
238   2.4528934955596924
239   2.812251091003418
240   2.3519201278686523
241   2.6407370567321777
242   2.4253623485565186
243   2.302480459213257
244   2.3153533935546875
245   2.2994344234466553
246   2.326601505279541
247   2.093113660812378
248   2.361661195755005
249   2.4482595920562744
250   2.530412197113037
251   2.3479673862457275
252   2.1377131938934326
253   2.1073246002197266
254   2.502807140350342
255   2.7009787559509277
256   2.487717390060425
257   2.1625685691833496
258   2.43200945854187
259   1.953890085220337
260   2.5118610858917236
261   2.5166637897491455
262   2.3425962924957275
263   2.5964410305023193
264   2.6237757205963135
265   1.9542427062988281
266   2.0020737648010254
267   2.122708559036255
268   1.7285137176513672
269   1.776150107383728
270   2.4170000553131104
271   1.7874760627746582
272   2.393829584121704
273   2.437699556350708
274   2.13844633102417
275   2.563084602355957
276   2.524914264678955
277   2.6128389835357666
278   2.986889123916626
279   2.7379024028778076
280   2.6995983123779297
281   3.2715415954589844
282   2.9199838638305664
283   2.954608201980591
284   2.2895264625549316
285   2.2483081817626953
286   2.3396029472351074
287   2.2159881591796875
288   2.2916760444641113
289   2.812692880630493
290   2.3105151653289795
291   2.7054638862609863
292   2.1216063499450684
293   2.277987003326416
294   2.121885061264038
295   2.2025694847106934
296   2.0894758701324463
297   1.6556636095046997
298   1.979086995124817
299   2.113718032836914
300   2.549241065979004
301   2.156827211380005
302   2.2369956970214844
303   1.9692620038986206
304   2.2118003368377686
305   2.360696792602539
306   2.3215115070343018
307   2.1290605068206787
308   2.237987518310547
309   1.9990272521972656
310   2.2587890625
311   2.2090346813201904
312   2.485950469970703
313   2.4393091201782227
314   2.6578891277313232
315   2.1002676486968994
316   1.925845980644226
317   2.012481689453125
318   1.7975444793701172
319   2.079378843307495
320   1.8919258117675781
321   2.0065219402313232
322   2.046374797821045
323   2.19708251953125
324   1.8055084943771362
