0   0.0
1   0.19556213915348053
2   0.16923591494560242
3   0.26319560408592224
4   0.24139931797981262
5   0.22240705788135529
6   0.16335001587867737
7   0.18172836303710938
8   0.19290441274642944
9   0.2518788278102875
10   0.27602043747901917
11   0.38268154859542847
12   0.7077988386154175
13   1.0677763223648071
14   2.422945022583008
15   1.4535795450210571
16   2.822035551071167
17   1.2838653326034546
18   2.3306703567504883
19   2.2733242511749268
20   1.7333296537399292
21   2.789170980453491
22   2.2516236305236816
23   0.8276627063751221
24   2.0074942111968994
25   1.615480899810791
26   1.2767915725708008
27   1.4051729440689087
28   1.2613378763198853
29   0.6659597754478455
30   1.6257307529449463
31   1.6925358772277832
32   1.4952940940856934
33   1.3689887523651123
34   1.5958749055862427
35   1.736656904220581
36   1.21560537815094
37   1.4852828979492188
38   1.2317850589752197
39   1.1681513786315918
40   1.2126994132995605
41   1.4976967573165894
42   1.7736481428146362
43   2.313825845718384
44   2.1078503131866455
45   2.399350166320801
46   2.122429847717285
47   1.7184206247329712
48   1.4466044902801514
49   1.7538416385650635
50   1.8397836685180664
51   1.925580382347107
52   1.7860467433929443
53   2.2653064727783203
54   1.7960832118988037
55   1.61870276927948
56   1.5206056833267212
57   1.8190433979034424
58   1.5824052095413208
59   1.0574835538864136
60   1.3172825574874878
61   1.2566882371902466
62   2.0739617347717285
63   2.436450242996216
64   2.1310555934906006
65   1.7686938047409058
66   3.0920462608337402
67   2.461900234222412
68   2.514498233795166
69   1.4375654458999634
70   1.1005665063858032
71   1.3793275356292725
72   1.2448580265045166
73   1.613100528717041
74   1.3726379871368408
75   1.689103126525879
76   1.6158190965652466
77   0.9302193522453308
78   2.217649221420288
79   1.1127101182937622
80   1.5744255781173706
81   1.2531452178955078
82   1.2888871431350708
83   1.4068267345428467
84   1.8970589637756348
85   1.0833653211593628
86   1.566636323928833
87   1.388230800628662
88   1.752779483795166
89   1.086498498916626
90   1.473541021347046
91   0.9601955413818359
92   1.8027902841567993
93   1.1243484020233154
94   1.785822868347168
95   1.0076414346694946
96   0.9116342663764954
97   0.8122792840003967
98   0.9701587557792664
99   1.216299057006836
100   1.9500421285629272
101   1.8224502801895142
102   2.5428216457366943
103   1.6758686304092407
104   2.071322441101074
105   1.8167002201080322
106   1.61811363697052
107   2.0336363315582275
108   1.7745003700256348
109   1.8969364166259766
110   1.9402095079421997
111   2.189056634902954
112   2.2048068046569824
113   2.387956380844116
114   1.3400065898895264
115   1.3618322610855103
116   1.7127583026885986
117   2.1317968368530273
118   1.584931492805481
119   2.0243351459503174
120   2.054448366165161
121   1.7732237577438354
122   2.171943426132202
123   1.4521933794021606
124   2.788733720779419
125   1.659104585647583
126   2.0240538120269775
127   1.3823293447494507
128   2.1673669815063477
129   1.946144700050354
130   2.1372323036193848
131   1.474040150642395
132   0.7634546160697937
133   0.7771487236022949
134   1.0514265298843384
135   1.4680187702178955
136   1.5050194263458252
137   1.702165961265564
138   1.8006176948547363
139   0.8168532252311707
140   1.4722315073013306
141   1.36210036277771
142   2.0635530948638916
143   1.9569499492645264
144   1.7006092071533203
145   1.7380242347717285
146   1.6435503959655762
147   1.1438047885894775
148   1.2035163640975952
149   1.6763149499893188
150   0.887138843536377
151   1.7886403799057007
152   1.2264435291290283
153   0.9731780886650085
154   1.8441475629806519
155   1.067603588104248
156   1.4453991651535034
157   1.5793306827545166
158   1.3546701669692993
159   1.6248406171798706
160   1.9774298667907715
161   1.6733503341674805
162   1.3149312734603882
163   1.18666410446167
164   1.671411156654358
165   1.865963339805603
166   1.4405206441879272
167   1.6421390771865845
168   1.9199750423431396
169   1.8364449739456177
170   2.0464906692504883
171   1.0286815166473389
172   1.353785753250122
173   1.6185507774353027
174   1.605025291442871
175   2.344113349914551
176   1.3305563926696777
177   2.2123217582702637
178   1.734026551246643
179   1.324281930923462
180   2.3575844764709473
181   1.9072428941726685
182   1.411616325378418
183   1.8235224485397339
184   1.9385391473770142
185   1.441664695739746
186   2.587571382522583
187   1.198369026184082
188   1.4755775928497314
189   0.853950560092926
190   2.4577364921569824
191   1.2726364135742188
192   1.0057529211044312
193   1.2884044647216797
194   1.9227344989776611
195   2.0471322536468506
196   1.1137326955795288
197   1.6699962615966797
198   1.4013994932174683
199   2.0133490562438965
200   1.6820975542068481
201   1.327510118484497
202   1.742418646812439
203   1.617563009262085
204   1.8558452129364014
205   2.4453084468841553
206   1.2584909200668335
207   1.7512753009796143
208   1.3958978652954102
209   1.6770390272140503
210   1.621671438217163
211   1.175798773765564
212   1.780505657196045
213   1.8112881183624268
