0   0.0
1   1.4809842109680176
2   1.4519490003585815
3   1.2975176572799683
4   1.4715946912765503
5   1.26815927028656
6   1.3579835891723633
7   1.423789143562317
8   1.3893940448760986
9   1.563949465751648
10   1.2774286270141602
11   1.3837107419967651
12   1.5815335512161255
13   1.782225251197815
14   2.3209638595581055
15   2.6743876934051514
16   2.717707395553589
17   1.69390070438385
18   2.581261157989502
19   2.440370559692383
20   2.539255380630493
21   2.6634302139282227
22   2.7230143547058105
23   2.367640256881714
24   2.950056552886963
25   2.063711643218994
26   2.106830596923828
27   2.564506769180298
28   2.7062835693359375
29   3.1485257148742676
30   2.3621068000793457
31   2.202840566635132
32   1.5811381340026855
33   2.355250120162964
34   2.761883020401001
35   2.444859743118286
36   1.7648258209228516
37   2.1102094650268555
38   2.127441644668579
39   2.6132636070251465
40   2.3861236572265625
41   1.8240031003952026
42   1.7449328899383545
43   1.992741346359253
44   2.858208417892456
45   2.2932851314544678
46   2.9987828731536865
47   2.9009430408477783
48   2.2104580402374268
49   2.1477975845336914
50   3.0845940113067627
51   1.5838381052017212
52   2.0484344959259033
53   3.288564682006836
54   2.4984357357025146
55   2.1166467666625977
56   2.3503293991088867
57   2.6279215812683105
58   2.3571927547454834
59   2.0229620933532715
60   2.6095855236053467
61   2.727520704269409
62   2.487335681915283
63   2.5618159770965576
64   2.941793203353882
65   2.781172752380371
66   2.817094087600708
67   1.7915780544281006
68   2.4453394412994385
69   2.373518228530884
70   2.629136323928833
71   2.078883647918701
72   2.297226667404175
73   2.28220534324646
74   1.8821430206298828
75   3.0261480808258057
76   3.706785202026367
77   1.9175084829330444
78   2.270763397216797
79   2.8011324405670166
80   2.457723379135132
81   2.996452808380127
82   3.6241798400878906
83   3.381563901901245
84   3.624591827392578
85   3.872957229614258
86   3.7871365547180176
87   3.6474010944366455
88   3.8711435794830322
89   3.017328977584839
90   2.426441192626953
91   2.9889166355133057
92   2.255275249481201
93   2.7379488945007324
94   2.1506214141845703
95   3.231539011001587
96   3.316362142562866
97   3.2463507652282715
98   3.021697521209717
99   3.3781135082244873
100   2.377556324005127
101   2.7499935626983643
102   2.829993963241577
103   2.5537757873535156
104   2.034952163696289
105   1.7302416563034058
106   2.756570339202881
107   3.292121648788452
108   2.8791162967681885
109   3.204334259033203
110   2.9727156162261963
111   2.9416441917419434
112   2.965425968170166
113   3.176985025405884
114   1.4859563112258911
115   2.2854230403900146
116   3.3355531692504883
117   2.563239336013794
118   2.332505464553833
119   2.440333843231201
120   2.120910406112671
121   2.2049643993377686
122   2.522733449935913
123   2.819993257522583
124   3.496201992034912
125   3.021324872970581
126   3.6560251712799072
127   4.045499801635742
128   3.645230531692505
129   2.7979867458343506
130   2.303393840789795
131   2.4839773178100586
132   2.5243749618530273
133   1.5562686920166016
134   1.4743587970733643
135   2.664949417114258
136   2.371147632598877
137   2.367360830307007
138   2.3737692832946777
139   2.54386568069458
140   1.62674880027771
141   2.707549810409546
142   2.0166285037994385
143   2.319706439971924
144   2.8678863048553467
145   2.941070318222046
146   3.103271722793579
147   2.7386457920074463
148   2.8585612773895264
149   2.063582181930542
150   2.81850266456604
151   2.7823894023895264
152   2.8349316120147705
153   2.49058198928833
154   2.9123542308807373
155   3.333061933517456
156   2.5164575576782227
157   3.064272403717041
158   2.706428289413452
159   1.8966996669769287
160   2.448533058166504
161   2.3842484951019287
162   2.5286803245544434
163   3.5853934288024902
164   3.291050910949707
165   3.5284383296966553
166   3.1424646377563477
167   3.0791022777557373
168   3.3104636669158936
169   4.737234115600586
170   3.0381617546081543
171   2.964031457901001
172   2.375154495239258
173   1.9248653650283813
174   2.9024016857147217
175   2.2922816276550293
176   2.9395344257354736
177   2.1507434844970703
178   3.173029899597168
179   3.1130406856536865
180   2.40220308303833
181   2.953411102294922
182   2.343986749649048
183   2.8153228759765625
184   2.5365772247314453
185   3.2551095485687256
186   2.833923816680908
187   3.3542416095733643
188   3.252291202545166
189   2.8901774883270264
190   2.7788331508636475
191   2.887197256088257
192   2.813276529312134
193   3.7617523670196533
194   2.9901163578033447
195   2.749797821044922
196   2.6655378341674805
197   2.947803020477295
198   2.8048341274261475
199   2.2156457901000977
200   3.4975366592407227
201   3.012174606323242
202   3.2145464420318604
203   4.024454593658447
204   2.207310676574707
205   2.481818675994873
206   2.575378179550171
207   1.0932590961456299
208   2.459812879562378
209   2.2811152935028076
210   1.9112828969955444
211   2.100365161895752
212   1.739782452583313
213   2.0524282455444336
