0   0.0
1   1.9597933292388916
2   1.9149725437164307
3   2.0403671264648438
4   1.9529825448989868
5   2.325042963027954
6   1.9162523746490479
7   1.9489459991455078
8   1.9260075092315674
9   2.405395746231079
10   2.7759063243865967
11   3.027912139892578
12   3.400287389755249
13   2.436073064804077
14   4.776340007781982
15   3.2363779544830322
16   3.21345853805542
17   5.21268367767334
18   4.933094024658203
19   5.592422008514404
20   6.450805187225342
21   5.925517559051514
22   5.944343090057373
23   6.339018821716309
24   5.022442817687988
25   5.475057125091553
26   4.388656139373779
27   5.519218444824219
28   4.8514509201049805
29   5.237279891967773
30   5.381591320037842
31   4.957279682159424
32   4.823049068450928
33   3.9542717933654785
34   4.183665752410889
35   6.150506496429443
36   4.882627487182617
37   4.699306964874268
38   5.085407733917236
39   4.907580375671387
40   5.236084938049316
41   3.482062339782715
42   5.020883083343506
43   6.074869155883789
44   5.678147792816162
45   4.774280071258545
46   4.666957855224609
47   3.802960157394409
48   4.14478874206543
49   4.835011959075928
50   3.195446014404297
51   4.517576694488525
52   4.895779132843018
53   5.493965148925781
54   6.579553127288818
55   4.192567348480225
56   5.167477607727051
57   5.149867534637451
58   4.733271598815918
59   4.411108493804932
60   4.215527534484863
61   4.411498546600342
62   5.356823921203613
63   4.835720062255859
64   6.431893348693848
65   5.751039981842041
66   5.328736782073975
67   5.497550964355469
68   5.131475448608398
69   5.814813613891602
70   5.485252857208252
71   6.156085968017578
72   6.379281044006348
73   5.295568943023682
74   5.038396835327148
75   5.762257099151611
76   6.050695419311523
77   5.342559337615967
78   5.681883335113525
79   6.188847064971924
80   4.47970724105835
81   3.64030122756958
82   3.5178842544555664
83   4.037455081939697
84   3.513676166534424
85   3.7465085983276367
86   4.24679708480835
87   4.202009677886963
88   4.215330600738525
89   4.471340656280518
90   3.996351480484009
91   4.611539840698242
92   4.626370906829834
93   3.3131186962127686
94   4.198567867279053
95   4.74599552154541
96   5.214376449584961
97   4.370891094207764
98   4.474053859710693
99   4.622040271759033
100   4.364273548126221
101   5.236783981323242
102   5.331466197967529
103   4.539486408233643
104   4.220438003540039
105   4.948805332183838
106   5.038666725158691
107   5.429967403411865
108   4.945815563201904
109   4.598526477813721
110   4.991135597229004
111   5.304131031036377
112   5.243302822113037
113   5.233396530151367
114   4.353479385375977
115   4.726057052612305
116   4.930654048919678
117   4.708881855010986
118   5.152621746063232
119   4.972591400146484
120   4.186214447021484
121   6.235194206237793
122   4.99649715423584
123   4.735881805419922
124   4.537234783172607
125   3.624288558959961
126   4.352133274078369
127   3.7915725708007813
128   3.6068785190582275
129   5.211191654205322
130   5.230072021484375
131   5.479401111602783
132   5.807828426361084
133   4.140799522399902
134   3.5346672534942627
135   3.9564247131347656
136   6.106356620788574
137   5.049556255340576
138   5.093606948852539
139   4.8563456535339355
140   4.253803730010986
141   5.3372578620910645
142   5.038491249084473
143   4.591784477233887
144   6.159603118896484
145   5.449662685394287
146   5.977885723114014
147   6.9665117263793945
148   4.225967884063721
149   4.6318159103393555
150   4.477516174316406
151   4.807858943939209
152   4.687354564666748
153   4.336117744445801
154   3.774782657623291
155   5.192348480224609
156   4.642147541046143
157   5.883781909942627
158   5.6397905349731445
159   4.918599605560303
160   4.096105098724365
161   4.97636604309082
162   5.021193027496338
163   5.502774238586426
164   4.1144938468933105
165   4.561798572540283
166   4.554201126098633
167   3.871584892272949
168   3.464249610900879
169   4.071881294250488
170   4.329372406005859
171   5.853730201721191
172   5.418845176696777
173   5.590268135070801
174   6.465912342071533
175   5.75421667098999
176   6.022659778594971
177   5.692473411560059
178   4.537546157836914
179   5.298213481903076
180   5.076505661010742
181   4.698310852050781
182   4.6258225440979
183   5.297331809997559
184   4.502929210662842
185   4.39049768447876
186   3.2690765857696533
187   4.815314292907715
188   5.819681644439697
189   5.084782123565674
190   4.264453411102295
191   4.041780471801758
192   4.213510990142822
193   4.6432623863220215
194   4.4983720779418945
195   3.7470602989196777
196   4.203928470611572
197   4.158287525177002
198   5.266595840454102
199   4.46982479095459
200   5.212221622467041
201   3.5284640789031982
202   4.333096981048584
203   5.329988479614258
204   3.7219042778015137
205   4.299864292144775
206   4.638463020324707
207   3.795563220977783
208   4.573434829711914
209   4.976678848266602
210   4.392647743225098
211   4.608912944793701
212   4.4695258140563965
213   4.277480125427246
