0   0.0
1   0.21228790283203125
2   0.2049233764410019
3   0.2056211233139038
4   0.21133644878864288
5   0.20516903698444366
6   0.20109152793884277
7   0.20926335453987122
8   0.21223150193691254
9   0.2516838312149048
10   0.29833468794822693
11   0.4174453318119049
12   0.4858008921146393
13   0.8022202253341675
14   2.319672107696533
15   2.0848143100738525
16   2.104482412338257
17   2.090847969055176
18   1.8949542045593262
19   2.0524654388427734
20   2.296710968017578
21   2.2016806602478027
22   2.1503782272338867
23   1.9358196258544922
24   2.0960474014282227
25   1.8647119998931885
26   1.7745956182479858
27   2.003998041152954
28   1.8813530206680298
29   2.0687930583953857
30   2.3321475982666016
31   1.8588811159133911
32   1.68755304813385
33   2.164964437484741
34   2.2392730712890625
35   2.2575480937957764
36   2.1676952838897705
37   1.8346363306045532
38   1.7716333866119385
39   2.0671279430389404
40   2.2460222244262695
41   2.0431106090545654
42   1.889061450958252
43   2.3938941955566406
44   2.028043270111084
45   2.0675618648529053
46   2.545311689376831
47   2.120009183883667
48   1.9639774560928345
49   2.1427502632141113
50   1.8634388446807861
51   1.8739567995071411
52   1.819647192955017
53   1.9408234357833862
54   1.9126836061477661
55   2.0899181365966797
56   2.08272385597229
57   2.110464572906494
58   2.1312408447265625
59   2.0452663898468018
60   1.8006279468536377
61   2.2132160663604736
62   1.8633722066879272
63   1.891055703163147
64   2.6312992572784424
65   2.1967272758483887
66   2.229112148284912
67   2.0678493976593018
68   1.8523536920547485
69   1.8460824489593506
70   1.8210569620132446
71   2.145127058029175
72   2.0987138748168945
73   2.026637315750122
74   2.1125144958496094
75   2.238485813140869
76   3.0378386974334717
77   1.9044528007507324
78   2.841402053833008
79   2.0812923908233643
80   1.9652628898620605
81   2.1346628665924072
82   2.140704870223999
83   2.3711037635803223
84   3.128349542617798
85   2.4575788974761963
86   2.5697669982910156
87   2.0068209171295166
88   2.7296409606933594
89   2.54379940032959
90   2.1025471687316895
91   1.9139858484268188
92   2.3599696159362793
93   2.1644983291625977
94   2.3039844036102295
95   2.0220353603363037
96   2.0773212909698486
97   2.0209333896636963
98   2.15219783782959
99   2.299673080444336
100   2.3528940677642822
101   2.3849539756774902
102   2.516744375228882
103   2.3289413452148438
104   1.9185693264007568
105   1.945934534072876
106   1.929813265800476
107   2.1350786685943604
108   2.1349287033081055
109   1.9457603693008423
110   2.1640937328338623
111   2.3843867778778076
112   1.9793444871902466
113   2.6318843364715576
114   2.1071600914001465
115   1.8244163990020752
116   2.1428098678588867
117   2.1059718132019043
118   2.080144166946411
119   2.175049304962158
120   1.668820858001709
121   2.1956207752227783
122   2.36381459236145
123   2.4334089756011963
124   2.092045307159424
125   2.233114004135132
126   2.4312422275543213
127   2.3074536323547363
128   2.8267667293548584
129   1.8775845766067505
130   2.1910104751586914
131   2.2312753200531006
132   2.452296018600464
133   2.216235637664795
134   1.8940081596374512
135   2.0518012046813965
136   2.090756416320801
137   2.120645761489868
138   2.2789580821990967
139   2.159742832183838
140   2.2359988689422607
141   2.164738416671753
142   1.9337730407714844
143   2.2225356101989746
144   2.460681200027466
145   2.3999574184417725
146   2.398817539215088
147   2.409325122833252
148   2.5366835594177246
149   2.4357829093933105
150   2.4827942848205566
151   2.7141971588134766
152   2.4866130352020264
153   2.2883074283599854
154   2.5633106231689453
155   2.464369535446167
156   2.372835636138916
157   2.3031935691833496
158   2.565816879272461
159   2.421926259994507
160   2.2239186763763428
161   2.345703601837158
162   2.420238971710205
163   2.2473599910736084
164   2.407604694366455
165   2.8865432739257813
166   2.596736431121826
167   2.3644378185272217
168   2.6153080463409424
169   2.8976893424987793
170   2.247735023498535
171   2.161680221557617
172   2.328608512878418
173   2.261831760406494
174   2.3323757648468018
175   2.3126373291015625
176   2.164233446121216
177   2.3752381801605225
178   2.463418960571289
179   2.5588412284851074
180   2.547191858291626
181   2.540691614151001
182   2.4709815979003906
183   2.4062323570251465
184   2.3978710174560547
185   2.3791329860687256
186   2.6251916885375977
187   2.5035290718078613
188   2.5630149841308594
189   2.055016279220581
190   2.566932201385498
191   2.469120740890503
192   2.4143807888031006
193   2.4694950580596924
194   2.338031768798828
195   2.29018497467041
196   2.528150796890259
197   2.271927833557129
198   2.4357619285583496
199   2.540402889251709
200   2.4029998779296875
201   2.4235446453094482
202   2.386211633682251
203   2.886972188949585
204   2.2977166175842285
205   2.0285003185272217
206   1.8916345834732056
207   1.857408046722412
208   1.6229557991027832
209   1.9411935806274414
210   2.0785369873046875
211   2.135326862335205
212   2.1853044033050537
213   2.241164207458496
