1   1.4148889780044556
2   1.6154175996780396
3   1.4450393915176392
4   1.5420957803726196
5   1.8679779767990112
6   1.539440631866455
7   1.4004408121109009
8   1.7775757312774658
9   1.7385119199752808
10   1.6686170101165771
11   1.4958975315093994
12   1.499572992324829
13   1.881248116493225
14   1.3622548580169678
15   1.5888793468475342
16   1.678375482559204
17   1.4713166952133179
18   1.5180448293685913
19   1.4383848905563354
20   1.4725532531738281
21   1.645613193511963
22   1.3128138780593872
23   1.4852185249328613
24   1.848524570465088
25   1.3282557725906372
26   1.6980971097946167
27   1.443569540977478
28   1.3697199821472168
29   1.342144250869751
30   1.3762385845184326
31   1.636573314666748
32   1.3713958263397217
33   1.3452192544937134
34   1.6661590337753296
35   1.4642525911331177
36   1.3489478826522827
37   1.4686651229858398
38   1.4963343143463135
39   1.2048933506011963
40   1.419560432434082
41   1.5096434354782104
42   1.4171497821807861
43   1.5427550077438354
44   1.33894681930542
45   1.493068814277649
46   1.3268506526947021
47   1.6402608156204224
48   1.410689353942871
49   1.3765060901641846
50   1.6631238460540771
51   1.428643822669983
52   1.4355053901672363
53   1.5546053647994995
54   1.6964850425720215
55   1.5843350887298584
56   1.8055604696273804
57   1.7613083124160767
58   1.5687860250473022
59   1.799139380455017
60   1.4479880332946777
61   1.4373257160186768
62   1.812554121017456
63   1.4708839654922485
64   1.3871477842330933
65   1.5228408575057983
66   1.6568137407302856
67   1.4187332391738892
68   1.3961522579193115
69   1.3913402557373047
70   1.4989217519760132
71   1.492865800857544
72   1.1272867918014526
73   1.4115136861801147
74   1.078009009361267
75   1.8106931447982788
76   1.6871479749679565
77   1.7090767621994019
78   1.892366886138916
79   1.6577285528182983
80   1.4007600545883179
81   1.6778130531311035
82   1.4761768579483032
83   1.658571720123291
84   1.4913256168365479
85   1.4174951314926147
86   1.3292866945266724
87   1.3127192258834839
88   1.4106059074401855
89   1.377538800239563
90   1.4318093061447144
91   1.6319960355758667
92   1.4855185747146606
93   1.3979761600494385
94   1.4806625843048096
95   1.6535605192184448
96   1.7546679973602295
97   1.4891884326934814
98   1.5135315656661987
99   1.5636857748031616
100   1.6112443208694458
101   1.4005186557769775
102   1.39015531539917
103   1.483764886856079
104   1.3502225875854492
105   1.653423547744751
106   1.327863097190857
107   1.6208499670028687
108   1.5583902597427368
109   1.5534758567810059
110   1.5961955785751343
111   1.4387805461883545
112   1.5181751251220703
113   1.5874241590499878
114   1.67763352394104
115   1.6994750499725342
116   1.5520529747009277
117   1.5567055940628052
118   1.602519154548645
119   1.5711952447891235
120   1.5163590908050537
121   1.3860098123550415
122   1.3973499536514282
123   1.6156386137008667
124   1.5907102823257446
125   1.6110745668411255
126   1.5564472675323486
127   1.6653674840927124
128   1.573076605796814
129   1.4637843370437622
130   1.4705328941345215
131   1.5647631883621216
132   1.6076858043670654
133   1.670771598815918
134   1.3814748525619507
135   1.46048104763031
136   1.3038444519042969
137   1.6429049968719482
138   1.692563533782959
139   1.632621169090271
140   1.6321194171905518
141   1.55625319480896
142   1.53276526927948
143   1.498181700706482
144   1.4957960844039917
145   1.7398971319198608
146   1.4548088312149048
147   1.4257253408432007
148   1.3100961446762085
149   1.824557900428772
150   1.7810149192810059
151   1.700377345085144
152   1.6351299285888672
153   1.5242104530334473
154   1.3755425214767456
155   1.5865652561187744
156   1.6459221839904785
157   1.5950628519058228
158   1.6381765604019165
159   1.7100541591644287
160   1.9196546077728271
