1   3.25044846534729
2   3.2578012943267822
3   2.7762959003448486
4   3.3359155654907227
5   2.9010114669799805
6   2.3073651790618896
7   2.543591260910034
8   3.093275308609009
9   3.1271798610687256
10   2.8058066368103027
11   2.5240607261657715
12   2.1575825214385986
13   2.915024757385254
14   3.459368944168091
15   3.6552324295043945
16   2.3985555171966553
17   2.0786383152008057
18   2.9251139163970947
19   2.971975088119507
20   3.2228915691375732
21   2.828580379486084
22   3.2441585063934326
23   2.618435859680176
24   1.5695475339889526
25   1.6567991971969604
26   2.5503296852111816
27   3.4494504928588867
28   3.192967176437378
29   2.758408546447754
30   2.970851182937622
31   2.401188611984253
32   2.8106541633605957
33   3.1856775283813477
34   3.126311779022217
35   2.9053759574890137
36   2.4427123069763184
37   2.3705830574035645
38   1.881524920463562
39   3.063081979751587
40   3.245382308959961
41   3.5365753173828125
42   3.2543411254882813
43   3.8276705741882324
44   2.9929516315460205
45   3.6014585494995117
46   3.978093147277832
47   2.76249098777771
48   3.413703441619873
49   3.806217670440674
50   3.7204298973083496
51   3.0137290954589844
52   2.9531612396240234
53   3.265977144241333
54   4.084904193878174
55   2.124225616455078
56   2.585526704788208
57   2.1825764179229736
58   1.6863288879394531
59   2.5242371559143066
60   2.2232658863067627
61   1.860098958015442
62   2.8748433589935303
63   2.11845064163208
64   2.5572452545166016
65   2.7895307540893555
66   2.597898244857788
67   2.553177833557129
68   2.0393097400665283
69   3.368584394454956
70   3.317298412322998
71   2.7597970962524414
72   2.7054147720336914
73   1.8545937538146973
74   2.518444538116455
75   2.3624789714813232
76   2.4505486488342285
77   2.1728174686431885
78   2.4996306896209717
79   2.310319662094116
80   2.2292397022247314
81   2.251326084136963
82   2.1695594787597656
83   1.99064302444458
84   2.7688024044036865
85   2.7976412773132324
86   2.996469020843506
87   2.3304812908172607
88   2.313204288482666
89   2.453632116317749
90   2.3597562313079834
91   3.2671680450439453
92   2.7871997356414795
93   3.062551736831665
94   2.695643186569214
95   2.552459478378296
96   1.7295175790786743
97   2.1995081901550293
98   3.605552911758423
99   3.061220169067383
100   2.002821445465088
101   2.642373561859131
102   3.063371419906616
103   3.035153388977051
104   2.629479169845581
105   2.6532492637634277
106   2.65527081489563
107   2.61393141746521
108   2.9981181621551514
109   2.673492193222046
110   2.2950456142425537
111   2.2979655265808105
112   1.9430845975875854
113   2.6040329933166504
114   2.781208038330078
115   2.731951951980591
116   2.590858221054077
117   2.740851879119873
118   2.8112432956695557
119   3.1270620822906494
120   3.2246477603912354
121   2.9156060218811035
122   2.1825246810913086
123   2.770948886871338
124   2.6494596004486084
125   2.8777832984924316
126   2.9291701316833496
127   2.911712646484375
128   3.554600954055786
129   2.6412906646728516
130   2.909989595413208
131   2.5744075775146484
132   2.7606098651885986
133   2.659801959991455
134   2.6194398403167725
135   2.659316062927246
136   2.569692611694336
137   2.4104995727539063
138   2.8988659381866455
139   2.1924047470092773
140   1.4438177347183228
141   2.4750030040740967
142   2.5856130123138428
143   2.3177053928375244
144   2.8150901794433594
145   2.5184245109558105
146   2.6200971603393555
147   2.3029942512512207
148   2.4885752201080322
149   2.997846841812134
150   3.852029323577881
151   3.5720362663269043
152   3.5106935501098633
153   3.0883915424346924
154   2.753418207168579
155   2.876122236251831
156   2.347374677658081
157   2.1157286167144775
158   1.918147325515747
159   2.6709165573120117
160   1.9935075044631958
