1   4.5339035987854
2   5.384061813354492
3   4.8558244705200195
4   4.170783996582031
5   4.474212646484375
6   5.5768256187438965
7   5.257609844207764
8   5.769121170043945
9   5.938427448272705
10   6.0323486328125
11   6.160140514373779
12   4.447703838348389
13   5.2655487060546875
14   4.124757289886475
15   4.831231594085693
16   5.114614963531494
17   5.502356052398682
18   6.190205097198486
19   3.6814050674438477
20   3.376648187637329
21   4.174184322357178
22   4.465358257293701
23   4.367869853973389
24   5.010336875915527
25   4.025221824645996
26   4.141481876373291
27   4.346756458282471
28   4.580996036529541
29   4.108870506286621
30   4.881717681884766
31   3.8602616786956787
32   5.566135406494141
33   4.415860652923584
34   5.233823776245117
35   5.669407844543457
36   4.782049179077148
37   4.661678791046143
38   3.995208501815796
39   3.9487533569335938
40   4.3350911140441895
41   4.1338210105896
42   3.6034584045410156
43   3.881652355194092
44   4.641950607299805
45   3.4516348838806152
46   4.343610763549805
47   4.542027950286865
48   4.082420349121094
49   3.978341817855835
50   3.468594551086426
51   3.4012038707733154
52   4.279027462005615
53   4.584014892578125
54   3.4758074283599854
55   5.089756965637207
56   4.448357105255127
57   5.148232936859131
58   5.547607898712158
59   5.6326003074646
60   4.025898456573486
61   5.365452766418457
62   5.161806106567383
63   5.171063423156738
64   5.285272121429443
65   6.2104620933532715
66   5.953097343444824
67   4.718419551849365
68   5.023718357086182
69   4.376523971557617
70   5.028874397277832
71   4.923182964324951
72   5.438474655151367
73   4.630255699157715
74   4.903131008148193
75   4.913983345031738
76   4.231761455535889
77   4.7500200271606445
78   5.314757823944092
79   5.165387153625488
80   5.706984043121338
81   4.684434413909912
82   4.3493332862854
83   5.429690361022949
84   5.108097553253174
85   5.43236780166626
86   6.213554382324219
87   6.221635341644287
88   6.018265724182129
89   6.041774749755859
90   5.668492794036865
91   5.705225467681885
92   5.023064136505127
93   5.485221862792969
94   4.673354625701904
95   5.088507652282715
96   3.5916013717651367
97   4.65474796295166
98   4.784600734710693
99   5.863133907318115
100   4.735322952270508
101   4.620837688446045
102   6.26824951171875
103   5.544926166534424
104   4.220624923706055
105   4.756288051605225
106   5.170605182647705
107   5.678136348724365
108   5.836287975311279
109   5.953096389770508
110   5.878276824951172
111   4.6540751457214355
112   4.685975074768066
113   5.222253799438477
114   4.813452243804932
115   4.788341999053955
116   4.600119590759277
117   4.420339107513428
118   4.04735803604126
119   4.605040550231934
120   5.78794002532959
121   5.639859676361084
122   6.144780158996582
123   5.4681782722473145
124   3.819732666015625
125   4.91423225402832
126   5.235841274261475
127   5.932676315307617
128   6.002604007720947
129   5.368139266967773
130   5.974700450897217
131   5.691555023193359
132   5.312702655792236
133   6.527095794677734
134   6.178732395172119
135   4.91724967956543
136   5.417370796203613
137   6.218184947967529
138   6.142895698547363
139   5.99603796005249
140   5.5414814949035645
141   4.611948013305664
142   5.483870506286621
143   6.044573783874512
144   5.844171524047852
145   4.995311260223389
146   6.354112148284912
147   5.070879936218262
148   5.786351203918457
149   4.552683353424072
150   4.668856143951416
151   6.047144412994385
152   6.123499393463135
153   5.492800235748291
154   6.159542083740234
155   6.185300827026367
156   6.34801721572876
157   6.255160331726074
158   4.333594799041748
159   4.939889430999756
160   5.238058090209961
