1   2.0303311347961426
2   1.8884931802749634
3   1.9484373331069946
4   2.162977695465088
5   2.3856186866760254
6   2.13004469871521
7   2.3731391429901123
8   2.403717041015625
9   2.051389455795288
10   2.29728364944458
11   2.0254178047180176
12   2.4196178913116455
13   2.0293660163879395
14   2.343618869781494
15   2.3265061378479004
16   2.346651554107666
17   2.1341159343719482
18   2.060702323913574
19   2.118277072906494
20   2.119333267211914
21   2.276867151260376
22   1.9817453622817993
23   2.1261980533599854
24   2.148979902267456
25   2.1801822185516357
26   2.3339574337005615
27   2.157073974609375
28   2.1597042083740234
29   2.1562118530273438
30   1.9676759243011475
31   2.0463809967041016
32   1.9225550889968872
33   2.1753499507904053
34   2.210388660430908
35   2.0678117275238037
36   1.9765127897262573
37   2.034999132156372
38   1.8437026739120483
39   1.7602427005767822
40   1.8753665685653687
41   2.345435619354248
42   2.4329659938812256
43   2.395141363143921
44   1.989903450012207
45   2.301685333251953
46   2.384610891342163
47   2.113542079925537
48   2.0375850200653076
49   2.0814766883850098
50   2.1154661178588867
51   2.4221479892730713
52   1.9166173934936523
53   2.55165958404541
54   2.244868278503418
55   2.1295487880706787
56   2.109619140625
57   2.471475124359131
58   2.20959210395813
59   2.343088150024414
60   2.1369550228118896
61   2.0016489028930664
62   2.084676742553711
63   2.236713409423828
64   2.3173272609710693
65   1.9467840194702148
66   2.0841469764709473
67   2.3435604572296143
68   2.35131573677063
69   1.9156490564346313
70   2.4273526668548584
71   2.3024814128875732
72   2.277353525161743
73   2.0909907817840576
74   2.3211159706115723
75   2.3133952617645264
76   2.0778896808624268
77   2.485422372817993
78   2.201995849609375
79   2.2954251766204834
80   1.9648747444152832
81   1.9665054082870483
82   2.2718873023986816
83   2.237070083618164
84   1.8864965438842773
85   2.865535259246826
86   2.481851100921631
87   2.369462013244629
88   2.54303240776062
89   2.0548906326293945
90   2.1958651542663574
91   2.031928062438965
92   2.0228824615478516
93   2.2370080947875977
94   2.006371021270752
95   2.569455146789551
96   1.839255690574646
97   2.1045618057250977
98   2.5120742321014404
99   2.061264991760254
100   1.9751918315887451
101   2.140744209289551
102   2.2261171340942383
103   2.342003583908081
104   2.172003984451294
105   2.134775400161743
106   2.4934275150299072
107   2.2295145988464355
108   1.9157177209854126
109   1.9145774841308594
110   1.942804217338562
111   2.0779225826263428
112   2.044783353805542
113   1.922768235206604
114   2.190913677215576
115   2.3687527179718018
116   2.008574962615967
117   2.2426984310150146
118   2.074613094329834
119   2.1029915809631348
120   2.4413700103759766
121   1.7633671760559082
122   2.2029387950897217
123   2.2555835247039795
124   2.0685884952545166
125   2.2235255241394043
126   2.084878444671631
127   2.2539219856262207
128   2.181133985519409
129   2.0007171630859375
130   2.097356081008911
131   1.9221127033233643
132   1.8553622961044312
133   1.950251817703247
134   1.8842740058898926
135   1.9350895881652832
136   1.9065009355545044
137   1.876999020576477
138   2.167971134185791
139   2.078387498855591
140   2.050288677215576
141   1.9516249895095825
142   1.863897442817688
143   1.9411371946334839
144   1.8812966346740723
145   1.9359370470046997
146   2.078385829925537
147   1.9701288938522339
148   1.9534350633621216
149   2.173966884613037
150   2.1546425819396973
151   2.128183126449585
152   2.2261106967926025
153   2.3499341011047363
154   2.0450446605682373
155   2.0999722480773926
156   2.172074556350708
157   1.7586830854415894
158   1.80221426486969
159   2.150622844696045
160   2.3685131072998047
