1   2.1544458866119385
2   1.8527412414550781
3   1.9768669605255127
4   2.1759207248687744
5   2.282931089401245
6   2.000842809677124
7   2.151028633117676
8   2.3065450191497803
9   2.0651252269744873
10   2.3089759349823
11   1.9100223779678345
12   2.188098192214966
13   1.8931424617767334
14   2.202934741973877
15   2.1806552410125732
16   2.315256118774414
17   2.3574039936065674
18   2.1893270015716553
19   2.043095827102661
20   1.9929192066192627
21   2.392411470413208
22   1.7624239921569824
23   2.0465781688690186
24   2.1109440326690674
25   2.2030298709869385
26   2.3482022285461426
27   2.001469373703003
28   2.0185346603393555
29   2.311245918273926
30   2.1322691440582275
31   2.2774195671081543
32   2.1455254554748535
33   2.355264902114868
34   2.218679904937744
35   2.2434520721435547
36   2.1848535537719727
37   2.2073142528533936
38   1.9221177101135254
39   1.8884185552597046
40   1.971819281578064
41   2.421341896057129
42   2.6719741821289063
43   2.5365841388702393
44   2.1606357097625732
45   2.499692916870117
46   2.6395537853240967
47   2.2316412925720215
48   2.114555597305298
49   2.24565052986145
50   2.0160622596740723
51   2.415264844894409
52   1.6650614738464355
53   2.5144128799438477
54   2.212893009185791
55   2.0337600708007813
56   2.067636728286743
57   2.5194106101989746
58   2.39715313911438
59   2.5568439960479736
60   2.1505093574523926
61   2.0511631965637207
62   2.1766324043273926
63   2.4516689777374268
64   2.624605655670166
65   2.1207430362701416
66   2.2263259887695313
67   2.5444345474243164
68   2.5534517765045166
69   2.0975990295410156
70   2.559727907180786
71   2.4642114639282227
72   2.43422532081604
73   2.304621458053589
74   2.4188194274902344
75   2.5178093910217285
76   2.2382946014404297
77   2.5018837451934814
78   2.2493321895599365
79   2.3751296997070313
80   2.1886861324310303
81   2.039120674133301
82   2.3311188220977783
83   2.547804117202759
84   2.1202774047851563
85   3.0944793224334717
86   2.6442482471466064
87   2.609610080718994
88   2.6968815326690674
89   2.1066296100616455
90   2.380298376083374
91   2.1285512447357178
92   2.1275382041931152
93   2.4156899452209473
94   2.1483314037323
95   2.7591347694396973
96   1.9153701066970825
97   2.150136947631836
98   2.789405107498169
99   2.183257818222046
100   2.1035194396972656
101   2.2814433574676514
102   2.330672264099121
103   2.4686119556427
104   2.3470778465270996
105   2.32273530960083
106   2.7357912063598633
107   2.3707435131073
108   2.0053887367248535
109   2.056640625
110   2.024695873260498
111   2.2686710357666016
112   2.1386611461639404
113   1.9628779888153076
114   2.322023868560791
115   2.666470527648926
116   2.1456363201141357
117   2.284477710723877
118   2.0319926738739014
119   2.0090224742889404
120   2.362177610397339
121   1.7336324453353882
122   2.391150712966919
123   2.3470895290374756
124   2.102623701095581
125   2.3888304233551025
126   2.2529680728912354
127   2.5008630752563477
128   2.296358346939087
129   2.035581111907959
130   2.200683355331421
131   2.103515386581421
132   1.9388630390167236
133   1.9452764987945557
134   1.937584638595581
135   2.026975393295288
136   2.0316271781921387
137   1.899855613708496
138   2.3705382347106934
139   2.1725409030914307
140   2.2060697078704834
141   2.0140767097473145
142   1.9814085960388184
143   2.07112455368042
144   2.039116382598877
145   2.0663280487060547
146   2.2651896476745605
147   2.0297305583953857
148   2.014284133911133
149   2.172165632247925
150   2.0268099308013916
151   1.9540754556655884
152   2.1132750511169434
153   2.1800906658172607
154   1.9413692951202393
155   1.9205502271652222
156   2.275722026824951
157   1.8580422401428223
158   1.9077668190002441
159   2.2293694019317627
160   2.55351185798645
