1   1.6598495244979858
2   1.763343334197998
3   1.6750218868255615
4   1.1454944610595703
5   1.5788747072219849
6   1.4303027391433716
7   1.3110278844833374
8   1.6000874042510986
9   1.6196740865707397
10   1.3535776138305664
11   1.3910582065582275
12   1.1592968702316284
13   1.347433090209961
14   1.3289767503738403
15   1.5409475564956665
16   1.8200238943099976
17   1.6441752910614014
18   1.4228471517562866
19   1.7027348279953003
20   1.3567793369293213
21   1.4157259464263916
22   1.5025911331176758
23   1.5790218114852905
24   1.6326736211776733
25   1.7319122552871704
26   1.5836981534957886
27   1.855528712272644
28   1.933881163597107
29   1.5328387022018433
30   1.7037631273269653
31   1.5981676578521729
32   1.7337502241134644
33   1.8343545198440552
34   1.539840579032898
35   1.5920727252960205
36   1.6200368404388428
37   1.8579607009887695
38   1.5633342266082764
39   1.284743070602417
40   2.055060863494873
41   1.7983849048614502
42   1.8413320779800415
43   1.881966471672058
44   1.6126066446304321
45   1.5295368432998657
46   1.9840354919433594
47   1.480421543121338
48   1.8417648077011108
49   2.2081544399261475
50   2.203413724899292
51   2.5032150745391846
52   1.7442171573638916
53   1.8238071203231812
54   1.2198153734207153
55   1.6809848546981812
56   1.62199068069458
57   1.8846867084503174
58   1.6607065200805664
59   1.2960386276245117
60   2.1089015007019043
61   1.575618863105774
62   1.6259845495224
63   2.0884244441986084
64   1.3699538707733154
65   1.0689363479614258
66   1.4537981748580933
67   1.4669828414916992
68   1.5155235528945923
69   1.6417546272277832
70   0.6323623657226563
71   1.4152460098266602
72   1.6814287900924683
73   1.4854317903518677
74   1.4290021657943726
75   2.62015700340271
76   1.7519866228103638
77   0.9603909850120544
78   1.3954828977584839
79   1.2604831457138062
80   1.3956621885299683
81   0.8133596777915955
82   1.1190413236618042
83   1.5154240131378174
84   2.6298182010650635
85   1.9913997650146484
86   1.6468740701675415
87   2.4763126373291016
88   2.0818533897399902
89   1.9718027114868164
90   1.7422268390655518
91   1.3880430459976196
92   1.7701244354248047
93   1.501262903213501
94   1.8075865507125854
95   1.3190611600875854
96   1.3025965690612793
97   1.5471798181533813
98   1.5461283922195435
99   1.5879977941513062
100   1.3007773160934448
101   1.8486254215240479
102   1.8431336879730225
103   2.0037496089935303
104   2.073373317718506
105   2.55238676071167
106   1.746538519859314
107   1.9557510614395142
108   1.1999300718307495
109   2.2328455448150635
110   1.7415562868118286
111   1.4687024354934692
112   1.7613921165466309
113   1.39015531539917
114   1.697258710861206
115   2.0657880306243896
116   1.9045594930648804
117   1.5833128690719604
118   2.1947007179260254
119   1.4769892692565918
120   1.9989315271377563
121   2.283811092376709
122   1.2742451429367065
123   1.7077839374542236
124   1.5726147890090942
125   1.6335078477859497
126   1.6930861473083496
127   1.2915048599243164
128   1.405652403831482
129   1.663374900817871
130   1.5487474203109741
131   1.8879051208496094
132   1.5238486528396606
133   1.7825027704238892
134   1.2235772609710693
135   1.574379563331604
136   1.306243896484375
137   1.775095820426941
138   1.3860572576522827
139   1.7193412780761719
140   1.6315324306488037
141   1.3777368068695068
142   1.4160420894622803
143   1.8865731954574585
144   1.5503079891204834
145   1.5197762250900269
146   1.5327507257461548
147   1.4647865295410156
148   1.1940056085586548
149   1.6394312381744385
150   1.661839485168457
151   1.4335988759994507
152   1.4498642683029175
153   1.4974340200424194
154   1.4565707445144653
155   1.5574826002120972
156   1.4333974123001099
157   1.3667908906936646
158   1.5828608274459839
159   1.7495617866516113
160   1.6421220302581787
161   1.702069878578186
162   1.46257746219635
163   1.7186838388442993
164   1.6172733306884766
