1   3.9944093227386475
2   4.115086555480957
3   4.708101749420166
4   4.267650604248047
5   4.320361137390137
6   4.630755424499512
7   5.120334625244141
8   4.565336227416992
9   4.399957656860352
10   4.404298782348633
11   5.014632225036621
12   4.329496383666992
13   4.450860977172852
14   4.590058326721191
15   4.5622453689575195
16   4.492554664611816
17   5.009960174560547
18   5.332006931304932
19   4.482664108276367
20   4.796766757965088
21   3.50875186920166
22   4.343240737915039
23   5.036674976348877
24   4.376815319061279
25   4.166121482849121
26   4.665431022644043
27   4.94775915145874
28   4.566806793212891
29   4.295480251312256
30   4.125973701477051
31   4.827376842498779
32   6.192262649536133
33   4.953162670135498
34   6.401447772979736
35   6.192663192749023
36   5.948913097381592
37   5.571928977966309
38   6.114328384399414
39   5.419074535369873
40   4.659215450286865
41   6.12067985534668
42   5.385836601257324
43   6.0778913497924805
44   6.1772661209106445
45   6.668424129486084
46   5.502004623413086
47   6.1771979331970215
48   6.34376859664917
49   6.0406975746154785
50   6.5758185386657715
51   6.094699382781982
52   5.557083606719971
53   5.624589920043945
54   6.781036853790283
55   6.170081615447998
56   6.780553340911865
57   6.202177047729492
58   5.670702934265137
59   6.610097408294678
60   6.370774745941162
61   6.040340423583984
62   5.6754560470581055
63   5.789677619934082
64   6.0773186683654785
65   5.0947394371032715
66   5.14776086807251
67   6.031956195831299
68   4.593348979949951
69   6.158433437347412
70   6.111523628234863
71   6.347044944763184
72   6.3708977699279785
73   4.922940731048584
74   4.80793571472168
75   4.017217636108398
76   5.4181413650512695
77   5.652313709259033
78   5.5373735427856445
79   4.121492862701416
80   4.961683750152588
81   4.9850358963012695
82   4.949923038482666
83   5.060774326324463
84   3.7530300617218018
85   5.678033351898193
86   5.5606913566589355
87   4.6379313468933105
88   4.206261157989502
89   4.381025314331055
90   4.1706390380859375
91   4.006558895111084
92   5.275008678436279
93   4.296468257904053
94   3.62483549118042
95   4.370082378387451
96   4.386251449584961
97   4.026379585266113
98   5.060299396514893
99   4.642558574676514
100   4.390180587768555
101   5.316911697387695
102   4.822054862976074
103   4.658973217010498
104   4.692602157592773
105   5.148470878601074
106   6.075953483581543
107   5.035083770751953
108   4.871630668640137
109   5.286447525024414
110   6.020800590515137
111   5.026551723480225
112   5.210923194885254
113   5.2060322761535645
114   5.785280227661133
115   5.774288177490234
116   4.8050456047058105
117   4.852495193481445
118   4.803643703460693
119   5.136222839355469
120   5.792028427124023
121   5.375295162200928
122   5.1122636795043945
123   5.920876502990723
124   5.130485534667969
125   4.181596279144287
126   4.460704326629639
127   5.193401336669922
128   5.254675388336182
129   4.968044757843018
130   5.4213433265686035
131   5.692805767059326
132   4.23482608795166
133   4.8410868644714355
134   4.521117687225342
135   5.440401077270508
136   5.415106296539307
137   5.6446356773376465
138   6.532522678375244
139   6.264081001281738
140   5.806147575378418
141   4.899387836456299
142   5.542504787445068
143   4.050838470458984
144   6.514320373535156
145   5.376287460327148
146   4.926747798919678
147   6.205066204071045
148   5.702663898468018
149   4.767761707305908
150   5.342568397521973
151   4.736691951751709
152   5.698485374450684
153   5.281546115875244
154   4.183997631072998
155   4.189892292022705
156   5.056351184844971
157   4.994315147399902
158   4.69027042388916
159   3.720290422439575
160   4.433801651000977
161   4.79947566986084
162   4.221871852874756
163   4.480585098266602
164   4.086510181427002
