1   2.002114772796631
2   2.345592737197876
3   1.8780819177627563
4   2.2952721118927
5   2.117358446121216
6   2.1722142696380615
7   2.109339952468872
8   1.7744747400283813
9   1.578786015510559
10   1.7913655042648315
11   1.786143183708191
12   1.7995784282684326
13   1.7458701133728027
14   1.8557153940200806
15   2.2663638591766357
16   2.201995611190796
17   2.283888101577759
18   2.41991925239563
19   2.1448235511779785
20   1.8620165586471558
21   2.413841724395752
22   2.101707696914673
23   2.0013065338134766
24   1.997341513633728
25   2.0398008823394775
26   1.904992938041687
27   2.2094078063964844
28   2.1580512523651123
29   2.241224527359009
30   2.1900906562805176
31   2.1878037452697754
32   2.203002452850342
33   1.9490244388580322
34   2.4900176525115967
35   2.5222008228302
36   2.1347475051879883
37   2.190836191177368
38   1.8770512342453003
39   2.231649160385132
40   1.9647148847579956
41   2.232633590698242
42   1.9754000902175903
43   2.3236172199249268
44   2.069563865661621
45   2.2069103717803955
46   2.2098727226257324
47   2.2515933513641357
48   2.0751993656158447
49   1.8431835174560547
50   2.6997852325439453
51   2.2396183013916016
52   2.134916067123413
53   1.9632607698440552
54   2.5432937145233154
55   1.9232633113861084
56   2.4036340713500977
57   2.173327684402466
58   1.9264581203460693
59   2.2211201190948486
60   2.0039408206939697
61   2.6142587661743164
62   2.1904196739196777
63   2.154050827026367
64   2.6200523376464844
65   2.3791046142578125
66   2.3339953422546387
67   1.973597764968872
68   2.413236618041992
69   2.3365988731384277
70   1.8403751850128174
71   2.134145736694336
72   2.1027050018310547
73   2.223442554473877
74   1.9605112075805664
75   2.701540231704712
76   2.408245325088501
77   2.1116583347320557
78   2.209306478500366
79   2.393465042114258
80   2.0829102993011475
81   2.4791319370269775
82   1.982183575630188
83   2.043647527694702
84   2.213263750076294
85   2.412003993988037
86   2.0782296657562256
87   1.9131782054901123
88   2.2663614749908447
89   2.2209136486053467
90   2.0623257160186768
91   2.1560146808624268
92   2.5421271324157715
93   2.2045063972473145
94   2.019287347793579
95   2.3491485118865967
96   1.9892916679382324
97   2.3563003540039063
98   2.1587116718292236
99   1.980910301208496
100   2.2120869159698486
101   2.231868028640747
102   2.081663131713867
103   1.8205257654190063
104   2.2192587852478027
105   2.4709322452545166
106   1.884517788887024
107   2.256086587905884
108   2.0688705444335938
109   2.706402063369751
110   2.1759064197540283
111   2.3478431701660156
112   2.0440056324005127
113   2.1394972801208496
114   2.773733139038086
115   2.6586663722991943
116   1.9083033800125122
117   1.8908952474594116
118   1.805548071861267
119   2.2413790225982666
120   2.682677745819092
121   2.025146007537842
122   2.0008575916290283
123   2.1604223251342773
124   2.0984561443328857
125   2.10513973236084
126   2.504913091659546
127   2.184540033340454
128   2.382129192352295
129   2.2016119956970215
130   2.3940060138702393
131   2.6107234954833984
132   2.192934036254883
133   2.314955949783325
134   1.9525784254074097
135   2.304471254348755
136   2.0813608169555664
137   2.2310776710510254
138   2.2647976875305176
139   2.384307384490967
140   2.276381731033325
141   2.0815694332122803
142   2.1658496856689453
143   2.093356132507324
144   2.4810683727264404
145   2.143023729324341
146   2.168379306793213
147   2.215212821960449
148   2.2737691402435303
149   1.9168617725372314
150   1.8092914819717407
151   1.927223801612854
152   1.858420729637146
153   2.282273292541504
154   2.025766372680664
155   2.369108200073242
156   2.073483467102051
157   2.0264244079589844
158   2.071359395980835
159   2.0455362796783447
160   2.0488853454589844
161   2.1308202743530273
162   1.8730897903442383
163   2.1801371574401855
164   1.8910582065582275
