1   1.9947400093078613
2   2.2140114307403564
3   1.8732993602752686
4   2.4997453689575195
5   2.2454779148101807
6   2.461226224899292
7   1.955652117729187
8   1.8605412244796753
9   1.7070304155349731
10   1.81161367893219
11   1.7895272970199585
12   1.830613136291504
13   1.7573271989822388
14   1.8599629402160645
15   2.314117670059204
16   2.283144474029541
17   2.2391133308410645
18   2.2211976051330566
19   1.9726858139038086
20   1.7645283937454224
21   2.353581190109253
22   1.9164196252822876
23   1.9403139352798462
24   1.8170865774154663
25   1.9721719026565552
26   1.881710171699524
27   1.9424235820770264
28   2.047645330429077
29   2.0588126182556152
30   2.0717685222625732
31   2.024451494216919
32   2.0341882705688477
33   1.8650574684143066
34   2.359096050262451
35   2.4179861545562744
36   2.1093592643737793
37   2.1356332302093506
38   1.7727651596069336
39   2.0826075077056885
40   1.841994047164917
41   2.0797204971313477
42   1.8864753246307373
43   2.2160611152648926
44   2.011186361312866
45   2.042905569076538
46   2.196639060974121
47   2.216886281967163
48   1.898195743560791
49   1.7694807052612305
50   2.5784451961517334
51   2.051771640777588
52   2.0951623916625977
53   1.8639252185821533
54   2.2234034538269043
55   1.8262288570404053
56   2.2034852504730225
57   2.080897808074951
58   1.8832141160964966
59   1.967268705368042
60   1.9116240739822388
61   2.3978652954101563
62   2.0942161083221436
63   1.9490092992782593
64   2.3469927310943604
65   2.2239365577697754
66   2.240499496459961
67   1.8241714239120483
68   2.186384916305542
69   2.2018980979919434
70   1.6874125003814697
71   2.06557035446167
72   2.2699532508850098
73   2.288888692855835
74   1.9812995195388794
75   2.7329232692718506
76   2.423595666885376
77   1.9438695907592773
78   2.053990364074707
79   2.1959991455078125
80   1.9129046201705933
81   2.329422950744629
82   1.895874261856079
83   1.8388148546218872
84   2.0626933574676514
85   2.2867560386657715
86   1.9317549467086792
87   1.869871973991394
88   2.1163675785064697
89   2.209217071533203
90   1.890299916267395
91   2.108820915222168
92   2.3714795112609863
93   2.071007490158081
94   1.91399085521698
95   2.2165732383728027
96   1.979477047920227
97   2.228644847869873
98   2.1107842922210693
99   1.8809131383895874
100   2.0563840866088867
101   2.143599271774292
102   1.9099451303482056
103   1.7845810651779175
104   2.1210296154022217
105   2.265284538269043
106   1.7859777212142944
107   2.1436455249786377
108   1.9162462949752808
109   2.4599812030792236
110   2.056239366531372
111   2.121188163757324
112   2.093188524246216
113   2.017277956008911
114   2.5553646087646484
115   2.4580094814300537
116   1.826665997505188
117   1.7851945161819458
118   1.882519245147705
119   2.0832436084747314
120   2.4520750045776367
121   1.9744718074798584
122   1.9379771947860718
123   2.1156718730926514
124   2.0526199340820313
125   2.031733751296997
126   2.287649393081665
127   2.061432123184204
128   2.198505401611328
129   2.0115978717803955
130   2.2955007553100586
131   2.4348490238189697
132   2.044090509414673
133   2.0998833179473877
134   1.8988449573516846
135   2.041961908340454
136   1.933396339416504
137   2.0774574279785156
138   2.138030529022217
139   2.2439396381378174
140   2.086710214614868
141   2.0364723205566406
142   2.021949052810669
143   2.0312840938568115
144   2.2777862548828125
145   2.101966381072998
146   2.126542568206787
147   2.074775218963623
148   2.3240103721618652
149   2.077918291091919
150   2.0225982666015625
151   1.9806461334228516
152   1.9832053184509277
153   2.4426026344299316
154   2.275631904602051
155   2.303434371948242
156   2.2204906940460205
157   2.318890333175659
158   2.1880693435668945
159   2.2785439491271973
160   2.1039512157440186
161   2.2098143100738525
162   2.0206096172332764
163   2.3653290271759033
164   2.025390625
