0   0.0
1   0.18473826348781586
2   0.26522547006607056
3   0.23920878767967224
4   0.28200456500053406
5   0.21016529202461243
6   0.2823074162006378
7   0.2276594042778015
8   0.1893048882484436
9   0.35929447412490845
10   0.2739565074443817
11   0.5675417184829712
12   0.6634646654129028
13   1.4623322486877441
14   1.6398789882659912
15   1.5130105018615723
16   0.8987588286399841
17   1.265534520149231
18   1.4331722259521484
19   1.8500953912734985
20   1.493715524673462
21   1.108721375465393
22   1.5431439876556396
23   1.291258692741394
24   0.9019721746444702
25   1.0248781442642212
26   1.431797981262207
27   1.4880955219268799
28   1.5311146974563599
29   2.084815740585327
30   1.8398908376693726
31   1.8227773904800415
32   1.8118175268173218
33   1.69761061668396
34   1.832536220550537
35   1.2350811958312988
36   1.721238136291504
37   0.8520258069038391
38   1.5752497911453247
39   0.9375855922698975
40   1.759636402130127
41   1.6299545764923096
42   1.9866033792495728
43   1.3157234191894531
44   1.2573362588882446
45   2.4532434940338135
46   2.740713119506836
47   2.141857147216797
48   1.691542387008667
49   2.23250150680542
50   2.0157408714294434
51   1.8843129873275757
52   2.7140920162200928
53   2.416337490081787
54   2.033015489578247
55   0.915538489818573
56   0.8543186187744141
57   1.8153151273727417
58   1.4746315479278564
59   1.3695995807647705
60   1.8425461053848267
61   1.6698904037475586
62   1.8760396242141724
63   1.3508851528167725
64   1.5469610691070557
65   1.5660014152526855
66   1.9335600137710571
67   1.8236240148544312
68   1.1959125995635986
69   1.7379283905029297
70   2.194830894470215
71   1.4284368753433228
72   1.7111247777938843
73   2.8546335697174072
74   1.4778251647949219
75   1.450234055519104
76   1.6650378704071045
77   1.7127267122268677
78   1.598800778388977
79   1.31297767162323
80   1.4407063722610474
81   1.5511846542358398
82   2.029949426651001
83   2.4945743083953857
84   1.5978264808654785
85   1.7849847078323364
86   1.8513704538345337
87   1.9941645860671997
88   1.53615140914917
89   1.4827959537506104
90   1.368927240371704
91   1.7091807126998901
92   3.083645820617676
93   1.1591331958770752
94   1.7625876665115356
95   1.3403905630111694
96   1.6433820724487305
97   1.4024932384490967
98   1.56031334400177
99   1.68362295627594
100   1.3697019815444946
101   2.1706008911132813
102   1.1692650318145752
103   2.272200345993042
104   1.671144723892212
105   2.3229589462280273
106   1.6964185237884521
107   2.7399613857269287
108   1.5976073741912842
109   1.5514501333236694
110   1.808088779449463
111   1.7961405515670776
112   1.5738855600357056
113   2.1501412391662598
114   1.3435330390930176
115   1.41751229763031
116   1.9342858791351318
117   1.7015526294708252
118   1.6563853025436401
119   1.279561161994934
120   1.435950517654419
121   2.137566328048706
122   2.2556543350219727
123   1.786179780960083
124   1.7559977769851685
125   2.349212408065796
126   1.379441738128662
127   1.192481279373169
128   1.6850981712341309
129   2.3464748859405518
130   1.49122953414917
131   1.1919965744018555
132   1.886911392211914
133   1.9404281377792358
134   1.6772412061691284
135   1.9659985303878784
136   2.261223077774048
137   1.69538152217865
138   1.5916632413864136
139   1.749322772026062
140   1.242884874343872
141   1.2804062366485596
142   2.5514075756073
143   2.0242197513580322
144   1.7536543607711792
145   1.6265649795532227
146   1.6472004652023315
147   1.87860107421875
148   1.5493297576904297
149   2.199636936187744
150   2.0586159229278564
151   2.215630054473877
152   1.4912636280059814
153   1.5934808254241943
154   2.45727276802063
155   1.6701327562332153
156   1.8558433055877686
157   1.722704529762268
158   1.3267570734024048
159   2.1576921939849854
160   1.5678526163101196
161   1.445618987083435
162   2.3901236057281494
163   1.7005847692489624
164   1.5777915716171265
165   1.8846017122268677
166   1.2865062952041626
167   1.5357967615127563
168   1.6957576274871826
169   1.6718772649765015
170   1.3910107612609863
171   2.1559348106384277
172   1.9190711975097656
173   1.980763554573059
174   1.5439378023147583
175   1.369273066520691
176   1.5300692319869995
177   1.4065101146697998
178   2.0412259101867676
179   1.7328087091445923
180   1.5735524892807007
181   1.4345769882202148
182   1.3238154649734497
183   1.4906359910964966
184   1.548374056816101
185   1.5665572881698608
186   1.9316349029541016
187   2.1485257148742676
188   2.1008341312408447
189   1.4941660165786743
190   2.606767177581787
191   2.0951690673828125
192   1.1346582174301147
193   1.5547443628311157
194   1.4771326780319214
195   2.1418230533599854
196   1.4415805339813232
197   1.8998463153839111
198   2.2814600467681885
199   1.5472354888916016
200   2.068141460418701
201   1.4778639078140259
202   1.68441641330719
203   2.0464203357696533
204   1.623483419418335
205   2.3158369064331055
206   1.969048261642456
207   1.3905624151229858
208   1.2820900678634644
209   1.4234857559204102
210   1.6541162729263306
211   2.147627592086792
212   1.8425445556640625
213   1.3654541969299316
214   1.2459546327590942
