0   0.0
1   1.2571029663085938
2   1.0468610525131226
3   1.245185375213623
4   1.1905977725982666
5   1.2049479484558105
6   1.3575513362884521
7   1.3314963579177856
8   1.327944278717041
9   1.2193357944488525
10   1.051346778869629
11   1.4197372198104858
12   1.1945807933807373
13   2.2062020301818848
14   4.271332740783691
15   3.0824477672576904
16   3.11313533782959
17   2.667414903640747
18   3.868755578994751
19   3.4491968154907227
20   3.7414021492004395
21   4.107203483581543
22   3.824808359146118
23   3.108332395553589
24   3.169002056121826
25   3.557833671569824
26   3.469985246658325
27   4.0314412117004395
28   3.978879690170288
29   3.5132253170013428
30   3.206204414367676
31   4.07452392578125
32   4.149637699127197
33   3.658703088760376
34   4.475439548492432
35   2.704241991043091
36   2.966068983078003
37   2.752652645111084
38   3.452396869659424
39   4.162479877471924
40   4.1268463134765625
41   4.308563709259033
42   2.5352401733398438
43   2.714721918106079
44   4.107607841491699
45   2.79231333732605
46   2.7476181983947754
47   3.8342390060424805
48   3.6253864765167236
49   2.142443895339966
50   2.932492733001709
51   3.358112096786499
52   3.017138957977295
53   3.474135637283325
54   2.7809340953826904
55   4.6708903312683105
56   3.157679319381714
57   5.159703731536865
58   3.92309832572937
59   3.205256223678589
60   3.9529683589935303
61   3.2856342792510986
62   2.180474281311035
63   4.31598424911499
64   3.283155679702759
65   4.28952169418335
66   3.8936705589294434
67   4.92421817779541
68   3.3962905406951904
69   4.330343246459961
70   2.307098388671875
71   1.9414780139923096
72   2.32511830329895
73   2.7662272453308105
74   3.4812049865722656
75   0.8307543992996216
76   3.7554893493652344
77   3.614989757537842
78   3.571899652481079
79   3.484621524810791
80   4.068235874176025
81   3.5378170013427734
82   4.315283298492432
83   2.298129081726074
84   1.4992132186889648
85   3.9977266788482666
86   3.464683771133423
87   4.597052574157715
88   3.881018877029419
89   3.566072463989258
90   3.806565999984741
91   3.345827579498291
92   4.029140472412109
93   3.162155866622925
94   3.598353385925293
95   2.9675331115722656
96   4.437431335449219
97   3.875319480895996
98   3.015655279159546
99   3.5461575984954834
100   2.9829514026641846
101   2.2804276943206787
102   2.3661739826202393
103   4.698246955871582
104   3.437641143798828
105   3.56261944770813
106   3.372655153274536
107   4.256069183349609
108   3.0722432136535645
109   3.910139322280884
110   3.467495918273926
111   3.7112843990325928
112   4.513781547546387
113   2.6948676109313965
114   3.8923864364624023
115   3.5406153202056885
116   3.4566917419433594
117   4.87977933883667
118   3.466881275177002
119   3.8301808834075928
120   3.5102741718292236
121   3.5233383178710938
122   3.9155118465423584
123   3.0157527923583984
124   4.3811726570129395
125   2.3270609378814697
126   4.371284008026123
127   3.56862735748291
128   2.63735032081604
129   4.321664333343506
130   2.9858558177948
131   3.699023962020874
132   4.871966361999512
133   3.8525216579437256
134   3.8526430130004883
135   3.514536142349243
136   4.362903118133545
137   3.579573631286621
138   3.880934000015259
139   2.9614038467407227
140   4.363438606262207
141   3.6725149154663086
142   3.1294262409210205
143   4.52179479598999
144   4.405928611755371
145   3.6130824089050293
146   3.1220085620880127
147   3.6645514965057373
148   2.0315628051757813
149   2.675053596496582
150   4.265678882598877
151   3.645423412322998
152   3.332364559173584
153   4.302892684936523
154   4.094675064086914
155   2.365549087524414
156   2.4674534797668457
157   1.4486770629882813
158   1.8020910024642944
159   3.793516159057617
160   4.4105401039123535
161   4.42708158493042
162   5.155340671539307
163   3.8925633430480957
164   4.342039108276367
165   3.7661616802215576
166   1.9669325351715088
167   1.9736720323562622
168   1.3786492347717285
169   3.069603681564331
170   2.493278741836548
171   1.8547288179397583
172   1.0993419885635376
173   2.424105167388916
174   3.224120616912842
175   4.088910102844238
176   4.138747215270996
177   4.156994342803955
178   3.9088871479034424
179   4.652122974395752
180   3.574355363845825
181   4.063884735107422
182   4.325004577636719
183   3.2540535926818848
184   2.6931023597717285
185   3.04056453704834
186   3.5263311862945557
187   2.4183666706085205
188   3.8232219219207764
189   3.657250165939331
190   3.8954386711120605
191   3.5350325107574463
192   3.5544393062591553
193   3.3647968769073486
194   3.7437002658843994
195   2.767102003097534
196   3.98637318611145
197   3.7213785648345947
198   4.917945384979248
199   3.338271141052246
200   3.1133434772491455
201   3.365633964538574
202   3.6641664505004883
203   4.2136054039001465
204   3.220046043395996
205   3.590594530105591
206   4.198513507843018
207   3.831037998199463
208   3.308657646179199
209   3.3701138496398926
210   2.708848714828491
211   3.8589303493499756
212   2.8128764629364014
213   3.3790194988250732
214   3.743720531463623
