0   0.0
1   2.5670554637908936
2   1.9789470434188843
3   1.859893798828125
4   1.7914646863937378
5   2.2062294483184814
6   2.1410269737243652
7   1.9735184907913208
8   2.191805601119995
9   2.7183940410614014
10   2.820624828338623
11   2.908252239227295
12   3.59797739982605
13   3.6305370330810547
14   3.556401014328003
15   4.508259296417236
16   3.904322385787964
17   4.781901836395264
18   3.8769404888153076
19   4.6534552574157715
20   5.203571796417236
21   5.623445987701416
22   4.658987998962402
23   4.437145233154297
24   4.482012748718262
25   4.890203952789307
26   3.211268901824951
27   4.003015041351318
28   3.983891725540161
29   5.622614860534668
30   4.689972877502441
31   3.964843273162842
32   4.746455192565918
33   4.993492603302002
34   4.727707386016846
35   4.7843098640441895
36   5.4809465408325195
37   5.15380334854126
38   4.066184043884277
39   4.756625175476074
40   3.6226038932800293
41   4.1773271560668945
42   5.098023891448975
43   5.631063461303711
44   4.036229610443115
45   4.561452865600586
46   5.847753524780273
47   5.898072719573975
48   6.601796627044678
49   5.868282318115234
50   4.934915542602539
51   4.403289794921875
52   4.833951950073242
53   5.44209623336792
54   5.253567218780518
55   5.871660232543945
56   4.636159896850586
57   4.675276756286621
58   4.465210914611816
59   4.357559680938721
60   6.026590347290039
61   5.879863739013672
62   3.733768939971924
63   5.103697299957275
64   6.561476230621338
65   6.721834182739258
66   5.518575191497803
67   6.210357189178467
68   5.82485294342041
69   4.464686870574951
70   4.568572521209717
71   4.955018997192383
72   5.506919860839844
73   6.9555487632751465
74   7.17160177230835
75   6.132134914398193
76   6.483242988586426
77   6.018256187438965
78   5.724364757537842
79   6.73691463470459
80   6.6851606369018555
81   6.384287357330322
82   6.150399684906006
83   6.4434332847595215
84   4.710925579071045
85   5.620562553405762
86   6.19905948638916
87   5.7940449714660645
88   6.344676494598389
89   4.97607946395874
90   6.418233394622803
91   6.158130168914795
92   6.411678791046143
93   5.543372631072998
94   5.103843688964844
95   5.225675582885742
96   5.52953577041626
97   5.266787052154541
98   6.835976600646973
99   5.583649158477783
100   5.958881855010986
101   5.8163838386535645
102   5.47613000869751
103   6.021401405334473
104   5.591744899749756
105   5.863488674163818
106   5.679337024688721
107   5.868260860443115
108   6.136280536651611
109   5.350162506103516
110   3.4966914653778076
111   6.3194732666015625
112   5.431607723236084
113   4.949997901916504
114   4.058444499969482
115   4.4561591148376465
116   4.754003047943115
117   5.601503849029541
118   4.400850296020508
119   5.533507823944092
120   6.413870334625244
121   5.107396125793457
122   4.821938514709473
123   4.815939426422119
124   5.185240268707275
125   5.057124614715576
126   5.465411186218262
127   6.739287853240967
128   6.123502254486084
129   5.0938944816589355
130   6.102222442626953
131   5.038284778594971
132   4.4351091384887695
133   4.827695846557617
134   5.368328094482422
135   6.274056911468506
136   5.859029293060303
137   6.310984134674072
138   6.1911516189575195
139   5.592110633850098
140   5.629971504211426
141   5.051859378814697
142   5.911070346832275
143   5.9624924659729
144   5.0496296882629395
145   4.815740585327148
146   4.908444881439209
147   6.017638206481934
148   5.807734966278076
149   5.421675205230713
150   4.6859917640686035
151   6.167243957519531
152   5.767642021179199
153   5.887389183044434
154   5.33701753616333
155   6.22907829284668
156   6.121201992034912
157   6.065637588500977
158   5.842921733856201
159   6.099207878112793
160   5.501064777374268
161   6.01089334487915
162   6.27188777923584
163   6.312636375427246
164   5.392786979675293
165   5.8346848487854
166   6.458904266357422
167   5.3230366706848145
168   5.6689133644104
169   6.593170642852783
170   6.459353923797607
171   5.303280353546143
172   6.5014753341674805
173   6.307984828948975
174   6.296415328979492
175   5.352536201477051
176   6.210262775421143
177   5.804866313934326
178   5.485090732574463
179   6.614894866943359
180   6.356340408325195
181   5.771742820739746
182   6.811814785003662
183   6.446331977844238
184   5.36535120010376
185   6.347243785858154
186   5.396153450012207
187   6.113258361816406
188   5.578375339508057
189   5.745970249176025
190   6.173806190490723
191   6.194636344909668
192   4.585284233093262
193   5.705877304077148
194   5.738726615905762
195   5.031221389770508
196   5.046827793121338
197   5.341915130615234
198   5.364897727966309
199   6.415248394012451
200   5.295238494873047
201   5.441542148590088
202   5.04198694229126
203   4.767934799194336
204   6.095414161682129
205   5.6681623458862305
206   5.935540676116943
207   5.98249626159668
208   6.416562080383301
209   5.116010665893555
210   4.3267669677734375
211   5.7558674812316895
212   6.759336948394775
213   6.4203200340271
214   6.450656890869141
