0   0.0
1   0.21903787553310394
2   0.19873610138893127
3   0.2051602154970169
4   0.21323667466640472
5   0.20343224704265594
6   0.20735067129135132
7   0.20209425687789917
8   0.20280475914478302
9   0.2593786418437958
10   0.31249338388442993
11   0.4104328751564026
12   0.5018029808998108
13   1.1665884256362915
14   1.4754350185394287
15   1.62964928150177
16   1.306374430656433
17   1.8069746494293213
18   1.9746713638305664
19   1.852795124053955
20   1.7953917980194092
21   1.8727275133132935
22   1.776037335395813
23   1.3501042127609253
24   1.3397761583328247
25   1.2444113492965698
26   1.9260752201080322
27   1.737536072731018
28   1.7188646793365479
29   1.8329616785049438
30   1.6246564388275146
31   1.686906337738037
32   2.0881848335266113
33   1.377251148223877
34   2.077721118927002
35   1.6776196956634521
36   2.0825018882751465
37   1.5250242948532104
38   1.745863914489746
39   1.7610467672348022
40   2.3434715270996094
41   1.6762347221374512
42   2.0157434940338135
43   1.7635799646377563
44   2.213399648666382
45   2.2104239463806152
46   2.7343690395355225
47   2.1489243507385254
48   2.694715976715088
49   1.9467052221298218
50   2.4576199054718018
51   1.756911039352417
52   2.272101879119873
53   2.5547714233398438
54   1.85721755027771
55   1.6730258464813232
56   1.2032113075256348
57   1.7584998607635498
58   2.280336618423462
59   1.4872597455978394
60   1.6713812351226807
61   1.702986240386963
62   1.458639144897461
63   1.309566855430603
64   1.6850366592407227
65   1.7921360731124878
66   1.8564491271972656
67   1.5745035409927368
68   1.6963459253311157
69   1.4606090784072876
70   1.5924241542816162
71   1.371519923210144
72   1.7430676221847534
73   1.883139967918396
74   1.9532784223556519
75   1.70552659034729
76   1.4581218957901
77   1.4500988721847534
78   1.4936631917953491
79   1.537276029586792
80   1.6092896461486816
81   1.3820804357528687
82   2.144775390625
83   1.6598365306854248
84   1.1963398456573486
85   1.6844582557678223
86   1.8175712823867798
87   1.7935924530029297
88   1.587290644645691
89   1.364182710647583
90   1.5893645286560059
91   1.5766383409500122
92   1.89436674118042
93   1.632792353630066
94   1.5229240655899048
95   1.431074619293213
96   1.8902487754821777
97   1.703777551651001
98   1.3782958984375
99   1.580359935760498
100   1.3970400094985962
101   1.9647656679153442
102   1.5467979907989502
103   2.124302387237549
104   1.696986198425293
105   2.209331512451172
106   1.2130376100540161
107   2.13494610786438
108   1.561387300491333
109   1.6600686311721802
110   1.617098093032837
111   1.6563191413879395
112   1.9036657810211182
113   1.51838219165802
114   1.7413949966430664
115   1.693327784538269
116   2.202354669570923
117   1.9263358116149902
118   1.6098206043243408
119   1.888403296470642
120   1.8100180625915527
121   1.6822751760482788
122   1.704235315322876
123   1.7858492136001587
124   1.6457297801971436
125   1.5635690689086914
126   1.7678483724594116
127   1.4903883934020996
128   1.660117506980896
129   1.4657360315322876
130   1.721500039100647
131   1.6308759450912476
132   2.1709256172180176
133   1.3393166065216064
134   1.891854166984558
135   1.4424526691436768
136   1.9459595680236816
137   1.4878326654434204
138   1.6003297567367554
139   1.6010898351669312
140   1.8238791227340698
141   1.496706485748291
142   1.3683226108551025
143   1.5801926851272583
144   1.7553950548171997
145   1.4197428226470947
146   1.392155408859253
147   1.5926296710968018
148   1.6697392463684082
149   2.153778314590454
150   2.1197235584259033
151   2.0282084941864014
152   1.4971681833267212
153   1.97787344455719
154   2.197705030441284
155   1.5213358402252197
156   1.6394888162612915
157   1.6752012968063354
158   1.6888980865478516
159   1.8677918910980225
160   1.926469087600708
161   1.7363232374191284
162   2.3513901233673096
163   1.7584218978881836
164   1.600636601448059
165   1.7403326034545898
166   1.376434087753296
167   1.4729673862457275
168   1.484773874282837
169   2.0867972373962402
170   1.5802725553512573
171   1.8099600076675415
172   2.026012420654297
173   1.9953354597091675
174   1.3132044076919556
175   1.5213749408721924
176   2.0397133827209473
177   1.9829744100570679
178   1.9739227294921875
179   2.039858341217041
180   1.5278962850570679
181   1.904576063156128
182   2.077394962310791
183   1.5468283891677856
184   1.521081566810608
185   1.760347604751587
186   1.7483083009719849
187   1.6924694776535034
188   1.8259299993515015
189   1.5123212337493896
190   2.1635069847106934
191   1.4062678813934326
192   1.8574997186660767
193   1.5122718811035156
194   1.4243336915969849
195   1.5020558834075928
196   1.7710298299789429
197   1.3493213653564453
198   1.8905839920043945
199   1.8686597347259521
200   1.702519416809082
201   1.7218990325927734
202   1.5344343185424805
203   1.8755767345428467
204   1.6459749937057495
205   1.8026190996170044
206   1.893978238105774
207   1.5666897296905518
208   1.8278614282608032
209   1.6771601438522339
210   1.6382156610488892
211   1.8068692684173584
212   1.9500181674957275
213   1.6997394561767578
214   1.9574880599975586
