1   1.8314744234085083
2   1.6742379665374756
3   1.4863054752349854
4   1.583209753036499
5   1.4721251726150513
6   1.6048040390014648
7   1.7040060758590698
8   1.536054253578186
9   1.9475220441818237
10   1.640149712562561
11   1.7823961973190308
12   1.5808929204940796
13   1.6815249919891357
14   1.5312010049819946
15   1.491670846939087
16   1.7134535312652588
17   1.6430511474609375
18   1.3672914505004883
19   1.510911464691162
20   1.6060843467712402
21   1.5237902402877808
22   1.9553879499435425
23   1.6382036209106445
24   1.7829947471618652
25   1.6534631252288818
26   1.4825133085250854
27   1.7827420234680176
28   1.9148108959197998
29   1.5450916290283203
30   1.7801986932754517
31   1.8860275745391846
32   1.4221609830856323
33   1.9356166124343872
34   1.6030657291412354
35   1.655687689781189
36   1.6219485998153687
37   1.78148353099823
38   1.9486403465270996
39   1.710168719291687
40   1.7165039777755737
41   1.635959506034851
42   1.4976434707641602
43   1.6898400783538818
44   1.5925092697143555
45   1.7555395364761353
46   1.694907546043396
47   1.4615710973739624
48   1.6192100048065186
49   1.62429940700531
50   1.7326176166534424
51   1.6224430799484253
52   1.7950539588928223
53   1.439202070236206
54   1.61439049243927
55   1.568374514579773
56   1.752721905708313
57   1.623874306678772
58   1.70393705368042
59   1.5679723024368286
60   1.8973039388656616
61   1.6614022254943848
62   1.7204662561416626
63   1.6541972160339355
64   1.6687079668045044
65   1.4589546918869019
66   1.9476219415664673
67   1.5297832489013672
68   1.2775362730026245
69   1.4657306671142578
70   1.614862322807312
71   1.440534234046936
72   1.5488485097885132
73   1.5505791902542114
74   1.7180230617523193
75   1.5685189962387085
76   1.582865595817566
77   1.7210407257080078
78   1.4946675300598145
79   1.9194390773773193
80   1.6000769138336182
81   1.7719782590866089
82   1.713803768157959
83   1.559576153755188
84   1.4916716814041138
85   1.6383775472640991
86   1.5664817094802856
87   1.450666904449463
88   1.3557673692703247
89   1.3160473108291626
90   1.4092687368392944
91   1.504331111907959
92   1.513853669166565
93   1.5317002534866333
94   1.675614833831787
95   1.4962131977081299
96   1.5562628507614136
97   1.5308377742767334
98   1.5846693515777588
99   1.6461374759674072
100   1.342775583267212
101   1.58036208152771
102   1.6918251514434814
103   1.7527626752853394
104   1.6014609336853027
105   1.6641360521316528
106   1.7092779874801636
107   1.5157779455184937
108   1.5040122270584106
109   1.8525065183639526
110   1.4793598651885986
111   1.740601897239685
112   1.6118899583816528
113   1.902671217918396
114   1.6709941625595093
115   1.556252360343933
116   1.6815153360366821
117   1.6029425859451294
118   1.689130187034607
119   1.3401392698287964
120   1.8716634511947632
121   1.6662554740905762
122   1.6276805400848389
123   1.6525182723999023
124   1.5525950193405151
125   1.3649126291275024
126   1.6290206909179688
127   1.8361696004867554
128   1.5772807598114014
129   1.4844433069229126
130   1.5841293334960938
131   1.723554015159607
132   1.56279456615448
133   1.7737139463424683
134   1.5615582466125488
135   1.617077350616455
136   1.7683887481689453
137   1.6464993953704834
138   1.5093464851379395
139   1.765256643295288
140   1.7645339965820313
141   1.6640877723693848
142   1.5030534267425537
143   1.7178329229354858
144   1.8232208490371704
145   1.7875927686691284
146   1.865970253944397
147   1.7142539024353027
148   1.8093916177749634
149   1.4808834791183472
150   1.727861762046814
151   1.6681536436080933
152   1.7476909160614014
153   1.7261648178100586
154   1.6490857601165771
155   1.7810649871826172
156   1.315891981124878
157   1.6467995643615723
158   1.6405279636383057
159   1.4557219743728638
160   1.507491111755371
