1   5.04374885559082
2   4.969649314880371
3   5.220200061798096
4   4.773972988128662
5   5.116974353790283
6   5.846954345703125
7   4.563912391662598
8   5.214153289794922
9   6.206508159637451
10   4.934459209442139
11   6.378560543060303
12   5.669130325317383
13   5.32219123840332
14   5.487050533294678
15   5.49202823638916
16   5.965860843658447
17   4.841073989868164
18   5.712221622467041
19   4.747905254364014
20   5.495266437530518
21   5.848299503326416
22   6.239297866821289
23   5.004958152770996
24   5.016839981079102
25   4.567415237426758
26   6.113429069519043
27   7.083483695983887
28   5.869907379150391
29   5.890902042388916
30   6.7513508796691895
31   6.9513936042785645
32   6.98878812789917
33   6.690581798553467
34   5.582306861877441
35   6.051135063171387
36   5.950718879699707
37   6.40910005569458
38   6.406644821166992
39   6.4820756912231445
40   5.715953826904297
41   6.20284366607666
42   4.620872974395752
43   6.082589626312256
44   6.386866569519043
45   6.526896953582764
46   5.955256938934326
47   5.289892196655273
48   4.8735785484313965
49   6.475796699523926
50   5.855535507202148
51   6.415130138397217
52   5.2072930335998535
53   5.014339923858643
54   6.394578456878662
55   6.6370415687561035
56   6.551458358764648
57   5.327643394470215
58   6.553219318389893
59   6.17135763168335
60   5.907411098480225
61   6.640851974487305
62   5.226617813110352
63   5.860855579376221
64   6.3204450607299805
65   5.569814682006836
66   6.53302526473999
67   6.373373508453369
68   4.920093059539795
69   5.298205852508545
70   5.1243977546691895
71   5.2015252113342285
72   5.490858554840088
73   5.061554908752441
74   4.819802761077881
75   6.614251613616943
76   6.548993110656738
77   6.486388206481934
78   5.927296161651611
79   6.476573467254639
80   5.866776943206787
81   6.5158305168151855
82   6.57026481628418
83   4.598775386810303
84   5.1914873123168945
85   6.124444961547852
86   6.496397495269775
87   4.723818778991699
88   4.691874980926514
89   4.742834568023682
90   4.860720157623291
91   6.013583183288574
92   4.872068881988525
93   6.5137176513671875
94   6.2981953620910645
95   5.295585632324219
96   6.5959272384643555
97   5.935144424438477
98   5.46543025970459
99   6.336267948150635
100   6.443582057952881
101   6.586150169372559
102   6.377638816833496
103   6.168347358703613
104   5.764474391937256
105   6.128941059112549
106   6.365234375
107   6.3640007972717285
108   6.884455680847168
109   5.587412357330322
110   4.557470798492432
111   6.547268390655518
112   6.738764762878418
113   4.692201614379883
114   4.015039443969727
115   5.524033069610596
116   6.869057655334473
117   6.845155239105225
118   6.068329334259033
119   6.745570659637451
120   6.623379707336426
121   6.408754348754883
122   5.918556213378906
123   6.918763160705566
124   5.71530818939209
125   6.107213973999023
126   5.853610515594482
127   5.330815315246582
128   5.3351240158081055
129   5.6203460693359375
130   4.919286251068115
131   5.1238813400268555
132   6.668086528778076
133   6.371638774871826
134   6.649446487426758
135   5.468283653259277
136   4.555412769317627
137   7.087130069732666
138   6.507020473480225
139   5.531366348266602
140   6.110064506530762
141   5.120720863342285
142   7.18580961227417
143   6.658153057098389
144   5.917294025421143
145   6.829586982727051
146   5.213473320007324
147   5.9273457527160645
148   6.395176887512207
149   5.384164333343506
150   5.556174278259277
151   5.9287238121032715
152   5.722543239593506
153   5.680933952331543
154   5.385892868041992
155   5.927916049957275
156   6.667209148406982
157   6.429337024688721
158   6.696049690246582
159   5.331570148468018
160   5.489614486694336
