1   3.12442946434021
2   3.311612367630005
3   3.4565393924713135
4   2.9680514335632324
5   3.569847583770752
6   3.4825780391693115
7   3.9529905319213867
8   3.618502616882324
9   3.5707573890686035
10   2.979372024536133
11   3.2088890075683594
12   3.066002368927002
13   3.5896730422973633
14   3.234711170196533
15   4.061267375946045
16   3.6228911876678467
17   3.3343453407287598
18   3.4351046085357666
19   3.52482008934021
20   3.313356399536133
21   3.6835134029388428
22   4.423105239868164
23   1.6319538354873657
24   3.1573894023895264
25   2.5874950885772705
26   3.316941261291504
27   3.5596697330474854
28   3.918748617172241
29   3.8276689052581787
30   3.1472384929656982
31   3.4161951541900635
32   3.575242042541504
33   3.1531050205230713
34   4.065866947174072
35   3.1710033416748047
36   3.5366299152374268
37   1.7199956178665161
38   1.8699358701705933
39   2.6985034942626953
40   3.6256918907165527
41   4.502655982971191
42   3.9395761489868164
43   2.942718982696533
44   2.8809540271759033
45   3.626309394836426
46   3.3232014179229736
47   3.7735326290130615
48   3.672788381576538
49   1.775608777999878
50   1.8166296482086182
51   3.6077980995178223
52   3.534876823425293
53   2.6657779216766357
54   3.6793205738067627
55   4.163882732391357
56   4.268867015838623
57   2.8307583332061768
58   3.946392774581909
59   3.605849266052246
60   3.9056456089019775
61   4.586816310882568
62   4.31305456161499
63   3.50563383102417
64   3.4223694801330566
65   4.095680236816406
66   4.248096942901611
67   4.8804192543029785
68   3.421755790710449
69   4.237868309020996
70   4.568419933319092
71   5.666192054748535
72   4.683435916900635
73   2.5031256675720215
74   1.5486122369766235
75   3.381833553314209
76   2.872898578643799
77   2.705726146697998
78   1.7958320379257202
79   1.7922226190567017
80   1.8852883577346802
81   3.847203254699707
82   4.401280403137207
83   3.9781436920166016
84   4.0444416999816895
85   4.446423530578613
86   3.7375547885894775
87   3.8653059005737305
88   4.11271858215332
89   3.591357469558716
90   4.938431262969971
91   4.04782247543335
92   3.5717084407806396
93   4.049770355224609
94   3.5835976600646973
95   3.861198902130127
96   3.326575756072998
97   5.42218017578125
98   4.474572658538818
99   4.175889015197754
100   4.413628578186035
101   3.651123523712158
102   4.350138187408447
103   4.212066650390625
104   3.209503173828125
105   3.52548885345459
106   4.004388332366943
107   3.027794122695923
108   4.469883441925049
109   4.430889129638672
110   3.3001842498779297
111   3.7031118869781494
112   3.7286815643310547
113   3.2343695163726807
114   3.382671594619751
115   3.506444215774536
116   3.472458839416504
117   4.158178329467773
118   4.57961893081665
119   3.442551851272583
120   4.2963738441467285
121   2.0543227195739746
122   3.531496286392212
123   2.504086494445801
124   2.2356834411621094
125   2.0259172916412354
126   1.4527937173843384
127   1.5759429931640625
128   2.2596192359924316
129   2.2689526081085205
130   3.2791075706481934
131   3.407904624938965
132   2.8947432041168213
133   3.198746919631958
134   3.5795347690582275
135   3.4410293102264404
136   3.4326837062835693
137   3.5572850704193115
138   3.45719313621521
139   4.133320331573486
140   2.678699493408203
141   3.418213129043579
142   3.9482624530792236
143   3.6183183193206787
144   2.4569451808929443
145   3.6529030799865723
146   3.8171632289886475
147   3.883578062057495
148   3.259467601776123
149   3.1962127685546875
150   4.0098748207092285
151   2.986599922180176
152   3.164095878601074
153   3.4010181427001953
154   4.424220085144043
155   2.7477686405181885
156   3.41230845451355
157   3.0149428844451904
158   2.5695748329162598
159   3.831923246383667
160   4.125483512878418
