1   2.1156702041625977
2   1.6299642324447632
3   1.7632204294204712
4   1.5982553958892822
5   1.718640923500061
6   1.7497837543487549
7   1.6877591609954834
8   1.992939829826355
9   1.8881534337997437
10   1.6784629821777344
11   1.7125954627990723
12   1.3802026510238647
13   1.8239518404006958
14   1.4767956733703613
15   1.659820556640625
16   1.8093138933181763
17   1.4078129529953003
18   1.7399375438690186
19   1.3322674036026
20   1.6766605377197266
21   1.8891057968139648
22   1.6701338291168213
23   1.4376815557479858
24   1.8703007698059082
25   1.558213233947754
26   1.460593342781067
27   1.7215632200241089
28   1.4758752584457397
29   1.7162177562713623
30   2.0364832878112793
31   1.730399489402771
32   1.7591990232467651
33   1.6709564924240112
34   1.5352225303649902
35   1.7925176620483398
36   1.4455962181091309
37   1.6076040267944336
38   1.5116623640060425
39   1.6157923936843872
40   1.6576465368270874
41   1.8749133348464966
42   1.9211643934249878
43   1.5409985780715942
44   1.450290322303772
45   1.6924575567245483
46   1.6348350048065186
47   1.5636963844299316
48   1.6832107305526733
49   1.8961067199707031
50   1.5067249536514282
51   2.271482467651367
52   1.8457833528518677
53   1.7456705570220947
54   1.7864439487457275
55   1.6926478147506714
56   1.948107123374939
57   1.7054884433746338
58   1.5394322872161865
59   1.595407247543335
60   1.848441243171692
61   2.0193357467651367
62   1.850557804107666
63   1.653322458267212
64   1.8954856395721436
65   1.7578274011611938
66   2.0333375930786133
67   1.9805141687393188
68   1.7857704162597656
69   1.7348653078079224
70   2.055098295211792
71   1.9785510301589966
72   1.9507273435592651
73   2.017171859741211
74   1.4482601881027222
75   1.5859479904174805
76   1.9120577573776245
77   2.010690689086914
78   1.5366878509521484
79   1.4726518392562866
80   1.9736618995666504
81   1.8362548351287842
82   2.1150810718536377
83   1.4990493059158325
84   1.8540688753128052
85   1.9227148294448853
86   1.8425102233886719
87   1.569638729095459
88   1.734564185142517
89   1.7449512481689453
90   1.8373651504516602
91   1.9080356359481812
92   1.7657139301300049
93   1.9478338956832886
94   1.5499320030212402
95   2.0887222290039063
96   1.5116188526153564
97   2.306321620941162
98   2.1118810176849365
99   1.6103460788726807
100   2.081336736679077
101   1.6422873735427856
102   2.214641809463501
103   2.211242437362671
104   1.2950454950332642
105   1.6623358726501465
106   1.7510697841644287
107   1.5124726295471191
108   2.159341335296631
109   2.029508352279663
110   1.7102112770080566
111   1.6236903667449951
112   2.2534425258636475
113   1.712169885635376
114   1.7541834115982056
115   1.740569829940796
116   2.062920331954956
117   1.8048406839370728
118   1.9514816999435425
119   1.6827740669250488
120   1.705282211303711
121   1.9344996213912964
122   1.7710309028625488
123   1.631335735321045
124   1.3648780584335327
125   1.787203311920166
126   1.8001291751861572
127   1.5985474586486816
128   1.7505109310150146
129   1.3993529081344604
130   1.5918627977371216
131   2.050863027572632
132   1.664570927619934
133   1.4949439764022827
134   1.5967761278152466
135   1.2708333730697632
136   1.5583767890930176
137   1.553830862045288
138   1.4299039840698242
139   1.608410358428955
140   1.5016534328460693
141   1.6570487022399902
142   1.8971821069717407
143   1.9133983850479126
144   1.657085657119751
145   1.5974714756011963
146   1.8252745866775513
147   1.6911380290985107
148   1.6469966173171997
149   1.7411625385284424
150   1.657211422920227
151   1.4243890047073364
152   1.6551674604415894
153   1.7315330505371094
154   1.6990123987197876
155   1.580655813217163
156   1.7796777486801147
157   1.818403959274292
158   1.70486319065094
159   1.509947419166565
160   1.5932269096374512
