1   2.0394487380981445
2   1.649112343788147
3   1.6978996992111206
4   1.6836124658584595
5   1.7724345922470093
6   1.7649426460266113
7   1.7164491415023804
8   2.1128640174865723
9   2.0113253593444824
10   1.7314785718917847
11   1.7321494817733765
12   1.3304311037063599
13   1.903206706047058
14   1.5552524328231812
15   1.5531110763549805
16   1.8510465621948242
17   1.444677710533142
18   1.7755229473114014
19   1.351981282234192
20   1.5598626136779785
21   1.7394263744354248
22   1.5903533697128296
23   1.37584388256073
24   1.9326554536819458
25   1.51578950881958
26   1.3584378957748413
27   1.703081488609314
28   1.538698673248291
29   1.7526429891586304
30   2.0781240463256836
31   1.8027652502059937
32   1.745867133140564
33   1.6588335037231445
34   1.4402860403060913
35   1.7463330030441284
36   1.3753336668014526
37   1.563356637954712
38   1.40915846824646
39   1.5951358079910278
40   1.6119674444198608
41   1.7388712167739868
42   1.7528071403503418
43   1.426769733428955
44   1.3516124486923218
45   1.5332515239715576
46   1.5308623313903809
47   1.4899896383285522
48   1.5787339210510254
49   1.8740870952606201
50   1.417686104774475
51   2.210690975189209
52   1.951323390007019
53   1.7215542793273926
54   1.7140576839447021
55   1.6325968503952026
56   1.8482848405838013
57   1.6029009819030762
58   1.3758724927902222
59   1.5451442003250122
60   1.8146196603775024
61   1.9399405717849731
62   1.7348359823226929
63   1.5931390523910522
64   1.9328804016113281
65   1.6565481424331665
66   1.94308340549469
67   2.0790343284606934
68   1.7568864822387695
69   1.810532569885254
70   1.9877716302871704
71   2.183565139770508
72   1.8899818658828735
73   1.9699949026107788
74   1.5290255546569824
75   1.4112886190414429
76   1.8712104558944702
77   2.086022138595581
78   1.5580575466156006
79   1.5041735172271729
80   1.900309443473816
81   1.7895132303237915
82   1.9796425104141235
83   1.431008219718933
84   1.6608332395553589
85   1.804377555847168
86   1.7346006631851196
87   1.5371352434158325
88   1.6181390285491943
89   1.5659003257751465
90   1.8500796556472778
91   1.7090647220611572
92   1.760441780090332
93   1.84422767162323
94   1.4013731479644775
95   2.08231258392334
96   1.418825626373291
97   2.2052364349365234
98   2.0117647647857666
99   1.499926209449768
100   1.9926186800003052
101   1.5892282724380493
102   2.1744589805603027
103   2.1748878955841064
104   1.2970327138900757
105   1.5089739561080933
106   1.6806995868682861
107   1.4219059944152832
108   2.131953001022339
109   1.933732271194458
110   1.6238048076629639
111   1.4840432405471802
112   2.096781015396118
113   1.7002313137054443
114   1.9726858139038086
115   1.8262358903884888
116   2.0653152465820313
117   1.7473841905593872
118   1.9700895547866821
119   1.6911476850509644
120   1.7944276332855225
121   1.9800580739974976
122   1.8502434492111206
123   1.7481497526168823
124   1.5862311124801636
125   1.8143746852874756
126   1.9351532459259033
127   1.7308337688446045
128   1.7042834758758545
129   1.5623438358306885
130   1.714112639427185
131   2.149188756942749
132   1.7396900653839111
133   1.5068525075912476
134   1.6389222145080566
135   1.4048290252685547
136   1.7321001291275024
137   1.688153624534607
138   1.4995373487472534
139   1.7221109867095947
140   1.5875320434570313
141   1.8177437782287598
142   2.0509250164031982
143   2.059372901916504
144   1.847058892250061
145   1.7258164882659912
146   1.9161041975021362
147   1.871306300163269
148   1.7472697496414185
149   1.715319275856018
150   1.624258041381836
151   1.5358335971832275
152   1.6867283582687378
153   1.789148211479187
154   1.7373535633087158
155   1.640219807624817
156   1.7591389417648315
157   1.8164219856262207
158   1.7631574869155884
159   1.5364857912063599
160   1.7651140689849854
