1   1.7712428569793701
2   1.5385913848876953
3   1.3244799375534058
4   1.7166615724563599
5   1.4985570907592773
6   1.6594390869140625
7   1.6992076635360718
8   1.3755134344100952
9   1.6174935102462769
10   1.4779547452926636
11   1.5846730470657349
12   1.7444689273834229
13   1.281773567199707
14   1.3213260173797607
15   1.5371274948120117
16   1.8354878425598145
17   1.5478342771530151
18   1.6610569953918457
19   1.6366217136383057
20   1.7740446329116821
21   1.4986557960510254
22   1.726811408996582
23   1.8417563438415527
24   1.216700792312622
25   1.514561653137207
26   1.7556127309799194
27   1.821662425994873
28   2.0290467739105225
29   1.8777836561203003
30   1.6244972944259644
31   1.6374362707138062
32   1.885042667388916
33   1.8378530740737915
34   1.6275062561035156
35   1.8201181888580322
36   1.7819695472717285
37   1.742167592048645
38   1.903049111366272
39   1.5191254615783691
40   1.3045579195022583
41   1.6124221086502075
42   1.6950150728225708
43   2.109591007232666
44   1.3736200332641602
45   1.899296522140503
46   1.7589689493179321
47   1.5842006206512451
48   1.731804370880127
49   1.5552728176116943
50   2.082554340362549
51   1.4748979806900024
52   1.4084346294403076
53   1.9356675148010254
54   1.7400524616241455
55   1.202183485031128
56   1.9204027652740479
57   1.9989782571792603
58   1.8704736232757568
59   1.8570234775543213
60   2.648899793624878
61   1.2716988325119019
62   1.4522130489349365
63   1.5204256772994995
64   2.009514570236206
65   1.530808687210083
66   1.474039912223816
67   1.080234408378601
68   1.7353501319885254
69   1.5778571367263794
70   2.3893885612487793
71   1.3257325887680054
72   1.629014492034912
73   1.3008692264556885
74   1.7613524198532104
75   2.427194118499756
76   2.353064775466919
77   2.1700212955474854
78   1.564379096031189
79   1.9798064231872559
80   1.5011649131774902
81   1.7264819145202637
82   1.4137516021728516
83   1.6394250392913818
84   1.357683777809143
85   1.8740551471710205
86   1.772076964378357
87   1.9785635471343994
88   1.572142243385315
89   1.741830587387085
90   1.5890495777130127
91   1.913820743560791
92   1.8817845582962036
93   1.6599751710891724
94   1.9129366874694824
95   1.4572629928588867
96   1.5567569732666016
97   1.6051645278930664
98   1.5208401679992676
99   1.5344732999801636
100   1.9901907444000244
101   2.357210397720337
102   1.8285460472106934
103   3.7372896671295166
104   1.9853562116622925
105   1.2541131973266602
106   1.2874432802200317
107   1.4605976343154907
108   1.5607657432556152
109   2.964901924133301
110   2.4139184951782227
111   2.3283114433288574
112   1.9617356061935425
113   2.409644842147827
114   1.7143985033035278
115   1.7141729593276978
116   1.5910696983337402
117   2.431908369064331
118   1.7405555248260498
119   1.3056166172027588
120   1.8554081916809082
121   1.8120489120483398
122   2.0525596141815186
123   2.7222323417663574
124   1.3136180639266968
125   1.5770107507705688
126   1.577122688293457
127   2.2240171432495117
128   1.467504620552063
129   1.6210753917694092
130   1.2983347177505493
131   2.079533100128174
132   1.2425858974456787
133   1.895889163017273
134   1.6134666204452515
135   1.9626556634902954
136   1.3114594221115112
137   1.9092251062393188
138   1.561790943145752
139   1.879755973815918
140   1.6612026691436768
141   1.8200836181640625
142   1.8030847311019897
143   1.3561503887176514
144   1.3637727499008179
145   2.329071044921875
146   2.268955707550049
147   1.571873426437378
148   1.8355820178985596
149   1.9249860048294067
150   1.942087173461914
151   1.6447545289993286
152   1.6915079355239868
153   1.5708634853363037
154   1.685890793800354
155   1.6312648057937622
156   1.49360191822052
157   1.4919170141220093
158   1.5698943138122559
159   1.594770073890686
160   1.317381739616394
161   1.710822582244873
162   1.2886258363723755
163   1.4497466087341309
164   1.7384556531906128
