1   5.532870292663574
2   6.064695835113525
3   4.430912971496582
4   4.953039169311523
5   5.2267327308654785
6   6.037440299987793
7   5.142528057098389
8   6.219581604003906
9   5.514414310455322
10   6.375720024108887
11   6.1661763191223145
12   5.949463367462158
13   6.793535232543945
14   6.3435750007629395
15   5.957550048828125
16   6.029548168182373
17   5.598036289215088
18   4.65859317779541
19   5.13750696182251
20   5.415280818939209
21   6.007411956787109
22   4.862268924713135
23   5.507915496826172
24   5.5103654861450195
25   6.543167591094971
26   5.788704872131348
27   5.547873497009277
28   4.864707946777344
29   6.248989582061768
30   6.4329400062561035
31   6.051749229431152
32   6.516693592071533
33   6.273416042327881
34   6.45796012878418
35   6.1362810134887695
36   5.659767150878906
37   5.669921398162842
38   5.68532657623291
39   6.434746742248535
40   6.64638090133667
41   5.680597305297852
42   4.891147136688232
43   4.376517295837402
44   5.129390239715576
45   5.474503993988037
46   4.147313594818115
47   6.147822856903076
48   6.3118133544921875
49   6.135805606842041
50   4.935624122619629
51   6.156822681427002
52   5.931353569030762
53   5.622376918792725
54   5.3832807540893555
55   5.846753120422363
56   5.849982738494873
57   5.55623197555542
58   6.505642414093018
59   6.340660095214844
60   5.55721378326416
61   6.184083461761475
62   4.9825568199157715
63   4.808232307434082
64   5.221673011779785
65   6.11140775680542
66   4.578651428222656
67   5.070558071136475
68   5.39954948425293
69   5.0423431396484375
70   5.027536869049072
71   5.291576385498047
72   6.283971309661865
73   6.6736369132995605
74   5.779290676116943
75   6.7218403816223145
76   5.025156021118164
77   5.586842060089111
78   6.135268211364746
79   5.410960674285889
80   6.116433620452881
81   4.620821952819824
82   5.1549296379089355
83   5.402202129364014
84   6.258785724639893
85   5.712551116943359
86   5.959484100341797
87   6.397319793701172
88   6.468182563781738
89   6.134639263153076
90   5.989801406860352
91   5.694962024688721
92   5.810465335845947
93   6.357003688812256
94   5.408441066741943
95   6.004419803619385
96   6.309435844421387
97   5.780141830444336
98   4.962367534637451
99   5.005913734436035
100   5.802883625030518
101   5.655999660491943
102   7.031423091888428
103   5.511520862579346
104   6.064006328582764
105   6.588143825531006
106   5.786292552947998
107   4.565740585327148
108   6.160388469696045
109   5.3260178565979
110   5.2657246589660645
111   4.575625896453857
112   4.226352691650391
113   4.853706359863281
114   5.072132110595703
115   5.600300312042236
116   3.7423906326293945
117   5.1285505294799805
118   6.297285556793213
119   5.71523380279541
120   5.061695575714111
121   4.823831081390381
122   6.105721473693848
123   5.482065200805664
124   4.630037784576416
125   6.362118244171143
126   4.936975955963135
127   5.528563499450684
128   5.6461005210876465
129   5.249398708343506
130   4.440783500671387
131   5.0444135665893555
132   5.140232563018799
133   4.920670986175537
134   5.9130682945251465
135   4.774695873260498
136   6.412126541137695
137   6.006954193115234
138   6.017204761505127
139   5.3000407218933105
140   5.5122246742248535
141   6.1426005363464355
142   5.411474227905273
143   5.673726558685303
144   4.572427749633789
145   5.4150190353393555
146   4.606440544128418
147   5.615705966949463
148   3.940207004547119
149   5.80988883972168
150   6.68425989151001
151   5.098160743713379
152   5.599756240844727
153   5.478794574737549
154   5.567032337188721
155   6.410674571990967
156   5.971185684204102
157   6.007637023925781
158   5.681343078613281
159   5.9026055335998535
160   6.237692356109619
161   6.488738536834717
162   6.775893688201904
163   5.263914108276367
164   4.944543838500977
