1   4.124016284942627
2   3.244155168533325
3   2.8597519397735596
4   1.9822602272033691
5   2.572162389755249
6   1.4692106246948242
7   2.6171114444732666
8   2.1387457847595215
9   2.401262044906616
10   3.5090866088867188
11   3.906705856323242
12   3.5019891262054443
13   3.480276346206665
14   3.7252984046936035
15   3.47470760345459
16   2.854661464691162
17   3.083162546157837
18   3.697780132293701
19   3.1070027351379395
20   3.717303514480591
21   3.317538022994995
22   2.7248525619506836
23   4.232996463775635
24   3.042433261871338
25   4.217945575714111
26   4.247917652130127
27   5.170176982879639
28   3.6845932006835938
29   3.5289134979248047
30   3.4837212562561035
31   4.472079753875732
32   3.4422974586486816
33   4.2495880126953125
34   3.151134729385376
35   4.058499813079834
36   3.1920697689056396
37   3.610614776611328
38   3.649404525756836
39   3.205385684967041
40   3.5165700912475586
41   3.6382923126220703
42   4.085143089294434
43   3.9343600273132324
44   2.8399507999420166
45   4.491306304931641
46   4.334873199462891
47   1.2456862926483154
48   1.9240143299102783
49   3.4886105060577393
50   3.037660837173462
51   3.4802603721618652
52   2.7260184288024902
53   4.140204429626465
54   4.50218391418457
55   3.162240743637085
56   3.952815294265747
57   4.638421535491943
58   4.996248245239258
59   4.736644744873047
60   2.9561166763305664
61   3.335604667663574
62   2.6006712913513184
63   3.975201368331909
64   2.769481897354126
65   3.1370952129364014
66   2.91654372215271
67   3.0368025302886963
68   4.046638488769531
69   3.7882306575775146
70   3.2602596282958984
71   3.451907157897949
72   3.670365333557129
73   3.033226490020752
74   4.701657772064209
75   4.61121129989624
76   3.289357900619507
77   4.903745174407959
78   3.960420846939087
79   3.092792510986328
80   3.461181879043579
81   3.057896852493286
82   3.7654778957366943
83   3.829676628112793
84   2.9507715702056885
85   3.297340154647827
86   3.329589605331421
87   3.296288251876831
88   3.021956443786621
89   4.249217987060547
90   3.140300989151001
91   4.172395706176758
92   3.8173155784606934
93   3.8371009826660156
94   4.0143280029296875
95   3.841186046600342
96   2.936013698577881
97   2.49687123298645
98   2.0016982555389404
99   2.085602045059204
100   3.672111749649048
101   3.499589443206787
102   3.8302669525146484
103   3.8603909015655518
104   3.988760471343994
105   3.469639539718628
106   2.8638668060302734
107   2.715017557144165
108   4.429975509643555
109   4.7425737380981445
110   3.5480077266693115
111   2.5683481693267822
112   5.23042106628418
113   3.3602163791656494
114   3.5510268211364746
115   2.0430095195770264
116   1.9496251344680786
117   2.399819850921631
118   3.75539231300354
119   3.36906361579895
120   4.6832275390625
121   4.646480083465576
122   4.818497657775879
123   4.508784294128418
124   3.709573984146118
125   3.48225474357605
126   4.562051296234131
127   4.1536688804626465
128   3.730027914047241
129   2.8137834072113037
130   2.5005910396575928
131   4.672981262207031
132   4.326159954071045
133   3.6220932006835938
134   3.6151418685913086
135   3.5074098110198975
136   3.5171926021575928
137   3.1840431690216064
138   3.724026918411255
139   4.271971225738525
140   3.3486642837524414
141   3.0888893604278564
142   4.902215957641602
143   3.219541311264038
144   3.9043452739715576
145   3.759509325027466
146   4.314792156219482
147   4.148238182067871
148   3.0149412155151367
149   3.812695026397705
150   3.5470402240753174
151   3.6294357776641846
152   1.5999077558517456
153   1.9573041200637817
154   3.7148501873016357
155   3.673520565032959
156   3.843169927597046
157   3.7774031162261963
158   4.1650710105896
159   4.211209774017334
160   3.2522971630096436
161   4.307373523712158
162   4.8040642738342285
163   3.6079776287078857
164   2.154670238494873
