0   0.0
1   0.2207198143005371
2   0.16952651739120483
3   0.1917950063943863
4   0.18013088405132294
5   0.1995919942855835
6   0.1631530225276947
7   0.21315549314022064
8   0.23793701827526093
9   2.0269713401794434
10   1.7820698022842407
11   1.228430151939392
12   1.811256766319275
13   2.0370712280273438
14   1.4074190855026245
15   1.3511738777160645
16   0.986892580986023
17   1.4292891025543213
18   1.6489019393920898
19   1.817191243171692
20   1.6710081100463867
21   1.4983601570129395
22   1.7818299531936646
23   2.065249443054199
24   2.842860698699951
25   1.3605985641479492
26   1.7050544023513794
27   1.3256652355194092
28   1.1131256818771362
29   1.0161066055297852
30   1.5613961219787598
31   1.1875016689300537
32   1.4860707521438599
33   2.0295071601867676
34   0.9126832485198975
35   1.0128973722457886
36   0.7650627493858337
37   0.8268278241157532
38   1.1947174072265625
39   1.3958213329315186
40   1.177303433418274
41   0.9197114706039429
42   1.0389070510864258
43   1.1306774616241455
44   1.0178005695343018
45   1.182305932044983
46   1.024567723274231
47   0.8522849678993225
48   1.135953664779663
49   1.1351674795150757
50   0.8875660300254822
51   0.867758572101593
52   1.3981956243515015
53   1.117606282234192
54   0.8890419006347656
55   1.1790050268173218
56   0.8985089659690857
57   1.1003162860870361
58   0.8884091377258301
59   1.7540984153747559
60   0.8644683361053467
61   1.0472779273986816
62   1.1591852903366089
63   0.8152778744697571
64   1.1999239921569824
65   0.9654191732406616
66   0.9146965742111206
67   1.1904982328414917
68   1.125504970550537
69   1.2346417903900146
70   0.6984520554542542
71   1.373977780342102
72   1.2704776525497437
73   1.3355382680892944
74   1.3914746046066284
75   0.9926624894142151
76   2.473879814147949
77   1.2874234914779663
78   0.7773277759552002
79   1.273024320602417
80   1.1251857280731201
81   1.1689331531524658
82   1.151363730430603
83   1.2578893899917603
84   1.0506319999694824
85   0.8090914487838745
86   1.4856520891189575
87   1.0253798961639404
88   1.0795783996582031
89   0.9224652051925659
90   1.3104487657546997
91   0.9540749192237854
92   1.127966046333313
93   1.387748122215271
94   1.2342039346694946
95   1.0397104024887085
96   1.4863475561141968
97   1.0644373893737793
98   0.8979952931404114
99   0.9973471164703369
100   1.2752889394760132
101   0.9631291627883911
102   1.4329020977020264
103   1.3417322635650635
104   0.7427029609680176
105   1.1655280590057373
106   0.8311593532562256
107   1.0083383321762085
108   1.595028281211853
109   1.3376413583755493
110   1.203610897064209
111   1.050607442855835
112   1.0937498807907104
113   0.9245310425758362
114   0.9760669469833374
115   1.0084195137023926
116   0.882206916809082
117   1.1163424253463745
118   1.321205973625183
119   1.2407304048538208
120   1.3293604850769043
121   0.9481419324874878
122   1.318496584892273
123   0.9524979591369629
124   1.5334597826004028
125   0.9053756594657898
126   1.1066941022872925
127   1.7934678792953491
128   1.0353424549102783
129   0.9690959453582764
130   1.3033677339553833
131   0.8819289803504944
132   0.9023692011833191
133   1.111601710319519
134   1.1654614210128784
135   0.742609441280365
136   1.3297665119171143
137   1.5646047592163086
138   1.0790293216705322
139   1.4712082147598267
140   1.2461283206939697
141   0.848770260810852
142   1.0884833335876465
143   0.8232036828994751
144   0.9574354290962219
145   1.144885540008545
146   0.8960534334182739
147   0.8992694616317749
148   0.8196121454238892
149   1.063718557357788
150   1.3599966764450073
151   1.4196248054504395
152   0.938169538974762
153   0.8511866331100464
154   1.092017412185669
155   1.0092731714248657
156   1.103251576423645
157   0.9816785454750061
158   0.9658563137054443
159   1.1761589050292969
160   1.19062077999115
161   1.1038835048675537
162   1.074052333831787
163   0.9991633296012878
164   1.5738415718078613
165   1.3187947273254395
166   1.0364959239959717
167   1.2852206230163574
168   1.2668663263320923
169   0.9588877558708191
170   1.3041480779647827
171   0.9040677547454834
172   1.4111944437026978
173   1.0835038423538208
174   1.4415671825408936
175   1.7260384559631348
176   1.3675131797790527
177   0.7758711576461792
178   1.5653340816497803
179   0.9974374175071716
180   1.154686450958252
181   1.0024328231811523
182   0.9065130352973938
183   1.4929687976837158
184   1.338182806968689
185   1.2662608623504639
186   1.503163456916809
187   1.1973273754119873
188   0.9866722822189331
189   0.9665012359619141
190   1.0974937677383423
191   1.5100585222244263
192   1.2711049318313599
193   0.7473312616348267
194   1.2970173358917236
195   0.9721143841743469
196   1.3121577501296997
197   1.1894038915634155
198   0.9560451507568359
199   1.2659224271774292
200   1.7339659929275513
201   1.110095739364624
202   0.8155845403671265
203   0.9788632392883301
204   1.3226318359375
205   1.0365312099456787
206   0.9970424175262451
207   0.7151044607162476
208   0.9784929752349854
