0   0.0
1   0.20352573692798615
2   0.2074752300977707
3   0.21395625174045563
4   0.2187488079071045
5   0.20281708240509033
6   0.20657166838645935
7   0.21269932389259338
8   0.2106257975101471
9   1.0835988521575928
10   1.3146578073501587
11   1.1785513162612915
12   1.2018070220947266
13   1.099120020866394
14   1.2504509687423706
15   1.1128100156784058
16   1.3114601373672485
17   1.1096574068069458
18   1.0943379402160645
19   1.1691237688064575
20   1.221087098121643
21   1.1157053709030151
22   1.061450719833374
23   1.0155105590820313
24   1.2874858379364014
25   1.1116080284118652
26   1.227895975112915
27   1.3864293098449707
28   1.3190972805023193
29   1.2978949546813965
30   1.0747038125991821
31   1.1287082433700562
32   1.2449537515640259
33   1.164496898651123
34   1.1995054483413696
35   1.4609230756759644
36   1.3155993223190308
37   1.3622809648513794
38   1.3273897171020508
39   1.2492766380310059
40   1.2102400064468384
41   1.118514060974121
42   1.1266982555389404
43   1.0927209854125977
44   1.3692326545715332
45   1.1534782648086548
46   1.3189997673034668
47   1.2668451070785522
48   1.3095837831497192
49   1.4873366355895996
50   1.3575915098190308
51   1.2602579593658447
52   1.2181401252746582
53   1.140199899673462
54   1.1719940900802612
55   1.2737823724746704
56   1.3784745931625366
57   1.1458622217178345
58   1.2221927642822266
59   1.2739859819412231
60   1.3745982646942139
61   1.1215219497680664
62   1.222350001335144
63   1.2677944898605347
64   1.229196548461914
65   1.2708216905593872
66   1.2674405574798584
67   1.2721202373504639
68   1.3091808557510376
69   1.2928271293640137
70   1.3635402917861938
71   1.0968115329742432
72   1.3071796894073486
73   1.385608196258545
74   1.2846031188964844
75   1.2644661664962769
76   1.122880458831787
77   1.208943486213684
78   1.1561203002929688
79   1.1849777698516846
80   1.2134947776794434
81   1.3809765577316284
82   1.3478739261627197
83   1.4869343042373657
84   1.2630431652069092
85   1.13186776638031
86   1.1715494394302368
87   1.5215238332748413
88   1.225030779838562
89   1.272780179977417
90   1.2829654216766357
91   1.1514616012573242
92   1.0905519723892212
93   1.3894418478012085
94   1.4510570764541626
95   1.4598461389541626
96   1.3503730297088623
97   1.3014229536056519
98   1.0777127742767334
99   1.292557954788208
100   1.2440338134765625
101   1.2774516344070435
102   1.066083550453186
103   1.2382014989852905
104   1.2536091804504395
105   1.375295639038086
106   1.1876835823059082
107   1.1745673418045044
108   1.3417550325393677
109   1.2183160781860352
110   1.2316770553588867
111   1.3919686079025269
112   1.2876567840576172
113   1.5201994180679321
114   1.3706868886947632
115   1.3118658065795898
116   1.231654405593872
117   1.368780493736267
118   1.2558847665786743
119   1.5153647661209106
120   1.5066577196121216
121   1.3307029008865356
122   1.3830368518829346
123   1.0746031999588013
124   1.4103246927261353
125   1.3137403726577759
126   1.240027666091919
127   1.3989248275756836
128   1.3440821170806885
129   1.4556928873062134
130   1.3830674886703491
131   1.4925799369812012
132   1.3793070316314697
133   1.3343552350997925
134   0.9855942726135254
135   1.3935761451721191
136   1.3650354146957397
137   1.3526887893676758
138   1.4335715770721436
139   1.2784634828567505
140   1.312748670578003
141   1.2743480205535889
142   1.3750272989273071
143   1.3280866146087646
144   1.3253546953201294
145   1.2595767974853516
146   1.409326434135437
147   1.1461763381958008
148   1.126001238822937
149   1.102512240409851
150   1.2463771104812622
151   1.4314948320388794
152   1.290910243988037
153   1.3894145488739014
154   1.3720903396606445
155   1.3788012266159058
156   1.355818271636963
157   1.515234351158142
158   1.243427038192749
159   1.2997841835021973
160   1.161502480506897
161   1.1774252653121948
162   1.1989860534667969
163   1.340227484703064
164   1.320696234703064
165   1.390157699584961
166   1.245431661605835
167   1.3665728569030762
168   1.5390690565109253
169   1.3946095705032349
170   1.2396072149276733
171   1.2163289785385132
172   1.1174213886260986
173   1.001651406288147
174   1.0504592657089233
175   1.1558626890182495
176   1.1654964685440063
177   1.3709663152694702
178   1.2004852294921875
179   1.2464771270751953
180   1.2510969638824463
181   1.1556652784347534
182   1.3651198148727417
183   1.320846676826477
184   1.3872085809707642
185   1.485646367073059
186   1.1962064504623413
187   1.3203125
188   1.0105034112930298
189   1.2754309177398682
190   1.2276699542999268
191   1.2973581552505493
192   1.1963459253311157
193   1.1553338766098022
194   1.3033215999603271
195   1.219639539718628
196   1.532244324684143
197   1.3426551818847656
198   1.3016334772109985
199   1.2555636167526245
200   1.358726978302002
201   1.245087742805481
202   1.1966418027877808
203   1.3491291999816895
204   1.1718108654022217
205   1.0760900974273682
206   1.1972079277038574
207   1.1984189748764038
208   1.212679386138916
