1   0.6648606657981873
2   0.8359964489936829
3   0.836848795413971
4   0.8139524459838867
5   0.7755940556526184
6   1.0026745796203613
7   0.6944815516471863
8   0.8644883632659912
9   0.8826907873153687
10   0.9015354514122009
11   0.8273032903671265
12   0.818897545337677
13   0.9009054899215698
14   0.8719021081924438
15   0.9029458165168762
16   0.7389649748802185
17   0.7598422765731812
18   0.8356879949569702
19   0.8445963859558105
20   0.8344557285308838
21   0.9128683805465698
22   0.8340466022491455
23   0.7926746606826782
24   0.9912436604499817
25   0.7548176050186157
26   0.8879202008247375
27   0.8221983313560486
28   0.7471599578857422
29   0.9058569073677063
30   0.8786063194274902
31   0.6789609789848328
32   0.7972615361213684
33   1.0188385248184204
34   0.9050315022468567
35   0.8425570726394653
36   0.9418805241584778
37   0.7185435891151428
38   0.8053936958312988
39   0.8815835118293762
40   0.8496197462081909
41   0.9860920906066895
42   0.9085919857025146
43   0.8936719298362732
44   0.881515383720398
45   0.6877171397209167
46   0.6426895260810852
47   0.8775478005409241
48   0.8599559664726257
49   0.7581043839454651
50   0.6988673210144043
51   0.8452547788619995
52   0.9494849443435669
53   0.8971613049507141
54   0.9857085347175598
55   0.8613847494125366
56   0.9626121520996094
57   0.7998179793357849
58   0.7857231497764587
59   0.8376781344413757
60   0.8275059461593628
61   0.8308345675468445
62   0.8938824534416199
63   0.7222832441329956
64   0.941981315612793
65   0.9569095373153687
66   0.9056824445724487
67   0.8479698896408081
68   0.9426383376121521
69   0.8550204634666443
70   0.8391871452331543
71   0.659151017665863
72   0.8123794794082642
73   0.7055590152740479
74   0.6675974130630493
75   0.8221902847290039
76   0.803911030292511
77   0.9946355819702148
78   0.7225936651229858
79   0.7728686332702637
80   1.0906455516815186
81   0.7076364159584045
82   0.7569073438644409
83   1.0141220092773438
84   0.8161873817443848
85   0.7969235181808472
86   0.9499625563621521
87   0.7728807926177979
88   0.9994462728500366
89   0.7961567044258118
90   0.885744571685791
91   0.7797369360923767
92   1.0633689165115356
93   0.9247370362281799
94   0.8111753463745117
95   0.8078983426094055
96   0.7913174033164978
97   0.9402845501899719
98   0.9009578824043274
99   0.8204750418663025
100   0.7647097706794739
101   0.7772597670555115
102   1.1160424947738647
103   0.7492558360099792
104   0.7596145272254944
105   0.8054788112640381
106   0.7194377183914185
107   0.6711812019348145
108   1.1453626155853271
109   0.797402024269104
110   0.7214093208312988
111   1.0122655630111694
112   0.8082858920097351
113   0.784199595451355
114   0.8461848497390747
115   0.8637542724609375
116   0.782025933265686
117   0.5847127437591553
118   0.8957823514938354
119   0.9739629030227661
120   0.7851402759552002
121   0.8016283512115479
122   0.7872117757797241
123   0.8228585124015808
124   0.7071657180786133
125   0.7238399982452393
126   0.82806795835495
127   0.6841522455215454
128   0.774692714214325
129   0.9764283299446106
130   0.905632734298706
131   0.80238938331604
132   0.8711429238319397
133   0.8542847037315369
134   0.9858028292655945
135   0.9377937912940979
136   0.9085915088653564
137   0.8899645805358887
138   0.9991980195045471
139   0.89825838804245
140   0.9003405570983887
141   0.8885930776596069
142   0.8512957692146301
143   0.834049642086029
144   1.011497139930725
145   0.8685897588729858
146   1.034684658050537
147   0.839937150478363
148   0.7012956142425537
149   0.9431386590003967
150   0.8873692154884338
151   0.8380185961723328
152   0.8940443992614746
153   0.9401530623435974
154   0.767248272895813
155   0.7904107570648193
156   0.7905056476593018
157   1.0354318618774414
158   0.8473514914512634
159   0.7559161186218262
160   0.968543291091919
