1   1.4362139701843262
2   3.2030138969421387
3   2.7032930850982666
4   2.5648064613342285
5   2.914674997329712
6   3.354020833969116
7   2.966085433959961
8   3.6438095569610596
9   2.935769557952881
10   3.406559467315674
11   3.0068652629852295
12   3.0421159267425537
13   2.871943950653076
14   3.185929775238037
15   3.4073104858398438
16   3.33457350730896
17   3.7601964473724365
18   3.049015522003174
19   2.9272210597991943
20   4.005311965942383
21   2.9786853790283203
22   2.996704339981079
23   3.1753077507019043
24   2.604548931121826
25   3.163008689880371
26   2.9541783332824707
27   2.9595930576324463
28   2.744321584701538
29   3.623960256576538
30   2.710179328918457
31   3.0118141174316406
32   3.565192937850952
33   3.2658438682556152
34   3.177539110183716
35   3.176942825317383
36   2.7820661067962646
37   3.935939311981201
38   3.1215689182281494
39   2.9395604133605957
40   3.6940059661865234
41   3.2221622467041016
42   3.295473337173462
43   2.5409786701202393
44   2.8631558418273926
45   2.963947296142578
46   2.872220754623413
47   2.9871442317962646
48   3.3908839225769043
49   2.788918972015381
50   1.7240031957626343
51   1.273050308227539
52   1.837720274925232
53   1.4967365264892578
54   2.022190570831299
55   3.886746644973755
56   3.4534237384796143
57   3.198091983795166
58   3.700460433959961
59   3.2756760120391846
60   3.536527395248413
61   2.9712843894958496
62   3.5558619499206543
63   3.02522611618042
64   3.6150472164154053
65   2.644204616546631
66   3.059486150741577
67   3.476644992828369
68   3.6667940616607666
69   2.760791778564453
70   3.665318727493286
71   3.083847999572754
72   3.217006206512451
73   3.6644349098205566
74   2.7592647075653076
75   3.147650718688965
76   2.7169361114501953
77   2.9426474571228027
78   2.4026031494140625
79   1.4919933080673218
80   2.6176950931549072
81   2.3523643016815186
82   1.4237457513809204
83   2.1671345233917236
84   3.1234970092773438
85   3.0170907974243164
86   3.8160009384155273
87   3.1353800296783447
88   3.5214898586273193
89   3.2969374656677246
90   2.758244752883911
91   3.1855268478393555
92   3.7463040351867676
93   2.0075740814208984
94   1.5197361707687378
95   1.2222362756729126
96   1.4772928953170776
97   1.6971721649169922
98   1.325587511062622
99   2.9837825298309326
100   3.4977290630340576
101   3.582165241241455
102   2.938795328140259
103   2.8731255531311035
104   4.185994625091553
105   3.540119171142578
106   2.4895195960998535
107   2.885765552520752
108   3.8799426555633545
109   3.8651041984558105
110   3.1364243030548096
111   2.8131608963012695
112   2.4424686431884766
113   2.949199914932251
114   2.6269466876983643
115   3.1479804515838623
116   3.2845001220703125
117   3.088411569595337
118   2.522526979446411
119   3.661100387573242
120   3.7786667346954346
121   3.1917314529418945
122   2.5732686519622803
123   3.069547176361084
124   3.5980730056762695
125   2.972560167312622
126   3.318902015686035
127   2.9566965103149414
128   3.1542091369628906
129   3.009779453277588
130   3.1946144104003906
131   3.3944945335388184
132   3.2114810943603516
133   2.5779449939727783
134   2.6297452449798584
135   3.373875141143799
136   2.594992160797119
137   3.696173906326294
138   3.349874258041382
139   3.2049856185913086
140   3.171316385269165
141   2.9645297527313232
142   2.580577850341797
143   3.6981945037841797
144   3.4211039543151855
145   2.922556161880493
146   3.3816938400268555
147   1.6986894607543945
148   1.7395321130752563
149   2.6033952236175537
150   1.970832109451294
151   0.8872625827789307
152   2.9233715534210205
153   3.41458797454834
154   2.9718174934387207
155   3.2990379333496094
156   3.500091791152954
157   3.6400482654571533
158   2.2324063777923584
159   3.9082813262939453
160   3.100919723510742
