1   1.1929607391357422
2   1.432724952697754
3   1.4322733879089355
4   1.329086184501648
5   1.4265875816345215
6   1.4219064712524414
7   1.3624221086502075
8   1.456244707107544
9   1.1956276893615723
10   1.0799891948699951
11   1.2196006774902344
12   1.1117807626724243
13   1.3342103958129883
14   1.3950682878494263
15   1.33658766746521
16   1.3083933591842651
17   1.3580639362335205
18   1.222514271736145
19   1.4097307920455933
20   1.4226996898651123
21   1.3685996532440186
22   1.2554712295532227
23   1.2901958227157593
24   1.393014907836914
25   1.4508432149887085
26   1.278092384338379
27   1.368330717086792
28   1.400015950202942
29   1.4079501628875732
30   1.603945016860962
31   1.3555548191070557
32   1.400829792022705
33   1.398216962814331
34   1.3215560913085938
35   1.3292855024337769
36   1.3324259519577026
37   1.4384777545928955
38   1.4074925184249878
39   1.4385300874710083
40   1.262559175491333
41   1.504500150680542
42   1.4095484018325806
43   1.17805814743042
44   1.495690941810608
45   1.1585197448730469
46   1.4291104078292847
47   1.4251707792282104
48   1.4319820404052734
49   1.4127084016799927
50   1.4500635862350464
51   1.1351068019866943
52   1.489285945892334
53   1.3028995990753174
54   1.7142714262008667
55   1.3836009502410889
56   1.3464189767837524
57   1.4279799461364746
58   1.4121403694152832
59   1.3443058729171753
60   1.4647574424743652
61   1.3293633460998535
62   1.359076738357544
63   1.4236327409744263
64   1.2173380851745605
65   1.4331775903701782
66   1.3643980026245117
67   1.5331743955612183
68   1.430421233177185
69   1.2985774278640747
70   1.6043745279312134
71   1.3811863660812378
72   1.7098102569580078
73   1.4622846841812134
74   1.5477813482284546
75   1.4570107460021973
76   1.6480817794799805
77   1.3860411643981934
78   1.462904453277588
79   1.4986567497253418
80   1.6182397603988647
81   1.4965487718582153
82   1.3730833530426025
83   1.2923520803451538
84   1.4554121494293213
85   1.479781985282898
86   1.37138831615448
87   1.542646050453186
88   1.3674570322036743
89   1.3944594860076904
90   1.3794972896575928
91   1.2166712284088135
92   1.450722575187683
93   1.5373247861862183
94   1.3833692073822021
95   1.4470078945159912
96   1.376465916633606
97   1.314717411994934
98   1.305209994316101
99   1.399822473526001
100   1.314144253730774
101   1.5058649778366089
102   1.2816147804260254
103   1.364656686782837
104   1.3903964757919312
105   1.4230774641036987
106   1.4100741147994995
107   1.2667512893676758
108   1.246147632598877
109   1.4766452312469482
110   1.2691810131072998
111   1.209367036819458
112   1.3091896772384644
113   1.4744584560394287
114   1.5797048807144165
115   1.3491220474243164
116   1.4043083190917969
117   1.2476047277450562
118   1.337792158126831
119   1.5293306112289429
120   1.5357162952423096
121   1.2413314580917358
122   1.494889259338379
123   1.1932071447372437
124   1.3320274353027344
125   1.3152263164520264
126   1.300158977508545
127   1.3170446157455444
128   1.3256778717041016
129   1.2561386823654175
130   1.3070833683013916
131   1.5062763690948486
132   1.4279415607452393
133   1.3765430450439453
134   1.4846410751342773
135   1.4779714345932007
136   1.3266323804855347
137   1.3037091493606567
138   1.4075627326965332
139   1.2892916202545166
140   1.4053740501403809
141   1.3645867109298706
142   1.3705101013183594
143   1.3162033557891846
144   1.386905312538147
145   1.2279895544052124
146   1.3123716115951538
147   1.3674310445785522
148   1.3641160726547241
149   1.3025027513504028
150   1.482377529144287
151   1.3017845153808594
152   1.4278202056884766
153   1.2579171657562256
154   1.4471383094787598
155   1.4339995384216309
156   1.2564425468444824
157   1.327016830444336
158   1.5340354442596436
159   1.2799692153930664
160   1.4121695756912231
