1   1.6799083948135376
2   1.58440363407135
3   1.6513482332229614
4   1.6280937194824219
5   3.178764581680298
6   3.0375747680664063
7   3.0086112022399902
8   3.2173876762390137
9   2.919269323348999
10   1.2383909225463867
11   1.7043277025222778
12   0.9909601807594299
13   1.8572471141815186
14   1.3414469957351685
15   1.2465020418167114
16   1.4553829431533813
17   1.0836377143859863
18   3.602020740509033
19   3.2066564559936523
20   3.3768396377563477
21   2.640882968902588
22   2.464750051498413
23   1.3966386318206787
24   1.5715676546096802
25   1.2074214220046997
26   2.752385377883911
27   2.9496474266052246
28   2.9684228897094727
29   2.3884570598602295
30   2.6794281005859375
31   3.3008573055267334
32   1.4384573698043823
33   1.9946317672729492
34   2.480905055999756
35   2.9961330890655518
36   2.801561117172241
37   2.2993757724761963
38   3.3828933238983154
39   3.197519063949585
40   4.326372146606445
41   3.090305805206299
42   4.185891628265381
43   3.2454307079315186
44   3.576969623565674
45   2.769862413406372
46   3.247715473175049
47   2.2395377159118652
48   1.752854824066162
49   3.0653207302093506
50   3.1696057319641113
51   2.7996602058410645
52   3.9275577068328857
53   3.0414695739746094
54   3.1087117195129395
55   3.009183883666992
56   3.8614559173583984
57   1.7801038026809692
58   2.458691120147705
59   3.0019824504852295
60   3.2232279777526855
61   3.9987382888793945
62   3.5125510692596436
63   3.283796548843384
64   3.7519893646240234
65   3.9702067375183105
66   3.677199363708496
67   4.357942581176758
68   3.1689276695251465
69   3.8945727348327637
70   2.9314045906066895
71   3.5615315437316895
72   2.39043927192688
73   4.567629814147949
74   3.317669153213501
75   3.84114146232605
76   4.340632438659668
77   3.334756374359131
78   3.142557382583618
79   3.5397555828094482
80   4.461885452270508
81   3.2984609603881836
82   4.151257038116455
83   3.709482192993164
84   2.9047200679779053
85   3.6750240325927734
86   3.66110897064209
87   3.1828160285949707
88   1.7351962327957153
89   4.517817497253418
90   2.257873773574829
91   4.77710485458374
92   3.93497633934021
93   2.2732059955596924
94   3.6224570274353027
95   4.07496452331543
96   4.212157726287842
97   3.3155550956726074
98   3.1740171909332275
99   3.875035285949707
100   2.5876102447509766
101   2.526240110397339
102   5.058230876922607
103   4.074073791503906
104   4.232824325561523
105   4.289012908935547
106   3.4225053787231445
107   4.224484443664551
108   4.305160045623779
109   3.2288529872894287
110   3.7279560565948486
111   3.2623322010040283
112   3.5093674659729004
113   3.5824897289276123
114   3.8418562412261963
115   3.0205767154693604
116   2.5208189487457275
117   3.452927589416504
118   4.0937700271606445
119   3.341515302658081
120   3.831122636795044
121   2.464848279953003
122   1.9635554552078247
123   1.9616667032241821
124   3.0945184230804443
125   3.4259612560272217
126   3.104564905166626
127   3.561143398284912
128   2.1106715202331543
129   2.4191150665283203
130   2.773728370666504
131   3.01395583152771
132   2.8051578998565674
133   3.6492390632629395
134   2.7582082748413086
135   3.3409993648529053
136   2.5416650772094727
137   3.2605972290039063
138   2.5596563816070557
139   3.1140756607055664
140   2.8965306282043457
141   3.154503107070923
142   3.8045432567596436
143   3.6717307567596436
144   2.67606520652771
145   1.7212717533111572
146   1.4392937421798706
147   2.998871326446533
148   3.244905471801758
149   2.8527283668518066
150   3.323747158050537
151   3.0545895099639893
152   3.6672749519348145
153   3.119340658187866
154   3.1939046382904053
155   2.2337281703948975
156   1.4556019306182861
157   1.9793437719345093
158   2.137144088745117
159   1.6481311321258545
160   1.2877695560455322
161   1.3139169216156006
162   1.5990246534347534
163   3.693781852722168
164   2.6123292446136475
