0   0.0
1   0.2797433137893677
2   0.18359148502349854
3   0.14544962346553802
4   0.1822931170463562
5   0.19115155935287476
6   0.1890903264284134
7   0.2355494350194931
8   0.1406310796737671
9   0.24587365984916687
10   0.318632036447525
11   0.6654012799263
12   0.6014360189437866
13   1.0106384754180908
14   1.8832716941833496
15   2.500239133834839
16   1.6951483488082886
17   2.01751971244812
18   1.907797932624817
19   1.6758787631988525
20   1.176071047782898
21   1.4236857891082764
22   1.2479612827301025
23   1.6248717308044434
24   1.0909924507141113
25   0.9817940592765808
26   0.5953238010406494
27   0.9564471244812012
28   1.8072127103805542
29   1.7704464197158813
30   1.7710988521575928
31   1.513916015625
32   0.867652416229248
33   1.0685726404190063
34   0.878151535987854
35   0.9476282000541687
36   1.0630327463150024
37   0.8747612237930298
38   1.0740411281585693
39   1.482638955116272
40   1.6177306175231934
41   0.9047713875770569
42   0.9769037961959839
43   0.9586697220802307
44   0.8254147171974182
45   1.2592662572860718
46   0.8393728733062744
47   1.2767133712768555
48   1.1514004468917847
49   1.172394037246704
50   0.9907455444335938
51   0.8870306611061096
52   1.4389396905899048
53   1.4520207643508911
54   1.7277389764785767
55   1.287529706954956
56   1.328576683998108
57   0.896080493927002
58   0.934738039970398
59   1.3597098588943481
60   1.497568964958191
61   1.564225196838379
62   1.4213776588439941
63   1.5412626266479492
64   1.019730806350708
65   2.0985794067382813
66   1.5471595525741577
67   1.0183441638946533
68   1.1608326435089111
69   1.3859679698944092
70   1.0855239629745483
71   1.115277647972107
72   1.2850724458694458
73   0.9229009747505188
74   1.3526006937026978
75   1.3244367837905884
76   1.379535436630249
77   1.1222256422042847
78   1.3935807943344116
79   1.215469241142273
80   1.2310713529586792
81   1.5906950235366821
82   1.1888537406921387
83   0.93690025806427
84   0.9006813764572144
85   1.5393955707550049
86   1.6832101345062256
87   1.2139111757278442
88   0.8470163941383362
89   1.7726030349731445
90   1.440101146697998
91   1.3392995595932007
92   1.1799169778823853
93   1.5459342002868652
94   0.7870755791664124
95   1.0627251863479614
96   0.7920132279396057
97   1.1888285875320435
98   1.129098892211914
99   1.229897141456604
100   0.7981052398681641
101   1.1546907424926758
102   1.1207531690597534
103   1.2515103816986084
104   1.261132836341858
105   1.451546311378479
106   0.9679051637649536
107   0.6856622695922852
108   0.5901928544044495
109   1.3816994428634644
110   0.9088510870933533
111   1.2444159984588623
112   0.7582029700279236
113   1.0271223783493042
114   0.9439476132392883
115   1.0997987985610962
116   1.0261971950531006
117   0.9976648688316345
118   1.0364344120025635
119   1.0982238054275513
120   1.6722853183746338
121   1.8627746105194092
122   1.2515493631362915
123   1.1594786643981934
124   1.885101318359375
125   1.5214954614639282
126   1.3615432977676392
127   1.820547103881836
128   1.522757887840271
129   1.347168207168579
130   1.6351439952850342
131   1.4846290349960327
132   1.6263644695281982
133   1.6119296550750732
134   1.8275843858718872
135   1.3608382940292358
136   1.2166461944580078
137   1.5124622583389282
138   0.9139875173568726
139   1.1346036195755005
140   1.0456806421279907
141   1.6071031093597412
142   1.6357282400131226
143   1.0068886280059814
144   1.053710699081421
145   1.292742133140564
146   1.3945120573043823
147   1.7473058700561523
148   1.5291900634765625
149   1.8856579065322876
150   1.2158422470092773
151   1.106837511062622
152   1.1428031921386719
153   1.137830376625061
154   1.1698760986328125
155   2.1469886302948
156   1.3977160453796387
157   1.6013826131820679
158   2.1387252807617188
159   1.8887680768966675
160   1.3146650791168213
161   0.8961268067359924
162   1.1427475214004517
163   1.735798954963684
164   1.305048942565918
165   1.1649426221847534
166   1.0940147638320923
167   0.994702160358429
168   1.2405809164047241
169   1.4417948722839355
170   1.1243574619293213
171   1.1351693868637085
172   0.8673098087310791
173   1.4160356521606445
174   1.106764554977417
175   0.9872316122055054
176   1.5305219888687134
177   1.3598098754882813
178   1.4755953550338745
179   1.2698417901992798
180   1.6657159328460693
181   0.9499022960662842
182   0.922242283821106
183   2.083319664001465
184   1.7153587341308594
185   1.324026346206665
186   1.0855071544647217
187   1.2057666778564453
188   1.7105010747909546
189   1.0628514289855957
190   0.7137985825538635
191   1.3985106945037842
192   1.143692970275879
193   1.1977649927139282
194   1.2567027807235718
195   1.4645088911056519
196   0.9587425589561462
197   1.1142075061798096
198   1.3798255920410156
199   1.6915746927261353
200   1.2081812620162964
201   1.3297678232192993
202   1.242675542831421
203   1.3543834686279297
204   1.0154247283935547
205   0.9015318751335144
206   1.3561666011810303
207   1.2798455953598022
208   1.2550806999206543
209   1.54169499874115
210   1.6521235704421997
211   1.4131309986114502
212   1.5926518440246582
213   1.217957615852356
