0   0.0
1   2.7237417697906494
2   1.7557481527328491
3   2.261063814163208
4   2.267019748687744
5   1.9656836986541748
6   2.6520395278930664
7   1.8418234586715698
8   1.8473176956176758
9   2.369387626647949
10   2.9466962814331055
11   3.31095814704895
12   3.334195852279663
13   3.5170211791992188
14   3.635608196258545
15   2.8868143558502197
16   3.9584383964538574
17   3.759291648864746
18   5.547321796417236
19   4.196310043334961
20   4.24807596206665
21   4.168334007263184
22   4.133025169372559
23   4.034782886505127
24   3.7569761276245117
25   4.44901704788208
26   4.492702007293701
27   4.490876197814941
28   4.804933547973633
29   4.262247085571289
30   3.9632701873779297
31   4.243527412414551
32   4.418961048126221
33   4.1509857177734375
34   3.6545324325561523
35   4.35182523727417
36   3.7609052658081055
37   2.7460556030273438
38   3.6614277362823486
39   4.380977153778076
40   3.653353691101074
41   4.04060173034668
42   4.213940620422363
43   3.149360179901123
44   3.3906044960021973
45   3.1507039070129395
46   4.162205219268799
47   2.810830593109131
48   3.362800359725952
49   3.938370704650879
50   3.3976123332977295
51   3.3652737140655518
52   3.7634694576263428
53   3.13126540184021
54   4.082054138183594
55   4.115269184112549
56   3.6102371215820313
57   3.0853676795959473
58   3.1750986576080322
59   3.8728151321411133
60   2.8617093563079834
61   4.093648910522461
62   3.970987558364868
63   4.184269428253174
64   3.6314034461975098
65   3.1036183834075928
66   3.2508351802825928
67   3.7312984466552734
68   2.3050553798675537
69   2.915168046951294
70   3.4023096561431885
71   3.5441505908966064
72   2.6118524074554443
73   3.5888681411743164
74   2.9412271976470947
75   3.175050735473633
76   2.5128824710845947
77   3.5440399646759033
78   3.1664562225341797
79   2.9198412895202637
80   2.9099133014678955
81   3.8738479614257813
82   3.431119203567505
83   3.3784308433532715
84   2.829146385192871
85   2.909228563308716
86   2.458042621612549
87   3.009261131286621
88   3.2134783267974854
89   1.9656099081039429
90   2.4826462268829346
91   3.2842016220092773
92   2.7517852783203125
93   3.7157063484191895
94   3.0997889041900635
95   2.874826431274414
96   3.907841444015503
97   3.0416605472564697
98   4.275252342224121
99   4.0606889724731445
100   3.8758020401000977
101   3.5812697410583496
102   3.249959945678711
103   3.4884488582611084
104   3.6308186054229736
105   2.0837388038635254
106   3.3203814029693604
107   3.750580310821533
108   3.477595806121826
109   5.000216484069824
110   2.898653745651245
111   4.026933193206787
112   4.010003566741943
113   4.417454719543457
114   3.6354966163635254
115   3.8246498107910156
116   4.3013505935668945
117   4.117034912109375
118   4.1086626052856445
119   4.9165568351745605
120   5.964051723480225
121   3.2008190155029297
122   4.0706915855407715
123   4.33351469039917
124   5.1845784187316895
125   5.425215244293213
126   4.398735046386719
127   5.308507442474365
128   5.042181015014648
129   5.3463850021362305
130   5.344631671905518
131   4.6280198097229
132   5.045442581176758
133   5.251630783081055
134   5.35200309753418
135   3.7961580753326416
136   4.206087589263916
137   3.152245044708252
138   4.396517276763916
139   3.3655662536621094
140   4.440443992614746
141   4.078866004943848
142   4.46710205078125
143   4.160515308380127
144   4.231001853942871
145   4.079693794250488
146   3.845893621444702
147   4.029290676116943
148   4.136521816253662
149   3.8366105556488037
150   3.996579885482788
151   3.331902265548706
152   4.473695278167725
153   4.019080638885498
154   3.628692388534546
155   4.036764144897461
156   4.482854843139648
157   4.475483417510986
158   3.6547727584838867
159   4.1010355949401855
160   3.7729904651641846
161   4.287946701049805
162   5.054999351501465
163   4.829388618469238
164   3.6823208332061768
165   4.5646796226501465
166   4.083332061767578
167   4.54130744934082
168   4.399464130401611
169   5.182401180267334
170   4.320396423339844
171   2.825468063354492
172   4.087209701538086
173   3.719454050064087
174   3.588045597076416
175   3.247067928314209
176   4.702603816986084
177   3.7307770252227783
178   4.340892314910889
179   2.705299139022827
180   2.699462890625
181   3.1268839836120605
182   2.283975601196289
183   1.9633451700210571
184   1.51410973072052
185   3.3998355865478516
186   2.5709586143493652
187   3.021899461746216
188   2.2751402854919434
189   4.120229244232178
190   3.885802984237671
191   1.7951087951660156
192   3.0162887573242188
193   3.039175271987915
194   3.372377872467041
195   2.4637482166290283
196   3.3640596866607666
197   2.484179735183716
198   3.3336093425750732
199   3.8217685222625732
200   3.4107041358947754
201   3.458873748779297
202   3.7297112941741943
203   2.9710865020751953
204   3.0384058952331543
205   3.1822352409362793
206   2.472102165222168
207   4.0305633544921875
208   3.961541175842285
209   3.57511305809021
210   2.1716158390045166
211   3.709594964981079
212   4.0881853103637695
213   2.8423635959625244
