0   0.0
1   1.3389588594436646
2   1.2777224779129028
3   1.3200585842132568
4   1.1756906509399414
5   1.1443893909454346
6   1.312778353691101
7   1.2093592882156372
8   1.1426998376846313
9   1.2980660200119019
10   1.353408694267273
11   1.6460883617401123
12   1.4696706533432007
13   1.8402307033538818
14   1.7464426755905151
15   1.7466356754302979
16   1.869688630104065
17   1.7090516090393066
18   2.1318302154541016
19   1.759582757949829
20   2.0501577854156494
21   2.389453887939453
22   2.4067795276641846
23   2.7178866863250732
24   1.7597187757492065
25   3.499800682067871
26   3.137094259262085
27   3.0988388061523438
28   2.681072473526001
29   3.704904079437256
30   3.965461254119873
31   4.888788223266602
32   2.341115713119507
33   2.8507161140441895
34   3.5740818977355957
35   4.05686092376709
36   3.1009485721588135
37   3.914839506149292
38   3.373967409133911
39   3.4610061645507813
40   2.716992139816284
41   3.164032459259033
42   2.540339231491089
43   2.935401201248169
44   1.393142580986023
45   2.6769626140594482
46   1.132455587387085
47   3.404125690460205
48   3.7938084602355957
49   2.73881196975708
50   2.7715697288513184
51   3.26163387298584
52   1.3908607959747314
53   0.8900381326675415
54   1.9514144659042358
55   2.366400957107544
56   1.8993772268295288
57   0.8355146646499634
58   2.981947898864746
59   3.6900594234466553
60   1.6108099222183228
61   2.257941484451294
62   2.2108845710754395
63   2.017200469970703
64   1.4693217277526855
65   3.087791681289673
66   1.9775432348251343
67   1.7220991849899292
68   0.9390413165092468
69   2.12528395652771
70   1.144883394241333
71   2.836487293243408
72   2.7840213775634766
73   2.4591550827026367
74   2.132547378540039
75   2.3976540565490723
76   1.7955961227416992
77   2.283944606781006
78   0.5564413666725159
79   1.7321531772613525
80   1.2700802087783813
81   2.432954788208008
82   3.4261982440948486
83   2.6715731620788574
84   1.1355277299880981
85   3.266916513442993
86   1.4338678121566772
87   1.301629900932312
88   2.403169631958008
89   0.28620946407318115
90   1.4562621116638184
91   3.9612913131713867
92   3.854185104370117
93   1.7892202138900757
94   2.8765194416046143
95   1.3648228645324707
96   2.958828926086426
97   1.1052788496017456
98   0.40146738290786743
99   2.6454074382781982
100   3.43530535697937
101   3.5871732234954834
102   0.8254261612892151
103   2.6216611862182617
104   0.8195975422859192
105   0.9902334809303284
106   2.5530648231506348
107   1.788251519203186
108   2.1067168712615967
109   2.6583991050720215
110   1.3671878576278687
111   1.6071728467941284
112   2.4373481273651123
113   3.9153010845184326
114   3.6707706451416016
115   2.794991970062256
116   2.5488028526306152
117   2.6674463748931885
118   3.6715173721313477
119   2.8194706439971924
120   3.5472753047943115
121   4.512450218200684
122   3.8553860187530518
123   2.853940725326538
124   4.415688991546631
125   3.307126760482788
126   2.9663634300231934
127   3.7652010917663574
128   4.256925582885742
129   3.4185612201690674
130   3.239412784576416
131   3.647299289703369
132   3.4600088596343994
133   4.049749374389648
134   3.8173723220825195
135   2.649622678756714
136   2.9619832038879395
137   3.8288028240203857
138   1.3466944694519043
139   2.9411725997924805
140   3.068249464035034
141   3.4471302032470703
142   2.13741397857666
143   1.5310263633728027
144   1.562577247619629
145   0.6987914443016052
146   4.013299465179443
147   3.7062273025512695
148   3.9595768451690674
149   3.699688196182251
150   3.5293314456939697
151   4.385486125946045
152   3.705570697784424
153   4.311368942260742
154   2.912440299987793
155   3.459658622741699
156   3.5086565017700195
157   4.037295818328857
158   4.293562889099121
159   4.5286946296691895
160   5.281435012817383
161   2.6116385459899902
162   3.1582658290863037
163   2.7501285076141357
164   2.8782622814178467
165   2.6594455242156982
166   1.4043587446212769
167   1.2552027702331543
168   2.8114235401153564
169   3.1580686569213867
170   1.9482084512710571
171   1.4705488681793213
172   0.9739475250244141
173   1.5297971963882446
174   3.796600103378296
175   2.710163116455078
176   4.102921962738037
177   3.821951150894165
178   3.438178777694702
179   3.325692892074585
180   3.306011915206909
181   3.32230281829834
182   3.8493130207061768
183   3.010983943939209
184   4.258416652679443
185   2.704657793045044
186   2.671396017074585
187   3.3843932151794434
188   3.7031054496765137
189   3.9538354873657227
190   3.1531732082366943
191   2.718640089035034
192   3.4954192638397217
193   3.2349953651428223
194   3.0601091384887695
195   3.9286179542541504
196   3.19268798828125
197   3.8757431507110596
198   3.6515305042266846
199   4.24937629699707
200   3.418229579925537
201   3.409135580062866
202   3.84411358833313
203   3.4706826210021973
204   2.4584996700286865
205   3.32511305809021
206   4.330929756164551
207   3.6329431533813477
208   3.9132938385009766
209   3.9776740074157715
210   3.4940433502197266
211   3.8538217544555664
212   4.342367649078369
213   3.720238447189331
