0   0.0
1   0.21525202691555023
2   0.21201582252979279
3   0.19876939058303833
4   0.1999933421611786
5   0.21467265486717224
6   0.2017839103937149
7   0.20785008370876312
8   0.2038196325302124
9   0.255706250667572
10   0.30516719818115234
11   0.4203895926475525
12   0.5240078568458557
13   0.8902583122253418
14   1.5153180360794067
15   2.029893636703491
16   1.2685209512710571
17   1.4137449264526367
18   1.6677440404891968
19   1.5277278423309326
20   1.5015742778778076
21   1.270422339439392
22   1.5481164455413818
23   1.7386401891708374
24   1.6922073364257813
25   1.9449434280395508
26   1.3025132417678833
27   1.4613534212112427
28   1.335353970527649
29   1.467726707458496
30   1.8290120363235474
31   2.2366647720336914
32   1.7818214893341064
33   1.723763346672058
34   2.2946054935455322
35   1.8200838565826416
36   1.7710931301116943
37   1.924382209777832
38   1.7726352214813232
39   1.6603347063064575
40   1.5137251615524292
41   1.9210892915725708
42   1.5140467882156372
43   1.5390236377716064
44   1.6841888427734375
45   1.8874506950378418
46   1.7705607414245605
47   1.7851322889328003
48   1.8022875785827637
49   1.759404182434082
50   2.0280394554138184
51   1.6394273042678833
52   1.3571525812149048
53   1.7244876623153687
54   1.9375156164169312
55   1.561876654624939
56   1.6600011587142944
57   2.154651165008545
58   1.9997107982635498
59   2.4040017127990723
60   1.730646014213562
61   1.5607380867004395
62   2.271059036254883
63   1.7000449895858765
64   1.8610289096832275
65   2.0515153408050537
66   2.224560499191284
67   1.8731459379196167
68   2.1764442920684814
69   1.9368761777877808
70   1.9815844297409058
71   1.8591349124908447
72   1.8237992525100708
73   1.754434585571289
74   2.1152379512786865
75   1.715230107307434
76   1.7974648475646973
77   1.8200587034225464
78   2.792541265487671
79   2.456695079803467
80   2.289274215698242
81   2.2866523265838623
82   2.5713984966278076
83   2.6716630458831787
84   2.42503023147583
85   2.7780308723449707
86   2.226630210876465
87   2.1848390102386475
88   2.0584185123443604
89   2.3166451454162598
90   2.085940361022949
91   2.7156267166137695
92   1.5679740905761719
93   1.68746018409729
94   1.79341721534729
95   1.4783499240875244
96   2.004958391189575
97   2.3435425758361816
98   1.798254132270813
99   2.0670688152313232
100   2.1099414825439453
101   1.891211986541748
102   1.6284849643707275
103   1.793084979057312
104   1.5774791240692139
105   1.7252830266952515
106   2.1407554149627686
107   2.1972508430480957
108   1.733007550239563
109   2.018054246902466
110   1.9845064878463745
111   2.163442373275757
112   2.2522685527801514
113   2.265984058380127
114   1.8465145826339722
115   1.7880291938781738
116   1.6556192636489868
117   1.601881504058838
118   1.1865352392196655
119   1.6012952327728271
120   1.6438190937042236
121   2.0671019554138184
122   1.6546437740325928
123   1.6916297674179077
124   2.111051321029663
125   1.9918920993804932
126   1.624713659286499
127   1.8838341236114502
128   1.640918254852295
129   1.5988417863845825
130   1.4243041276931763
131   1.7866570949554443
132   1.8083891868591309
133   1.8592110872268677
134   1.8976482152938843
135   1.4694057703018188
136   1.5031648874282837
137   1.788678765296936
138   1.670061469078064
139   1.8210885524749756
140   1.880377173423767
141   1.6234421730041504
142   1.8419541120529175
143   1.4648019075393677
144   1.3813931941986084
145   1.659507155418396
146   1.8039171695709229
147   1.598515510559082
148   2.0236282348632813
149   1.6146174669265747
150   1.6951618194580078
151   2.1083984375
152   1.6057361364364624
153   1.6099739074707031
154   1.3899697065353394
155   2.041125535964966
156   2.034151315689087
157   2.053968906402588
158   2.264425039291382
159   2.533527374267578
160   1.8964587450027466
161   1.9217427968978882
162   2.122260570526123
163   1.9919841289520264
164   1.7652690410614014
165   1.6235837936401367
166   1.691800832748413
167   1.5739266872406006
168   1.7683913707733154
169   2.056800365447998
170   1.3837403059005737
171   1.4137582778930664
172   1.6994006633758545
173   1.7937616109848022
174   1.5466111898422241
175   1.5510936975479126
176   1.646546483039856
177   1.6476637125015259
178   1.4777898788452148
179   1.7512637376785278
180   2.710139036178589
181   1.675371527671814
182   2.0330913066864014
183   2.1662983894348145
184   1.773586392402649
185   1.936663031578064
186   1.9756872653961182
187   1.9498430490493774
188   2.0999460220336914
189   1.792396903038025
190   1.346062421798706
191   1.7940757274627686
192   1.8775887489318848
193   1.6207340955734253
194   1.4409894943237305
195   1.964619517326355
196   1.77810537815094
197   2.6108598709106445
198   2.4726815223693848
199   2.153918981552124
200   1.418979287147522
201   1.065489649772644
202   1.1917716264724731
203   1.2893179655075073
204   1.7351760864257813
205   1.4825409650802612
206   1.3080650568008423
207   1.2470307350158691
208   1.593266487121582
209   1.5474250316619873
210   1.8103148937225342
211   1.5779556035995483
212   1.7872613668441772
213   1.5584638118743896
