0   0.0
1   0.2179735004901886
2   0.19557154178619385
3   0.19791093468666077
4   0.1940368413925171
5   0.19719965755939484
6   0.1822885125875473
7   0.18994088470935822
8   0.1824580878019333
9   0.23356620967388153
10   0.2809261977672577
11   0.4000973403453827
12   0.4773246645927429
13   0.9054527282714844
14   1.467618465423584
15   2.0026285648345947
16   1.2665694952011108
17   1.3697788715362549
18   1.8445911407470703
19   1.5991209745407104
20   1.6355804204940796
21   1.3790793418884277
22   1.6713905334472656
23   1.9038678407669067
24   1.8328875303268433
25   2.2491166591644287
26   1.3681150674819946
27   1.5618629455566406
28   1.4396791458129883
29   1.5826491117477417
30   1.932513952255249
31   2.485867977142334
32   1.874149203300476
33   1.890339732170105
34   2.412456750869751
35   1.8040651082992554
36   1.6112096309661865
37   1.9003748893737793
38   1.8639835119247437
39   1.7727904319763184
40   1.6355514526367188
41   1.910299301147461
42   1.5077165365219116
43   1.667587161064148
44   1.7237440347671509
45   1.9130933284759521
46   1.7347382307052612
47   1.7922635078430176
48   1.887632131576538
49   1.704126238822937
50   2.120800256729126
51   1.7291669845581055
52   1.4572386741638184
53   1.771422028541565
54   2.006828546524048
55   1.524111270904541
56   1.6173253059387207
57   2.070915699005127
58   2.1219236850738525
59   2.4865810871124268
60   1.7223104238510132
61   1.6008964776992798
62   2.239135503768921
63   1.7867082357406616
64   1.7594763040542603
65   2.1251461505889893
66   2.1519107818603516
67   1.8187236785888672
68   2.2494640350341797
69   2.0072104930877686
70   2.003917694091797
71   1.9510433673858643
72   1.7695608139038086
73   1.8323538303375244
74   2.1694462299346924
75   1.698554515838623
76   1.846691608428955
77   1.9072455167770386
78   2.8087618350982666
79   2.484736680984497
80   2.271573066711426
81   2.5154869556427
82   2.8718037605285645
83   2.9400036334991455
84   2.6105618476867676
85   2.9744348526000977
86   2.241478204727173
87   2.1954715251922607
88   2.191816806793213
89   2.400719404220581
90   2.083089828491211
91   2.866910219192505
92   1.6497750282287598
93   1.7587122917175293
94   1.9011638164520264
95   1.6010853052139282
96   2.2601585388183594
97   2.679755926132202
98   1.9074769020080566
99   2.2195677757263184
100   2.352555513381958
101   1.9459786415100098
102   1.6404297351837158
103   1.7831754684448242
104   1.587929129600525
105   1.8091036081314087
106   2.387554407119751
107   2.4062392711639404
108   1.9085264205932617
109   2.160823106765747
110   2.0538828372955322
111   2.448436975479126
112   2.4693100452423096
113   2.4218368530273438
114   1.9217020273208618
115   1.9649269580841064
116   1.7825160026550293
117   1.7386554479599
118   1.2698971033096313
119   1.6323431730270386
120   1.7001234292984009
121   2.158190965652466
122   1.7822805643081665
123   1.8128459453582764
124   2.298489809036255
125   2.039123773574829
126   1.6896201372146606
127   1.9601227045059204
128   1.7306816577911377
129   1.771459937095642
130   1.5254000425338745
131   1.8976731300354004
132   1.9305299520492554
133   1.9822049140930176
134   1.9157906770706177
135   1.468319058418274
136   1.6643484830856323
137   1.9364054203033447
138   1.7083766460418701
139   1.8529536724090576
140   2.0051474571228027
141   1.6976350545883179
142   1.930128812789917
143   1.5814259052276611
144   1.4167805910110474
145   1.7434039115905762
146   1.9418582916259766
147   1.7409019470214844
148   2.1316847801208496
149   1.6330783367156982
150   1.7296241521835327
151   2.2377521991729736
152   1.7498364448547363
153   1.7380744218826294
154   1.384844183921814
155   2.096303701400757
156   2.046135663986206
157   2.1308655738830566
158   2.4007086753845215
159   2.6062448024749756
160   1.9990339279174805
161   2.105890989303589
162   2.2195498943328857
163   2.103485107421875
164   1.9300129413604736
165   1.6915619373321533
166   1.6062108278274536
167   1.5307966470718384
168   1.8885853290557861
169   2.163172483444214
170   1.4464917182922363
171   1.4298243522644043
172   1.7066389322280884
173   1.82441246509552
174   1.5368177890777588
175   1.6450990438461304
176   1.6218786239624023
177   1.7316874265670776
178   1.4419476985931396
179   1.7244293689727783
180   2.846463203430176
181   1.8253657817840576
182   2.118858814239502
183   2.4008028507232666
184   1.8794077634811401
185   2.037900686264038
186   2.0201287269592285
187   2.110990285873413
188   2.182255506515503
189   1.7887781858444214
190   1.4054509401321411
191   1.9511291980743408
192   1.917323112487793
193   1.738369107246399
194   1.5122653245925903
195   1.9706718921661377
196   1.7733560800552368
197   2.856360912322998
198   2.6963090896606445
199   2.144339084625244
200   1.4766401052474976
201   1.154542326927185
202   1.2630029916763306
203   1.4184198379516602
204   1.793641448020935
205   1.5060062408447266
206   1.2834144830703735
207   1.3303720951080322
208   1.6686664819717407
209   1.5455254316329956
210   1.8351877927780151
211   1.6242955923080444
212   1.872959017753601
213   1.6094616651535034
