1   1.1642611026763916
2   1.0614134073257446
3   1.0889745950698853
4   1.127160668373108
5   1.074651837348938
6   1.1318986415863037
7   1.3214739561080933
8   1.1837433576583862
9   1.2983478307724
10   1.3135650157928467
11   1.294089436531067
12   1.1273802518844604
13   1.3235024213790894
14   0.8793969750404358
15   1.1679421663284302
16   1.1975663900375366
17   1.2323336601257324
18   1.4834868907928467
19   1.1928093433380127
20   1.2621580362319946
21   1.014589786529541
22   1.2941803932189941
23   1.3235563039779663
24   1.1436277627944946
25   1.221368670463562
26   1.1531020402908325
27   1.1237868070602417
28   1.398869276046753
29   1.0486388206481934
30   1.019277572631836
31   1.406835913658142
32   1.1037415266036987
33   1.1161776781082153
34   0.9438058137893677
35   0.9944019317626953
36   1.0754183530807495
37   1.179925799369812
38   1.1549538373947144
39   1.2344720363616943
40   1.187130331993103
41   1.1064811944961548
42   1.1232829093933105
43   0.9881252646446228
44   1.511582612991333
45   1.335572361946106
46   1.105873465538025
47   1.0623726844787598
48   1.201339840888977
49   1.4099031686782837
50   1.0733269453048706
51   1.1952369213104248
52   1.024601697921753
53   1.0500234365463257
54   1.229110836982727
55   1.1992756128311157
56   1.1981918811798096
57   1.1320313215255737
58   1.3234502077102661
59   1.1458661556243896
60   1.0449483394622803
61   1.1580121517181396
62   1.0620242357254028
63   1.1214910745620728
64   0.9647275805473328
65   1.1808208227157593
66   1.2117124795913696
67   1.1177438497543335
68   1.0875197649002075
69   1.038194179534912
70   1.142275094985962
71   1.189561367034912
72   1.2350090742111206
73   1.153329849243164
74   1.1501717567443848
75   1.1410764455795288
76   1.0080012083053589
77   1.0236576795578003
78   1.1680843830108643
79   1.0102866888046265
80   1.3189724683761597
81   1.049869179725647
82   1.1617375612258911
83   1.2265620231628418
84   1.2622945308685303
85   1.3356837034225464
86   1.3056029081344604
87   1.2711769342422485
88   1.090836763381958
89   1.5108827352523804
90   1.148937463760376
91   1.0945323705673218
92   1.0503661632537842
93   1.0921289920806885
94   1.320492148399353
95   1.1111390590667725
96   1.2961251735687256
97   1.2966419458389282
98   1.3651756048202515
99   1.368708610534668
100   1.1643062829971313
101   1.1032782793045044
102   1.0844749212265015
103   1.1309354305267334
104   1.1148749589920044
105   1.128732442855835
106   1.1542036533355713
107   1.23728609085083
108   1.0810246467590332
109   1.429070234298706
110   1.434031367301941
111   1.3110859394073486
112   1.2847307920455933
113   1.1401069164276123
114   1.045952320098877
115   1.137059211730957
116   1.3063621520996094
117   1.2191210985183716
118   1.6079249382019043
119   1.4526337385177612
120   1.1806551218032837
121   1.335673213005066
122   1.3429834842681885
123   1.205586314201355
124   1.2958232164382935
125   1.18379545211792
126   1.467453956604004
127   1.4771140813827515
128   1.262320876121521
129   1.2582036256790161
130   1.368605375289917
131   1.37172269821167
132   1.1785597801208496
133   1.281470775604248
134   1.2843810319900513
135   1.1456444263458252
136   1.231924295425415
137   1.2662830352783203
138   1.2895570993423462
139   1.1979072093963623
140   1.2769016027450562
141   1.179046869277954
142   0.9912511706352234
143   1.100575566291809
144   1.1924834251403809
145   1.2609338760375977
146   1.2208223342895508
147   1.110562801361084
148   1.1402910947799683
149   1.0423029661178589
150   0.8514730334281921
151   1.0582746267318726
152   1.4853233098983765
153   1.2412333488464355
154   1.2464120388031006
155   1.1777695417404175
156   1.1431609392166138
157   1.1130611896514893
158   1.1788538694381714
159   0.9368624687194824
160   1.0628764629364014
