1   4.62930965423584
2   5.1667585372924805
3   5.518611431121826
4   5.266901969909668
5   4.527779579162598
6   4.342747688293457
7   4.140724182128906
8   3.910909652709961
9   3.844607353210449
10   4.818587303161621
11   3.295682668685913
12   3.8449904918670654
13   4.744814872741699
14   3.9191367626190186
15   3.9824602603912354
16   4.261862754821777
17   2.8418209552764893
18   3.1347150802612305
19   5.127997875213623
20   4.246748924255371
21   5.110060691833496
22   4.393106460571289
23   4.08082389831543
24   4.537168025970459
25   3.909142017364502
26   3.4831504821777344
27   4.5777668952941895
28   5.090506076812744
29   4.484644412994385
30   3.8097903728485107
31   3.3428428173065186
32   4.413679122924805
33   3.4485881328582764
34   3.2516801357269287
35   4.209617614746094
36   4.5731096267700195
37   4.305500030517578
38   4.953451156616211
39   3.020400047302246
40   3.7027292251586914
41   3.943830966949463
42   3.7302122116088867
43   4.8021626472473145
44   3.5700652599334717
45   3.9425158500671387
46   2.571866512298584
47   3.587683916091919
48   4.072226047515869
49   3.410024642944336
50   4.350339889526367
51   4.112827777862549
52   3.3640317916870117
53   4.884732723236084
54   4.212544918060303
55   4.233331203460693
56   3.521204710006714
57   4.149567604064941
58   3.3921456336975098
59   4.1953582763671875
60   3.9247684478759766
61   4.992122173309326
62   3.762467384338379
63   3.6332449913024902
64   3.43790864944458
65   4.228619575500488
66   3.11826229095459
67   3.927109479904175
68   4.125734329223633
69   3.560004711151123
70   3.9275591373443604
71   3.673969268798828
72   3.968128204345703
73   4.234052658081055
74   3.140648603439331
75   2.85573410987854
76   4.313374996185303
77   3.0898847579956055
78   4.029089450836182
79   4.4688801765441895
80   3.244905710220337
81   3.7607035636901855
82   4.361400604248047
83   2.9162802696228027
84   4.321671485900879
85   4.432476043701172
86   4.315807819366455
87   4.3610734939575195
88   4.014918804168701
89   4.063883304595947
90   4.21160364151001
91   4.25252628326416
92   4.234896183013916
93   3.357943534851074
94   3.2875187397003174
95   3.086712121963501
96   3.5312609672546387
97   3.7224678993225098
98   3.136441230773926
99   2.65169620513916
100   4.052803993225098
101   4.129342079162598
102   3.761958122253418
103   3.5073797702789307
104   3.876770257949829
105   3.9049696922302246
106   4.6533122062683105
107   3.5596697330474854
108   4.246294975280762
109   4.211947917938232
110   3.7628660202026367
111   4.54701566696167
112   4.7407050132751465
113   4.9794487953186035
114   4.668049335479736
115   4.79348087310791
116   4.794452667236328
117   4.5828142166137695
118   5.246894836425781
119   5.224287033081055
120   4.700367450714111
121   4.69133996963501
122   4.93166446685791
123   4.390078067779541
124   4.765309810638428
125   4.564641952514648
126   3.4256772994995117
127   3.4232943058013916
128   2.741941452026367
129   4.290067672729492
130   4.326581001281738
131   3.5820577144622803
132   4.243511199951172
133   3.481917381286621
134   4.5004754066467285
135   5.084840297698975
136   4.9812846183776855
137   3.60984206199646
138   3.0254065990448
139   3.525607109069824
140   4.760921955108643
141   4.5289435386657715
142   3.374598264694214
143   3.9726991653442383
144   3.8706321716308594
145   2.1284525394439697
146   3.0784950256347656
147   4.228229999542236
148   4.958673477172852
149   4.948540210723877
150   3.3670992851257324
151   4.010911464691162
152   3.1331021785736084
153   4.495859622955322
154   3.9043941497802734
155   3.170524835586548
156   4.289500713348389
157   4.346335411071777
158   3.280982494354248
159   4.533265590667725
160   3.734570026397705
