1   3.097196340560913
2   3.2504777908325195
3   2.3080906867980957
4   2.967501640319824
5   3.248891592025757
6   4.704738140106201
7   2.994084358215332
8   4.15131139755249
9   3.498777389526367
10   3.5734503269195557
11   3.940795660018921
12   3.4231607913970947
13   3.11989426612854
14   4.068528175354004
15   2.6651694774627686
16   3.3765869140625
17   4.647761821746826
18   3.9312963485717773
19   2.8588168621063232
20   3.6249351501464844
21   2.754366874694824
22   4.093255043029785
23   3.727236032485962
24   2.596374273300171
25   3.2221150398254395
26   3.586785316467285
27   3.929135322570801
28   4.002799987792969
29   3.433797597885132
30   3.0383903980255127
31   3.45234751701355
32   3.830026626586914
33   2.288259744644165
34   2.957517147064209
35   3.3284740447998047
36   3.3637969493865967
37   3.005692958831787
38   3.197111129760742
39   4.053631782531738
40   3.473203182220459
41   1.1436963081359863
42   1.9359731674194336
43   1.7485942840576172
44   2.2528762817382813
45   1.5905617475509644
46   1.1252785921096802
47   1.8860820531845093
48   2.359018087387085
49   1.882991075515747
50   2.1457035541534424
51   2.601551055908203
52   2.165814161300659
53   2.0809178352355957
54   2.8170838356018066
55   2.143718957901001
56   3.4237427711486816
57   3.3294084072113037
58   3.2575926780700684
59   4.488539218902588
60   1.921899437904358
61   4.00717830657959
62   3.6061160564422607
63   3.0224530696868896
64   3.124675989151001
65   3.122100353240967
66   4.150432586669922
67   1.4925599098205566
68   3.0585732460021973
69   5.0797882080078125
70   3.5025761127471924
71   4.948437213897705
72   1.782385230064392
73   2.981285572052002
74   2.8608412742614746
75   2.6408677101135254
76   2.8376173973083496
77   4.379585266113281
78   3.966585874557495
79   3.4055323600769043
80   4.488855361938477
81   2.8121542930603027
82   4.044405460357666
83   3.227491855621338
84   2.736623525619507
85   3.138807773590088
86   3.5756168365478516
87   2.8726775646209717
88   3.185579776763916
89   2.1109113693237305
90   3.1629817485809326
91   2.3783328533172607
92   4.011057376861572
93   2.863886594772339
94   1.560296654701233
95   3.1740922927856445
96   2.6154303550720215
97   2.7631068229675293
98   2.710482120513916
99   2.4289345741271973
100   2.7114672660827637
101   1.8447505235671997
102   1.7392715215682983
103   3.234224557876587
104   4.888484477996826
105   3.5344765186309814
106   4.077133655548096
107   4.455405235290527
108   3.6773667335510254
109   5.049693584442139
110   5.190573215484619
111   4.004711151123047
112   4.344308376312256
113   3.934755325317383
114   4.479493141174316
115   4.164884090423584
116   4.1226420402526855
117   4.299060821533203
118   4.086941719055176
119   4.252553462982178
120   3.9138290882110596
121   4.38941764831543
122   3.418362855911255
123   3.0915777683258057
124   3.845991373062134
125   2.546743869781494
126   1.0137807130813599
127   2.0152416229248047
128   1.2805095911026
129   3.1875391006469727
130   3.3150315284729004
131   3.3084940910339355
132   2.1523492336273193
133   3.452265739440918
134   5.08536434173584
135   4.335550785064697
136   3.8853256702423096
137   3.959505081176758
138   4.712218761444092
139   3.743171453475952
140   3.5484580993652344
141   4.117656230926514
142   3.9533462524414063
143   3.876492500305176
144   3.634828567504883
145   3.847501277923584
146   2.4331154823303223
147   2.039790391921997
148   1.009579062461853
149   1.974045753479004
150   1.8573415279388428
151   2.733386993408203
152   4.5366411209106445
153   2.9324612617492676
154   5.6579179763793945
155   3.0996015071868896
156   4.4795966148376465
157   4.195377826690674
158   3.769503355026245
159   3.4424967765808105
160   3.519057273864746
