1   1.8052096366882324
2   1.8419471979141235
3   1.6791658401489258
4   1.5807267427444458
5   1.6651864051818848
6   1.6715320348739624
7   1.364397644996643
8   1.8366801738739014
9   1.8287330865859985
10   1.815605640411377
11   2.015721559524536
12   1.932437777519226
13   1.752046823501587
14   1.69664466381073
15   1.6948435306549072
16   1.7452863454818726
17   1.9250106811523438
18   1.7606384754180908
19   2.046593427658081
20   1.508176326751709
21   2.103909969329834
22   1.7665951251983643
23   1.9005235433578491
24   1.8789640665054321
25   1.5811991691589355
26   1.8897693157196045
27   1.6734509468078613
28   1.7183963060379028
29   1.9523990154266357
30   1.426358938217163
31   2.041166305541992
32   2.104325532913208
33   2.099606990814209
34   1.762699007987976
35   1.7234115600585938
36   1.7490278482437134
37   1.5971399545669556
38   1.7360090017318726
39   2.2418925762176514
40   2.267670154571533
41   2.1273770332336426
42   2.0461535453796387
43   2.080352783203125
44   2.322125196456909
45   2.3659465312957764
46   1.6228411197662354
47   1.985721468925476
48   1.994978666305542
49   2.04491925239563
50   1.716058611869812
51   1.9602771997451782
52   1.781032919883728
53   1.696571707725525
54   2.0406808853149414
55   1.7039237022399902
56   2.0853404998779297
57   2.101647138595581
58   2.1477181911468506
59   2.245590925216675
60   1.9569110870361328
61   2.0867204666137695
62   2.050741195678711
63   1.9984036684036255
64   2.023557186126709
65   1.9106351137161255
66   2.200766086578369
67   1.870443344116211
68   1.8564789295196533
69   2.115741014480591
70   2.0352087020874023
71   2.3039755821228027
72   2.350754737854004
73   2.2490434646606445
74   2.277863025665283
75   2.56290864944458
76   2.407454013824463
77   2.16174578666687
78   1.8975942134857178
79   1.6904075145721436
80   2.2828047275543213
81   1.5939706563949585
82   1.7310078144073486
83   1.6505995988845825
84   1.5421977043151855
85   1.8156239986419678
86   1.3990988731384277
87   1.8559054136276245
88   1.6880711317062378
89   1.8287761211395264
90   1.520857572555542
91   1.6352252960205078
92   1.798946738243103
93   2.0177483558654785
94   2.1907448768615723
95   2.0693652629852295
96   1.9469075202941895
97   1.9447033405303955
98   2.0728650093078613
99   2.0403976440429688
100   1.9752041101455688
101   1.852794885635376
102   2.6911284923553467
103   1.9670292139053345
104   2.232630729675293
105   1.9977861642837524
106   2.8153929710388184
107   2.187674045562744
108   2.097618818283081
109   2.5197222232818604
110   2.690836191177368
111   1.9292620420455933
112   2.005138397216797
113   2.0324552059173584
114   2.301363468170166
115   2.1627418994903564
116   2.21040415763855
117   2.306114912033081
118   2.2390246391296387
119   2.0948638916015625
120   2.0652077198028564
121   2.5230422019958496
122   1.967929720878601
123   1.9001712799072266
124   1.902560830116272
125   1.9669395685195923
126   2.120387315750122
127   1.7973817586898804
128   1.988613486289978
129   1.9770622253417969
130   1.995507836341858
131   1.8681285381317139
132   1.703757882118225
133   1.7932548522949219
134   2.2966251373291016
135   2.1847193241119385
136   1.9729955196380615
137   2.2020504474639893
138   2.1911633014678955
139   1.9738447666168213
140   2.0358898639678955
141   2.0586752891540527
142   1.928052306175232
143   2.0457937717437744
144   2.1677920818328857
145   2.285731554031372
146   1.8978831768035889
147   1.669192910194397
148   1.565482497215271
149   1.9401934146881104
150   1.6882468461990356
151   1.5827393531799316
152   1.7182427644729614
153   1.9821443557739258
154   2.717949390411377
155   1.9523820877075195
156   2.0821380615234375
157   2.3481032848358154
158   1.9273273944854736
159   1.6593842506408691
160   1.424993634223938
