1   1.368964672088623
2   1.285409927368164
3   1.3258973360061646
4   1.1573655605316162
5   1.1345384120941162
6   1.2530852556228638
7   1.3790361881256104
8   0.9401707053184509
9   1.1791844367980957
10   1.243131399154663
11   1.0983657836914063
12   1.4379521608352661
13   0.9647617340087891
14   1.063482642173767
15   1.2680848836898804
16   1.4340041875839233
17   1.0616358518600464
18   1.332074522972107
19   1.247550129890442
20   1.2429262399673462
21   1.4054265022277832
22   1.2410742044448853
23   1.4975072145462036
24   0.9821470975875854
25   1.1773477792739868
26   0.9716371893882751
27   1.4568157196044922
28   1.1315739154815674
29   1.508135199546814
30   1.667317509651184
31   1.3680596351623535
32   1.3941456079483032
33   1.188096284866333
34   1.455513596534729
35   1.3866939544677734
36   1.6071853637695313
37   1.542589783668518
38   1.0946584939956665
39   1.145411491394043
40   1.5479670763015747
41   1.0228502750396729
42   1.0003082752227783
43   1.4122707843780518
44   1.0461360216140747
45   1.2133934497833252
46   1.1398067474365234
47   1.4803282022476196
48   1.655639410018921
49   1.3471451997756958
50   0.8142929673194885
51   0.9656473398208618
52   1.3360860347747803
53   0.6891383528709412
54   1.419968605041504
55   1.1042060852050781
56   1.6133966445922852
57   1.1980881690979004
58   1.531693696975708
59   1.3982515335083008
60   1.1280217170715332
61   1.4094151258468628
62   1.2677348852157593
63   1.2294979095458984
64   1.2967115640640259
65   1.6625078916549683
66   0.8744385838508606
67   1.104557752609253
68   1.171731948852539
69   1.5719869136810303
70   1.9604475498199463
71   1.9085009098052979
72   1.885382056236267
73   1.381740689277649
74   1.1589065790176392
75   1.5944846868515015
76   1.3690851926803589
77   1.4292469024658203
78   1.4184430837631226
79   0.8698346614837646
80   0.8905004262924194
81   0.8909416794776917
82   1.7543038129806519
83   2.9755005836486816
84   1.2480792999267578
85   2.8932394981384277
86   1.4509755373001099
87   2.0114681720733643
88   2.281705141067505
89   2.396052837371826
90   1.8032888174057007
91   1.4237512350082397
92   0.7516264915466309
93   1.383467197418213
94   1.1545077562332153
95   0.5352784395217896
96   1.1813246011734009
97   0.9282572865486145
98   0.7519711852073669
99   0.9249094128608704
100   0.9163501262664795
101   0.7709113955497742
102   1.1431936025619507
103   1.2009855508804321
104   1.2374193668365479
105   0.8901360630989075
106   0.6931037306785583
107   0.959912896156311
108   1.3351774215698242
109   1.4284875392913818
110   1.1272212266921997
111   1.1286699771881104
112   0.8237876892089844
113   0.9170998334884644
114   1.4712433815002441
115   1.0141406059265137
116   0.6540334820747375
117   1.1691865921020508
118   1.08193039894104
119   1.4119150638580322
120   1.3658589124679565
121   1.3752726316452026
122   1.2805639505386353
123   1.1881002187728882
124   0.6982265114784241
125   1.4372249841690063
126   0.7131881713867188
127   1.5552030801773071
128   1.0666184425354004
129   1.0534679889678955
130   1.2883718013763428
131   1.2733045816421509
132   1.1669590473175049
133   1.041318655014038
134   1.1159192323684692
135   1.123896837234497
136   1.1271604299545288
137   1.1937850713729858
138   1.041711449623108
139   1.2564905881881714
140   0.9046804904937744
141   1.5294190645217896
142   1.1468830108642578
143   1.167199730873108
144   0.8902540802955627
145   1.2276215553283691
146   1.197878360748291
147   0.9434208273887634
148   0.8764767050743103
149   1.029528021812439
150   0.903953492641449
151   0.9472646117210388
152   1.0029703378677368
153   0.9068822860717773
154   1.1153284311294556
155   0.8976638317108154
156   1.057412028312683
157   1.028719425201416
158   1.0682873725891113
159   0.8975412845611572
160   1.0600537061691284
161   0.8813332319259644
162   1.3262462615966797
163   0.9581446051597595
164   1.103311538696289
