1   3.004690408706665
2   3.7212936878204346
3   4.372761249542236
4   2.7330141067504883
5   2.9619059562683105
6   3.1716089248657227
7   3.8363239765167236
8   2.944981098175049
9   3.4193036556243896
10   3.2778077125549316
11   2.7684690952301025
12   4.1206865310668945
13   3.915635108947754
14   2.563382387161255
15   3.5653793811798096
16   4.184039115905762
17   2.908057451248169
18   3.4978251457214355
19   3.261723279953003
20   3.2885279655456543
21   2.4608612060546875
22   3.101696252822876
23   3.982860803604126
24   3.14149808883667
25   3.2991225719451904
26   2.6486685276031494
27   3.406395196914673
28   2.119600534439087
29   4.876973628997803
30   4.531540393829346
31   3.6204676628112793
32   4.04585599899292
33   3.621673345565796
34   4.082077503204346
35   4.602452278137207
36   4.5879807472229
37   3.868942975997925
38   3.0176637172698975
39   3.0395355224609375
40   3.790067195892334
41   3.3164029121398926
42   3.679149627685547
43   3.293978691101074
44   2.874946355819702
45   3.8102951049804688
46   3.322582721710205
47   3.955225706100464
48   3.139888286590576
49   3.4231529235839844
50   3.426093578338623
51   2.7893288135528564
52   3.4190080165863037
53   3.2278733253479004
54   3.1648476123809814
55   2.4706759452819824
56   3.887136459350586
57   3.026731014251709
58   3.9207000732421875
59   3.044956922531128
60   3.4106152057647705
61   2.619946241378784
62   3.97788405418396
63   3.9774653911590576
64   3.4171736240386963
65   4.082625865936279
66   2.6177148818969727
67   3.707791328430176
68   4.10395622253418
69   3.9882664680480957
70   4.433104038238525
71   4.435390472412109
72   3.373575448989868
73   3.566957712173462
74   4.183363437652588
75   3.525322675704956
76   3.6116302013397217
77   3.3320250511169434
78   3.1225600242614746
79   3.0685231685638428
80   3.0961802005767822
81   2.811417818069458
82   3.4819982051849365
83   4.056232452392578
84   2.8049583435058594
85   2.662696123123169
86   3.162341833114624
87   2.7142231464385986
88   3.335000514984131
89   3.765976905822754
90   3.252925157546997
91   3.332333564758301
92   3.065913677215576
93   2.901876449584961
94   3.897623062133789
95   3.632659673690796
96   3.688619613647461
97   3.5011041164398193
98   2.548222780227661
99   3.5352888107299805
100   3.6228771209716797
101   2.4085254669189453
102   3.4954605102539063
103   3.1106626987457275
104   3.609622001647949
105   1.4629555940628052
106   1.9867424964904785
107   1.4371702671051025
108   1.099863052368164
109   1.5400367975234985
110   2.5295629501342773
111   1.4481972455978394
112   3.5844616889953613
113   2.639050006866455
114   3.828439474105835
115   4.081845283508301
116   3.2561707496643066
117   3.558284282684326
118   2.6709885597229004
119   2.3075029850006104
120   2.437117576599121
121   2.406965970993042
122   1.5361894369125366
123   2.7160909175872803
124   2.501481056213379
125   3.1070616245269775
126   2.495255947113037
127   1.7453161478042603
128   2.270247220993042
129   1.6287362575531006
130   2.3254916667938232
131   2.1875765323638916
132   2.293459177017212
133   1.7394908666610718
134   2.2537167072296143
135   1.8434089422225952
136   2.5218169689178467
137   3.650675058364868
138   4.473273754119873
139   3.628392457962036
140   3.7760376930236816
141   4.537890434265137
142   3.4971423149108887
143   3.5670454502105713
144   3.404616117477417
145   3.144657611846924
146   2.6333422660827637
147   2.670606851577759
148   2.757755756378174
149   3.369187116622925
150   3.4968819618225098
151   4.358495235443115
152   3.3689687252044678
153   3.3795015811920166
154   4.276470184326172
155   3.1836531162261963
156   3.7228844165802
157   3.0066733360290527
158   3.680446147918701
159   3.3161165714263916
160   2.896338701248169
161   3.4595770835876465
162   4.215351104736328
163   3.2606801986694336
164   3.1642582416534424
