1   4.293848037719727
2   4.785614967346191
3   5.35031795501709
4   5.5293474197387695
5   4.488668441772461
6   4.831054210662842
7   5.45237398147583
8   4.847573280334473
9   4.794924259185791
10   5.019161701202393
11   4.562137603759766
12   4.17442512512207
13   4.58371639251709
14   4.686196327209473
15   4.657590389251709
16   4.952615261077881
17   4.963087558746338
18   5.252981662750244
19   4.559080123901367
20   5.064408302307129
21   4.644185543060303
22   4.588343143463135
23   4.213086128234863
24   4.7637715339660645
25   4.772626876831055
26   4.561779499053955
27   3.9787700176239014
28   4.409555912017822
29   3.3623476028442383
30   4.387172222137451
31   5.419903755187988
32   5.515299320220947
33   4.324367523193359
34   4.72705602645874
35   6.22598123550415
36   4.323105812072754
37   4.1608405113220215
38   4.882050037384033
39   5.228357791900635
40   3.5141146183013916
41   3.1964452266693115
42   4.860538482666016
43   4.704824447631836
44   3.457252025604248
45   4.470963954925537
46   4.063141822814941
47   4.842534065246582
48   4.32220458984375
49   3.7894928455352783
50   5.132248878479004
51   4.667758941650391
52   4.9685587882995605
53   5.666018962860107
54   5.124755859375
55   4.847867012023926
56   4.44807243347168
57   4.451959133148193
58   4.4668779373168945
59   4.813787937164307
60   4.7800140380859375
61   4.834017276763916
62   4.205336093902588
63   4.286739826202393
64   4.476019859313965
65   4.817248344421387
66   4.43516206741333
67   5.051275730133057
68   3.5470752716064453
69   3.787930965423584
70   3.6708250045776367
71   4.660855293273926
72   4.34323263168335
73   4.210809230804443
74   3.0759873390197754
75   4.017321586608887
76   4.467000484466553
77   3.9332644939422607
78   4.03389835357666
79   4.59127950668335
80   4.169806957244873
81   3.363187789916992
82   4.18145227432251
83   4.203004837036133
84   4.447205066680908
85   4.682908535003662
86   4.240200996398926
87   4.267496585845947
88   3.7079410552978516
89   4.332787036895752
90   4.020953178405762
91   3.8148763179779053
92   3.6331398487091064
93   3.9317145347595215
94   3.479233741760254
95   3.7445414066314697
96   4.60565185546875
97   3.342111587524414
98   3.3866679668426514
99   4.045979976654053
100   3.8557779788970947
101   3.2738754749298096
102   2.8921825885772705
103   4.2048444747924805
104   3.761230230331421
105   3.1892096996307373
106   3.732804775238037
107   3.3333098888397217
108   2.766615629196167
109   2.050156831741333
110   3.517127513885498
111   3.7157318592071533
112   3.52681303024292
113   4.1614155769348145
114   3.9796411991119385
115   3.7458596229553223
116   4.9708967208862305
117   3.2423393726348877
118   4.2787017822265625
119   2.9407262802124023
120   3.8605329990386963
121   4.410578727722168
122   2.6571614742279053
123   4.875357627868652
124   4.661099910736084
125   2.9062607288360596
126   4.383408546447754
127   2.908346652984619
128   3.506864070892334
129   3.703906774520874
130   2.842568874359131
131   4.333769798278809
132   3.20354962348938
133   2.969449520111084
134   2.4705770015716553
135   2.211559772491455
136   3.3297901153564453
137   3.972728967666626
138   3.2089016437530518
139   2.7874457836151123
140   4.247626304626465
141   3.7515084743499756
142   3.5809786319732666
143   4.660029888153076
144   4.674079895019531
145   4.026597023010254
146   2.8762381076812744
147   3.3311283588409424
148   3.5836358070373535
149   4.080572128295898
150   4.444236755371094
151   4.6018781661987305
152   4.298591613769531
153   4.122565269470215
154   4.129561901092529
155   2.971832036972046
156   4.438315391540527
157   4.36014986038208
158   3.9636070728302
159   4.328902721405029
160   4.337746620178223
161   4.16520357131958
162   3.552799701690674
163   3.959174871444702
164   3.528581380844116
