1   1.8484296798706055
2   1.7088093757629395
3   2.063201904296875
4   1.9067058563232422
5   1.7375764846801758
6   1.7308932542800903
7   1.9503545761108398
8   1.7854602336883545
9   1.6648943424224854
10   1.5155667066574097
11   1.7690742015838623
12   1.9085991382598877
13   1.6277210712432861
14   1.46427321434021
15   1.6972136497497559
16   1.8477177619934082
17   1.6625523567199707
18   1.6495219469070435
19   1.5455032587051392
20   1.4995650053024292
21   1.7964216470718384
22   1.7334563732147217
23   1.9690766334533691
24   1.574501395225525
25   1.7087483406066895
26   1.5411708354949951
27   2.045327663421631
28   1.7384777069091797
29   1.7590943574905396
30   1.8910759687423706
31   1.773196816444397
32   1.6869596242904663
33   1.7244625091552734
34   2.032076358795166
35   1.8578237295150757
36   1.9954999685287476
37   1.6867557764053345
38   1.5613900423049927
39   1.6296042203903198
40   1.8388663530349731
41   1.6035187244415283
42   1.5648924112319946
43   1.6879942417144775
44   1.8214958906173706
45   1.397514820098877
46   1.7563507556915283
47   1.8712966442108154
48   1.5129055976867676
49   1.7253535985946655
50   1.573033094406128
51   1.623028039932251
52   2.0033793449401855
53   1.4076838493347168
54   1.671844244003296
55   1.468261480331421
56   1.5161242485046387
57   1.7305381298065186
58   1.582689642906189
59   1.655646800994873
60   1.6561552286148071
61   1.6233994960784912
62   1.8728312253952026
63   1.6294916868209839
64   1.4543960094451904
65   1.9327306747436523
66   1.5788089036941528
67   1.3322232961654663
68   1.630488634109497
69   1.592453956604004
70   2.142613172531128
71   1.8988986015319824
72   1.8925695419311523
73   1.4945857524871826
74   1.6643646955490112
75   1.7858930826187134
76   1.4937362670898438
77   1.3268376588821411
78   2.1595988273620605
79   1.626784324645996
80   1.8151962757110596
81   1.620658040046692
82   2.2223012447357178
83   2.3858766555786133
84   1.896154522895813
85   2.502721071243286
86   1.8694193363189697
87   1.8765878677368164
88   1.677162528038025
89   1.9257265329360962
90   2.1061718463897705
91   1.802828311920166
92   1.4868807792663574
93   2.2361717224121094
94   2.09899640083313
95   2.0562071800231934
96   2.202824354171753
97   1.8287076950073242
98   1.5391409397125244
99   1.612768530845642
100   1.7840955257415771
101   1.5976848602294922
102   1.955162525177002
103   1.7540115118026733
104   1.7506123781204224
105   1.8971697092056274
106   2.2351038455963135
107   2.2830069065093994
108   2.12955904006958
109   2.359968662261963
110   2.0505409240722656
111   1.9385157823562622
112   1.9493154287338257
113   1.928613543510437
114   1.9039167165756226
115   2.2735869884490967
116   1.9894239902496338
117   1.924703598022461
118   1.911243200302124
119   1.9235031604766846
120   2.2903757095336914
121   1.8615822792053223
122   1.8128308057785034
123   1.9037777185440063
124   1.576677680015564
125   2.1462738513946533
126   1.7753612995147705
127   2.111935615539551
128   1.6109741926193237
129   1.7052228450775146
130   2.1139156818389893
131   1.9233722686767578
132   1.7726467847824097
133   2.0257186889648438
134   1.8893704414367676
135   1.713906168937683
136   1.8736398220062256
137   1.9470595121383667
138   1.9088788032531738
139   1.708407998085022
140   1.8091448545455933
141   1.9927009344100952
142   1.4653350114822388
143   1.7505910396575928
144   1.7750599384307861
145   1.668438196182251
146   1.4836103916168213
147   1.705114722251892
148   1.525256872177124
149   1.4337102174758911
150   1.4409728050231934
151   1.6883424520492554
152   1.7443636655807495
153   1.7137115001678467
154   1.7295280694961548
155   1.6469587087631226
156   1.8338645696640015
157   1.716971755027771
158   1.621148943901062
159   1.5080554485321045
160   1.2808178663253784
161   1.4737703800201416
162   1.5805710554122925
163   1.6231820583343506
164   1.2960352897644043
