1   1.9320069551467896
2   1.856077790260315
3   2.3526930809020996
4   2.0483474731445313
5   1.9431040287017822
6   1.894453525543213
7   2.0016286373138428
8   1.9616456031799316
9   1.8450217247009277
10   1.6530860662460327
11   1.9514204263687134
12   1.865599274635315
13   1.6846656799316406
14   1.6450870037078857
15   1.8250410556793213
16   1.9574527740478516
17   1.6575433015823364
18   1.687506079673767
19   1.649692416191101
20   1.5681571960449219
21   1.97870934009552
22   1.906492829322815
23   1.993301510810852
24   1.6017286777496338
25   1.7518573999404907
26   1.6739370822906494
27   2.113193988800049
28   1.8093299865722656
29   1.850234031677246
30   1.9529297351837158
31   1.8134238719940186
32   1.795615553855896
33   1.7527238130569458
34   2.1548264026641846
35   1.9013508558273315
36   2.0309524536132813
37   1.7981326580047607
38   1.7334856986999512
39   1.777637004852295
40   1.8666695356369019
41   1.74592924118042
42   1.6929465532302856
43   1.8360750675201416
44   1.962923288345337
45   1.5299168825149536
46   1.930444598197937
47   2.0402767658233643
48   1.5786142349243164
49   1.848038911819458
50   1.7022647857666016
51   1.729659080505371
52   2.313936710357666
53   1.5443965196609497
54   1.752170205116272
55   1.6252683401107788
56   1.6000093221664429
57   1.8874421119689941
58   1.7053338289260864
59   1.829390287399292
60   1.7491326332092285
61   1.8011622428894043
62   1.9457374811172485
63   1.6666935682296753
64   1.590442419052124
65   1.9781343936920166
66   1.7533708810806274
67   1.432374358177185
68   1.7514156103134155
69   1.710363507270813
70   2.313807487487793
71   2.0052924156188965
72   2.0282201766967773
73   1.555357813835144
74   1.8157895803451538
75   1.9464894533157349
76   1.420469045639038
77   1.354364275932312
78   2.450509786605835
79   1.7700369358062744
80   1.979144811630249
81   1.7560158967971802
82   2.466254711151123
83   2.5907444953918457
84   2.076622486114502
85   2.7382290363311768
86   2.1301350593566895
87   1.964882731437683
88   1.8120063543319702
89   2.119619846343994
90   2.134413719177246
91   1.9769476652145386
92   1.6023141145706177
93   2.39180326461792
94   2.336003065109253
95   2.3532934188842773
96   2.445265054702759
97   1.9838982820510864
98   1.6791316270828247
99   1.783507227897644
100   2.005951404571533
101   1.6747020483016968
102   2.0237295627593994
103   1.9869641065597534
104   1.8832757472991943
105   2.116546869277954
106   2.4897921085357666
107   2.5151145458221436
108   2.210562229156494
109   2.486013889312744
110   2.3035471439361572
111   2.0885262489318848
112   2.188553810119629
113   2.204941511154175
114   1.9008169174194336
115   2.299210786819458
116   2.0803635120391846
117   1.9606103897094727
118   1.9761314392089844
119   1.9388614892959595
120   2.397510051727295
121   1.8979483842849731
122   1.7748335599899292
123   2.10967755317688
124   1.784922480583191
125   2.138336181640625
126   1.9294952154159546
127   2.240870714187622
128   1.6907731294631958
129   1.7939988374710083
130   2.2424700260162354
131   1.9710546731948853
132   1.846634030342102
133   2.1249191761016846
134   2.0029754638671875
135   1.7994402647018433
136   2.0007941722869873
137   1.9650063514709473
138   2.08846378326416
139   1.7207608222961426
140   1.9390853643417358
141   2.0828633308410645
142   1.4884010553359985
143   1.8170621395111084
144   1.8433215618133545
145   1.7181143760681152
146   1.556936264038086
147   1.8530542850494385
148   1.7198259830474854
149   1.5089521408081055
150   1.5400943756103516
151   1.7892045974731445
152   1.8025189638137817
153   1.7796443700790405
154   1.795083999633789
155   1.7946667671203613
156   2.047466278076172
157   1.7672863006591797
158   1.7118901014328003
159   1.6888741254806519
160   1.351106882095337
161   1.5587553977966309
162   1.6732587814331055
163   1.697752594947815
164   1.3159312009811401
