0   0.0
1   0.1706026941537857
2   0.264034241437912
3   0.1820020079612732
4   0.1903897076845169
5   0.17484596371650696
6   0.12284085154533386
7   0.2426719218492508
8   0.19641821086406708
9   0.2176624983549118
10   0.2782118022441864
11   0.5046973824501038
12   0.9102606773376465
13   1.0230357646942139
14   1.0398494005203247
15   1.380082130432129
16   1.5864301919937134
17   0.8879875540733337
18   1.6196846961975098
19   1.1170412302017212
20   1.3963662385940552
21   1.897882103919983
22   0.9845841526985168
23   1.4482678174972534
24   1.2690552473068237
25   1.4664254188537598
26   1.4379724264144897
27   1.2185457944869995
28   1.5162315368652344
29   1.2783809900283813
30   1.801721215248108
31   1.3282006978988647
32   1.6967949867248535
33   1.3030463457107544
34   0.9872845411300659
35   1.1464098691940308
36   1.14952552318573
37   1.3015058040618896
38   1.8115400075912476
39   0.9363447427749634
40   1.504602074623108
41   1.5089579820632935
42   1.8106114864349365
43   1.4143527746200562
44   1.9110040664672852
45   1.7605488300323486
46   1.6576826572418213
47   1.1514549255371094
48   0.9454049468040466
49   1.2260133028030396
50   1.0663799047470093
51   1.4545915126800537
52   1.2408125400543213
53   1.5465692281723022
54   1.2206979990005493
55   1.1163240671157837
56   1.0204144716262817
57   1.7251482009887695
58   1.4338217973709106
59   1.3318171501159668
60   1.320312261581421
61   1.3677867650985718
62   1.660942792892456
63   1.1846686601638794
64   1.3952956199645996
65   0.9983481764793396
66   1.5925579071044922
67   0.6148696541786194
68   1.7753220796585083
69   1.2924250364303589
70   1.5936943292617798
71   1.452177882194519
72   1.2539607286453247
73   1.586484670639038
74   1.7995210886001587
75   1.4961196184158325
76   1.1669350862503052
77   1.5575954914093018
78   1.5647591352462769
79   0.9224425554275513
80   1.3574120998382568
81   0.9539825320243835
82   1.1873964071273804
83   1.6787254810333252
84   1.97890305519104
85   1.2366958856582642
86   0.913653552532196
87   1.1040117740631104
88   1.1826025247573853
89   1.2340567111968994
90   1.5231742858886719
91   1.1640900373458862
92   2.0975406169891357
93   1.6800200939178467
94   1.574869990348816
95   0.9689902663230896
96   1.4508615732192993
97   1.575912594795227
98   1.2530094385147095
99   1.3928331136703491
100   1.4345405101776123
101   1.3232988119125366
102   1.314340353012085
103   1.490951418876648
104   1.526808261871338
105   1.4625357389450073
106   1.1142659187316895
107   1.8008203506469727
108   1.4641417264938354
109   1.4187992811203003
110   1.5249871015548706
111   1.551358699798584
112   1.610295295715332
113   1.1757750511169434
114   1.3018656969070435
115   1.6173676252365112
116   1.3734439611434937
117   1.2066954374313354
118   1.0617053508758545
119   1.521560788154602
120   1.9792979955673218
121   1.4119644165039063
122   1.3121442794799805
123   1.3319871425628662
124   2.054811954498291
125   1.035163164138794
126   1.2612700462341309
127   1.7598682641983032
128   1.758278250694275
129   1.0351654291152954
130   1.5143299102783203
131   1.5636298656463623
132   1.4369455575942993
133   1.1456899642944336
134   1.6403651237487793
135   1.8528844118118286
136   1.9584091901779175
137   1.9401021003723145
138   1.6808255910873413
139   2.042633533477783
140   1.5050644874572754
141   1.309112548828125
142   1.2651145458221436
143   1.2882460355758667
144   1.425614595413208
145   1.4513500928878784
146   1.6937963962554932
147   1.3491357564926147
148   1.9732624292373657
149   1.8071571588516235
150   1.5670747756958008
151   1.1337214708328247
152   2.1368470191955566
153   1.6129642724990845
154   1.6526126861572266
155   1.393064260482788
156   1.2742655277252197
157   1.2229915857315063
158   2.574953079223633
159   1.1354528665542603
160   2.5216901302337646
161   1.18906569480896
162   1.8525915145874023
163   1.3114550113677979
164   1.7236093282699585
165   2.1485400199890137
166   1.9578310251235962
167   1.3273794651031494
168   1.6392757892608643
169   0.8143512010574341
170   1.1961445808410645
171   1.320205807685852
172   1.4891477823257446
173   0.9759644269943237
174   0.7815608978271484
175   1.0356656312942505
176   0.7549744248390198
177   1.098562240600586
178   1.0360056161880493
179   0.9579315781593323
180   0.8029062151908875
181   0.8790488839149475
182   0.825499951839447
183   1.3484426736831665
184   0.8699251413345337
185   0.8609018921852112
186   0.6718810796737671
187   0.9574474692344666
188   1.3996695280075073
189   0.562123715877533
190   1.0493472814559937
191   1.540798544883728
192   1.2460631132125854
193   2.046273946762085
194   0.9536218047142029
195   1.3574556112289429
196   1.5788179636001587
197   0.9430244565010071
198   1.8117778301239014
199   1.3648271560668945
200   1.951210856437683
201   1.9354159832000732
202   1.5119026899337769
203   1.1622196435928345
204   1.7126491069793701
205   1.1933972835540771
206   1.2743245363235474
207   0.9588653445243835
208   0.8355245590209961
209   1.2055741548538208
210   1.922888159751892
211   1.4625321626663208
212   1.6342815160751343
213   1.5340410470962524
