0   0.0
1   1.4927880764007568
2   1.2774180173873901
3   1.32470703125
4   1.3694052696228027
5   1.4649953842163086
6   1.5422954559326172
7   1.2424196004867554
8   1.4914679527282715
9   1.5357229709625244
10   1.4216073751449585
11   1.6134697198867798
12   1.5878573656082153
13   1.984541893005371
14   3.807600736618042
15   2.9159581661224365
16   2.63342547416687
17   3.176117181777954
18   3.7893450260162354
19   2.9295456409454346
20   3.559361219406128
21   3.4856886863708496
22   3.5357730388641357
23   3.1180107593536377
24   3.4123611450195313
25   3.1993839740753174
26   3.8090994358062744
27   3.77524471282959
28   3.346954584121704
29   3.938170909881592
30   3.8881115913391113
31   3.0441079139709473
32   4.057913303375244
33   4.623163223266602
34   6.057320594787598
35   5.294929504394531
36   5.4766998291015625
37   5.184815406799316
38   4.2358198165893555
39   4.56295919418335
40   3.381546974182129
41   3.4053025245666504
42   3.4466748237609863
43   3.895559787750244
44   4.891600131988525
45   3.7067947387695313
46   4.546448230743408
47   3.7350282669067383
48   2.2911128997802734
49   2.141559362411499
50   0.8233843445777893
51   2.2374677658081055
52   3.145066022872925
53   3.1493561267852783
54   2.1898550987243652
55   2.7814362049102783
56   3.0878217220306396
57   5.213281154632568
58   3.111468553543091
59   3.186897039413452
60   2.997405529022217
61   3.1601603031158447
62   3.906421661376953
63   3.468601942062378
64   3.7073819637298584
65   4.258031368255615
66   4.201961994171143
67   3.1421241760253906
68   3.341242551803589
69   3.2623000144958496
70   4.922127723693848
71   3.9960362911224365
72   4.788070201873779
73   3.2206361293792725
74   3.529735565185547
75   3.382207155227661
76   4.5728654861450195
77   3.3751907348632813
78   4.173456192016602
79   3.9738962650299072
80   4.129157543182373
81   5.370121955871582
82   4.280674934387207
83   4.200608253479004
84   2.9358866214752197
85   3.9997620582580566
86   2.9835851192474365
87   4.172039031982422
88   4.504022121429443
89   3.9138333797454834
90   3.76279354095459
91   4.1001434326171875
92   4.002748966217041
93   4.448793888092041
94   3.4702048301696777
95   3.7927958965301514
96   4.198971271514893
97   3.7383573055267334
98   3.1757566928863525
99   4.383969306945801
100   3.325866460800171
101   3.620783805847168
102   3.8357975482940674
103   4.059470176696777
104   4.402063369750977
105   3.9094269275665283
106   3.4616429805755615
107   2.9759421348571777
108   4.662736415863037
109   3.136913537979126
110   4.913084506988525
111   4.325300693511963
112   4.331380367279053
113   3.6212124824523926
114   3.943568706512451
115   3.8450238704681396
116   3.4042346477508545
117   3.887946605682373
118   4.136871814727783
119   4.171819686889648
120   4.370635986328125
121   3.430192708969116
122   3.9035191535949707
123   4.5145344734191895
124   3.3413803577423096
125   3.483225107192993
126   3.8849124908447266
127   3.2866945266723633
128   4.291258811950684
129   4.584644794464111
130   3.9957778453826904
131   3.3802871704101563
132   3.3976736068725586
133   4.151913642883301
134   2.898305654525757
135   3.7713751792907715
136   2.8802406787872314
137   3.858581304550171
138   3.5884430408477783
139   3.7296793460845947
140   4.061519622802734
141   3.8300254344940186
142   5.133294105529785
143   2.966005802154541
144   3.2360498905181885
145   3.7196402549743652
146   3.3568601608276367
147   3.5473594665527344
148   4.883724689483643
149   2.563990592956543
150   4.5135884284973145
151   3.2565360069274902
152   4.1439995765686035
153   3.736140251159668
154   3.3115952014923096
155   3.8161377906799316
156   3.870486259460449
157   4.289705753326416
158   6.4622907638549805
159   3.7010862827301025
160   4.856579303741455
161   4.0428853034973145
162   4.071218967437744
163   3.8568387031555176
164   4.318380832672119
165   3.502410650253296
166   3.8770716190338135
167   4.1446123123168945
168   3.394376277923584
169   4.18157958984375
170   3.2499747276306152
171   2.8678622245788574
172   4.503061294555664
173   7.713749885559082
174   5.109699726104736
175   4.24875545501709
176   3.710613250732422
177   6.040463924407959
178   4.303084850311279
179   3.617755889892578
180   4.63418436050415
181   4.020369052886963
182   3.7108564376831055
183   4.939350128173828
184   3.756934404373169
185   4.7700042724609375
186   4.431909084320068
187   4.5361833572387695
188   3.7650351524353027
189   4.435295104980469
190   2.9828922748565674
191   4.379763603210449
192   2.880019426345825
193   4.314214706420898
194   3.527852773666382
195   3.808178663253784
196   4.174096584320068
197   3.8613414764404297
198   4.892260551452637
199   4.45689058303833
200   3.5942845344543457
201   4.4822611808776855
202   2.932828187942505
203   3.0664758682250977
204   2.3842647075653076
205   3.5393259525299072
206   3.8900434970855713
207   4.220590591430664
208   3.716808319091797
209   4.5127692222595215
210   3.306874990463257
211   3.719022035598755
212   3.4336788654327393
213   3.7962093353271484
