0   0.0
1   1.8581396341323853
2   2.12813401222229
3   1.772544503211975
4   2.1368772983551025
5   1.8852859735488892
6   1.5818365812301636
7   2.0130040645599365
8   2.0163075923919678
9   2.5576581954956055
10   2.5472421646118164
11   3.2533490657806396
12   3.728344202041626
13   4.0514235496521
14   5.6725358963012695
15   5.213545799255371
16   4.637450218200684
17   5.213761329650879
18   4.869516372680664
19   4.097684860229492
20   4.419559955596924
21   5.95016622543335
22   4.26789665222168
23   4.407007694244385
24   4.964125633239746
25   4.36945104598999
26   4.330578804016113
27   4.175839424133301
28   3.566972494125366
29   4.443914890289307
30   3.3360979557037354
31   4.144307613372803
32   3.5270004272460938
33   4.562495231628418
34   4.19060754776001
35   3.213176727294922
36   3.5700998306274414
37   3.6795735359191895
38   4.733309268951416
39   3.2749717235565186
40   3.687756299972534
41   3.9078738689422607
42   3.0202555656433105
43   4.34528112411499
44   3.3265459537506104
45   4.577826023101807
46   5.157341957092285
47   4.879528999328613
48   3.1434292793273926
49   3.1206471920013428
50   3.057589054107666
51   3.563436508178711
52   3.4770328998565674
53   4.2640790939331055
54   3.3426458835601807
55   4.15779972076416
56   4.436796188354492
57   3.9152350425720215
58   3.7162845134735107
59   3.599783420562744
60   3.9907302856445313
61   4.016756057739258
62   4.662670612335205
63   4.7926225662231445
64   4.029752731323242
65   4.375678062438965
66   4.559457778930664
67   4.040400981903076
68   4.401648044586182
69   3.665011167526245
70   4.325871467590332
71   3.626267671585083
72   3.740016460418701
73   4.448012351989746
74   3.4652884006500244
75   4.100566387176514
76   3.615478992462158
77   4.015043258666992
78   3.64194393157959
79   4.4428253173828125
80   3.5548095703125
81   3.959956169128418
82   4.3174662590026855
83   4.060265064239502
84   4.0342512130737305
85   4.124327182769775
86   4.003413200378418
87   3.9531424045562744
88   3.53550124168396
89   3.376143455505371
90   3.296504020690918
91   4.138594627380371
92   3.4107179641723633
93   3.1456286907196045
94   3.508673906326294
95   3.716566562652588
96   4.5076422691345215
97   3.9766643047332764
98   4.290459156036377
99   4.201165676116943
100   4.153383731842041
101   4.224733829498291
102   3.597485065460205
103   3.9528894424438477
104   3.1717772483825684
105   3.6379432678222656
106   3.5829880237579346
107   4.3940043449401855
108   4.202432632446289
109   3.3164632320404053
110   4.0017852783203125
111   4.0105462074279785
112   4.23828125
113   3.695322036743164
114   4.822583198547363
115   4.397010803222656
116   4.546731948852539
117   3.8938026428222656
118   3.9069838523864746
119   3.698859214782715
120   3.509711980819702
121   3.8824870586395264
122   3.8042044639587402
123   3.405815601348877
124   4.104901313781738
125   3.814234972000122
126   3.7497456073760986
127   3.9862489700317383
128   3.3606879711151123
129   3.982152223587036
130   4.073781967163086
131   4.032926559448242
132   2.960167407989502
133   3.87457537651062
134   3.0644736289978027
135   3.7373709678649902
136   5.079958915710449
137   2.7790451049804688
138   3.5321433544158936
139   3.8163981437683105
140   3.464761972427368
141   4.025767803192139
142   3.5255067348480225
143   4.894923210144043
144   2.9996464252471924
145   5.017962455749512
146   4.1301703453063965
147   5.0975260734558105
148   5.46255350112915
149   4.766246318817139
150   4.398987293243408
151   4.072470664978027
152   5.383074760437012
153   5.37843656539917
154   4.981907367706299
155   4.0696539878845215
156   5.82467794418335
157   3.9284093379974365
158   5.594244003295898
159   4.7797160148620605
160   4.803869724273682
161   4.514565944671631
162   4.84212064743042
163   4.087655067443848
164   5.076168060302734
165   4.841844081878662
166   4.38985013961792
167   4.399651527404785
168   3.4715497493743896
169   4.957942008972168
170   4.481400489807129
171   3.651459217071533
172   4.329215049743652
173   4.445506572723389
174   3.9723830223083496
175   4.435912609100342
176   3.501983404159546
177   4.465603828430176
178   4.289707183837891
179   3.666736602783203
180   4.4860029220581055
181   3.865945816040039
182   4.31251335144043
183   4.88071870803833
184   4.169733047485352
185   4.161926746368408
186   4.5456767082214355
187   4.329199314117432
188   3.9289841651916504
189   3.609046459197998
190   3.6103339195251465
191   5.116191387176514
192   3.9566633701324463
193   4.895925521850586
194   5.452817916870117
195   5.8649492263793945
196   4.913683891296387
197   4.220893859863281
198   4.63489294052124
199   5.194777488708496
200   4.368814945220947
201   4.1628522872924805
202   4.910226821899414
203   4.972650527954102
204   5.351395130157471
205   5.78607702255249
206   4.461865425109863
207   4.29890251159668
208   4.640625476837158
209   4.952939033508301
210   4.352002143859863
211   4.986814975738525
212   4.756246566772461
213   5.482037544250488
