0   0.0
1   0.19512900710105896
2   0.20151640474796295
3   0.20610804855823517
4   0.19290590286254883
5   0.19378498196601868
6   0.20699085295200348
7   0.18624979257583618
8   0.2073676437139511
9   0.23692141473293304
10   0.2728387415409088
11   0.4060164988040924
12   0.4919833242893219
13   1.0000500679016113
14   1.8799686431884766
15   1.5726279020309448
16   1.6941193342208862
17   1.803658127784729
18   1.8097317218780518
19   1.9357264041900635
20   2.116852045059204
21   2.2974581718444824
22   2.0319015979766846
23   1.5725270509719849
24   1.7704493999481201
25   1.781645655632019
26   1.808080792427063
27   1.7517374753952026
28   2.0736865997314453
29   1.7276973724365234
30   2.6618220806121826
31   2.5571093559265137
32   2.256061315536499
33   1.877530574798584
34   1.903287649154663
35   2.086202621459961
36   1.9828386306762695
37   2.2806365489959717
38   1.8881781101226807
39   2.147195816040039
40   2.1595029830932617
41   2.2458059787750244
42   2.3389639854431152
43   1.818177342414856
44   2.065769910812378
45   1.7586489915847778
46   1.7772393226623535
47   1.4451713562011719
48   1.4602512121200562
49   1.8802133798599243
50   2.37290620803833
51   1.6220952272415161
52   1.5468651056289673
53   1.9124665260314941
54   1.7369885444641113
55   1.7041242122650146
56   2.004988193511963
57   1.7693860530853271
58   2.578456401824951
59   2.188028335571289
60   2.3772354125976563
61   2.2041983604431152
62   2.2698023319244385
63   2.0433430671691895
64   1.9980494976043701
65   1.8727953433990479
66   2.0202436447143555
67   1.4557758569717407
68   2.269822597503662
69   1.8265489339828491
70   2.0402839183807373
71   2.1242051124572754
72   2.081157922744751
73   1.7736904621124268
74   2.39084529876709
75   2.1537435054779053
76   2.2500360012054443
77   2.4686696529388428
78   2.3146347999572754
79   2.050013303756714
80   2.347440004348755
81   1.9880214929580688
82   1.825218677520752
83   2.527714967727661
84   2.5416266918182373
85   2.191880226135254
86   1.531811237335205
87   2.059493064880371
88   1.9688280820846558
89   2.3491485118865967
90   2.2336158752441406
91   1.692749261856079
92   1.9667965173721313
93   1.802001714706421
94   2.0599114894866943
95   2.1871986389160156
96   2.0229218006134033
97   2.4841489791870117
98   2.0878093242645264
99   2.0592987537384033
100   2.358222484588623
101   1.8894160985946655
102   1.8506338596343994
103   2.294396162033081
104   2.234415054321289
105   1.7074761390686035
106   2.246081590652466
107   2.6116228103637695
108   1.874451994895935
109   2.36431622505188
110   2.420991897583008
111   2.163254976272583
112   2.3181912899017334
113   1.8045768737792969
114   2.0578317642211914
115   2.768850088119507
116   1.511722445487976
117   2.2554702758789063
118   1.922041416168213
119   2.1703226566314697
120   2.626230239868164
121   2.1348061561584473
122   2.1632299423217773
123   2.112917423248291
124   2.6529226303100586
125   1.7319186925888062
126   2.024315595626831
127   2.1282031536102295
128   2.2253546714782715
129   2.0725817680358887
130   2.0790107250213623
131   2.1406500339508057
132   2.5687143802642822
133   2.0208775997161865
134   2.0260250568389893
135   2.156832456588745
136   1.753377079963684
137   2.0318970680236816
138   2.5578484535217285
139   2.350451946258545
140   2.267944097518921
141   2.502026081085205
142   1.8696144819259644
143   1.3888615369796753
144   1.532230019569397
145   1.9323053359985352
146   2.129880428314209
147   2.1859939098358154
148   2.0682103633880615
149   1.9495166540145874
150   1.5499478578567505
151   2.0971531867980957
152   1.6646156311035156
153   1.8060486316680908
154   1.983062505722046
155   2.1030421257019043
156   1.8780993223190308
157   1.822376012802124
158   2.09495210647583
159   2.061448812484741
160   2.2547788619995117
161   1.8049207925796509
162   1.745324730873108
163   2.0826528072357178
164   1.6250327825546265
165   2.3565118312835693
166   2.5875391960144043
167   2.277021646499634
168   2.2668752670288086
169   1.726930856704712
170   2.0351150035858154
171   1.623154878616333
172   1.5960021018981934
173   2.018085479736328
174   1.8653392791748047
175   1.651448369026184
176   1.5748846530914307
177   2.199784755706787
178   1.8331973552703857
179   1.8451507091522217
180   2.0409154891967773
181   1.738458275794983
182   1.947961449623108
183   2.287595748901367
184   1.8495171070098877
185   2.037680149078369
186   1.9443681240081787
187   2.025712728500366
188   1.8686949014663696
189   1.793518304824829
190   1.6696585416793823
191   2.337475061416626
192   1.7820255756378174
193   2.0436861515045166
194   1.7049652338027954
195   1.7097586393356323
196   1.847155213356018
197   1.68618643283844
198   2.4531238079071045
199   1.8036184310913086
200   2.1031365394592285
201   2.5277798175811768
202   2.1920440196990967
203   2.0452725887298584
204   2.2433693408966064
205   1.9010035991668701
206   1.7691216468811035
207   1.9383766651153564
208   1.6639389991760254
209   1.704725980758667
210   1.5996583700180054
211   1.4604406356811523
212   2.212252378463745
213   1.6866365671157837
