0   0.0
1   0.20661768317222595
2   0.20682910084724426
3   0.20737744867801666
4   0.20889750123023987
5   0.20230185985565186
6   0.21530857682228088
7   0.20451970398426056
8   0.2130601555109024
9   0.25379884243011475
10   0.3014008402824402
11   0.4228711426258087
12   0.5645380020141602
13   1.0151102542877197
14   1.8022146224975586
15   1.4455914497375488
16   1.4935616254806519
17   1.6105395555496216
18   1.7310676574707031
19   1.7629133462905884
20   1.9956412315368652
21   2.1594395637512207
22   1.9099959135055542
23   1.4387285709381104
24   1.6551166772842407
25   1.7393380403518677
26   1.7096363306045532
27   1.6159515380859375
28   2.005657434463501
29   1.650854229927063
30   2.497616767883301
31   2.451786994934082
32   2.0976431369781494
33   1.7401875257492065
34   1.8402743339538574
35   2.023135185241699
36   1.9179214239120483
37   2.1646728515625
38   1.8151378631591797
39   1.9850767850875854
40   2.046968698501587
41   2.0508124828338623
42   2.1549391746520996
43   1.7580854892730713
44   1.9215344190597534
45   1.6371591091156006
46   1.6669028997421265
47   1.3505194187164307
48   1.517791986465454
49   1.9422776699066162
50   2.3049092292785645
51   1.7001923322677612
52   1.577672004699707
53   1.7470775842666626
54   1.716913104057312
55   1.6106699705123901
56   1.9327915906906128
57   1.7832722663879395
58   2.3415093421936035
59   2.1270253658294678
60   2.1724345684051514
61   2.0247719287872314
62   2.147874355316162
63   1.9493961334228516
64   1.8972471952438354
65   1.7834219932556152
66   1.881155252456665
67   1.324558138847351
68   2.0964646339416504
69   1.6977365016937256
70   1.9720176458358765
71   1.9707667827606201
72   1.9776811599731445
73   1.6276261806488037
74   2.2668793201446533
75   2.0368852615356445
76   2.119905471801758
77   2.4444687366485596
78   2.3170690536499023
79   2.069591522216797
80   2.3500258922576904
81   1.9986571073532104
82   1.8511065244674683
83   2.477668523788452
84   2.35722017288208
85   2.052445888519287
86   1.4357905387878418
87   1.9362837076187134
88   1.9053468704223633
89   2.224809169769287
90   2.078941583633423
91   1.6410353183746338
92   1.8919072151184082
93   1.671580195426941
94   1.9552658796310425
95   2.0860979557037354
96   1.8715647459030151
97   2.3018455505371094
98   2.032094717025757
99   1.95170259475708
100   2.147616147994995
101   1.7440969944000244
102   1.7064566612243652
103   2.158484935760498
104   2.1248412132263184
105   1.6188009977340698
106   2.0984766483306885
107   2.395125389099121
108   1.6925264596939087
109   2.1640334129333496
110   2.28124737739563
111   1.999616265296936
112   2.1731081008911133
113   1.713082194328308
114   1.9449682235717773
115   2.590027093887329
116   1.3964756727218628
117   2.080660343170166
118   1.8843718767166138
119   2.0380094051361084
120   2.5270965099334717
121   1.9518284797668457
122   2.0448391437530518
123   1.9945385456085205
124   2.4538588523864746
125   1.6453295946121216
126   1.9386473894119263
127   2.0282535552978516
128   2.0612189769744873
129   1.9071885347366333
130   1.973703384399414
131   2.065643548965454
132   2.340650796890259
133   1.8655545711517334
134   1.8788597583770752
135   1.9846922159194946
136   1.6848793029785156
137   1.8991621732711792
138   2.3398220539093018
139   2.241297960281372
140   2.0643019676208496
141   2.3661892414093018
142   1.916379451751709
143   1.2470046281814575
144   1.4467284679412842
145   1.7858449220657349
146   1.9305535554885864
147   1.95124089717865
148   1.922506332397461
149   1.8883159160614014
150   1.4355441331863403
151   2.009559154510498
152   1.6126837730407715
153   1.6511366367340088
154   1.906631350517273
155   1.960062861442566
156   1.699766755104065
157   1.724250078201294
158   1.9558091163635254
159   1.9028784036636353
160   2.1785950660705566
161   1.5897340774536133
162   1.5762802362442017
163   1.9353145360946655
164   1.592468023300171
165   2.2438182830810547
166   2.4429659843444824
167   2.1293675899505615
168   2.0141866207122803
169   1.593353033065796
170   1.905958890914917
171   1.5460995435714722
172   1.4726582765579224
173   1.9131895303726196
174   1.762416124343872
175   1.5131611824035645
176   1.5408546924591064
177   2.0593581199645996
178   1.6908046007156372
179   1.6753296852111816
180   1.8220922946929932
181   1.5897465944290161
182   1.7271863222122192
183   2.0684287548065186
184   1.6903387308120728
185   1.8612629175186157
186   1.720304250717163
187   1.8614412546157837
188   1.7488399744033813
189   1.7153241634368896
190   1.517426609992981
191   2.043379783630371
192   1.60758638381958
193   1.9789154529571533
194   1.5143195390701294
195   1.6324341297149658
196   1.7007124423980713
197   1.532260537147522
198   2.3787102699279785
199   1.648274540901184
200   1.9923431873321533
201   2.3660919666290283
202   2.0167720317840576
203   1.8815503120422363
204   2.1297061443328857
205   1.797663927078247
206   1.6697455644607544
207   1.7270264625549316
208   1.5210621356964111
209   1.5822526216506958
210   1.4688174724578857
211   1.3860417604446411
212   2.0943100452423096
213   1.5678378343582153
