1   1.6073508262634277
2   1.357296347618103
3   1.0896952152252197
4   1.3051502704620361
5   1.2269636392593384
6   1.2459040880203247
7   1.3665200471878052
8   1.2421613931655884
9   1.2133712768554688
10   1.2106940746307373
11   1.2814085483551025
12   1.265243649482727
13   1.6514548063278198
14   1.4443974494934082
15   1.4763106107711792
16   1.3899366855621338
17   1.3155155181884766
18   1.370518445968628
19   1.168351411819458
20   1.4621528387069702
21   1.4051144123077393
22   1.294714331626892
23   1.385133981704712
24   1.2990773916244507
25   1.6816734075546265
26   1.2034600973129272
27   1.1465325355529785
28   1.1910141706466675
29   1.4264843463897705
30   1.3372572660446167
31   1.54662024974823
32   1.3376368284225464
33   1.4929379224777222
34   1.3963426351547241
35   1.2009323835372925
36   1.3181147575378418
37   1.1480779647827148
38   1.3281131982803345
39   1.3368170261383057
40   1.1139861345291138
41   1.0848876237869263
42   1.1705424785614014
43   1.2983092069625854
44   1.2743420600891113
45   0.9862114191055298
46   1.298667311668396
47   0.9659289717674255
48   1.3323150873184204
49   1.0724338293075562
50   1.202087640762329
51   1.1399019956588745
52   1.3192719221115112
53   1.1367688179016113
54   1.0726869106292725
55   1.3627849817276
56   1.0486526489257813
57   1.1666748523712158
58   1.2918678522109985
59   0.8080575466156006
60   1.081297516822815
61   1.0062615871429443
62   1.4032882452011108
63   1.197250485420227
64   1.1844066381454468
65   1.4832267761230469
66   1.3468520641326904
67   1.0719561576843262
68   1.3982675075531006
69   1.3052161931991577
70   0.9315445423126221
71   1.5444022417068481
72   0.9982725381851196
73   1.3186862468719482
74   0.9776896238327026
75   1.8048001527786255
76   1.3866249322891235
77   1.107209324836731
78   1.5553611516952515
79   1.1430827379226685
80   1.2197905778884888
81   1.316904067993164
82   1.3417460918426514
83   1.3801345825195313
84   1.1788291931152344
85   1.4454636573791504
86   1.1984113454818726
87   1.2584623098373413
88   1.3341249227523804
89   1.0978171825408936
90   1.1904058456420898
91   1.2726255655288696
92   0.9960076212882996
93   1.1242148876190186
94   1.1910113096237183
95   1.1953773498535156
96   1.163226842880249
97   1.2911365032196045
98   0.8376783728599548
99   1.0004432201385498
100   0.9691314101219177
101   1.0876580476760864
102   1.2337796688079834
103   1.069861888885498
104   0.9364491701126099
105   1.1062891483306885
106   1.2604209184646606
107   1.2910997867584229
108   1.1662874221801758
109   0.9989252090454102
110   1.3098505735397339
111   1.0592342615127563
112   1.1868761777877808
113   1.0555857419967651
114   1.2439384460449219
115   1.1582794189453125
116   1.2079566717147827
117   0.8437564373016357
118   1.1520448923110962
119   1.2341179847717285
120   1.2511413097381592
121   1.0964828729629517
122   1.011325478553772
123   1.0236725807189941
124   1.221758484840393
125   1.0168430805206299
126   1.0016324520111084
127   1.4135864973068237
128   1.159643292427063
129   1.2907687425613403
130   1.3732792139053345
131   1.2783445119857788
132   1.1898326873779297
133   1.2758957147598267
134   1.2247295379638672
135   1.2165800333023071
136   0.9846792221069336
137   1.032702088356018
138   1.148560643196106
139   0.9968611598014832
140   1.1401368379592896
141   1.367775797843933
142   1.1380778551101685
143   1.1581071615219116
144   1.3115769624710083
145   1.2301082611083984
146   1.3691517114639282
147   1.2783559560775757
148   1.3548836708068848
149   1.254565954208374
150   1.3365064859390259
151   1.436187982559204
152   1.2008039951324463
153   1.3699854612350464
154   1.1127666234970093
155   1.1812349557876587
156   1.2754650115966797
157   1.1588400602340698
158   1.4465538263320923
159   1.1919727325439453
160   1.2060929536819458
