1   4.805201053619385
2   5.73291015625
3   4.247637748718262
4   5.342280864715576
5   5.090719223022461
6   5.755011558532715
7   5.177749156951904
8   5.874307632446289
9   5.492990016937256
10   4.903599739074707
11   4.516681671142578
12   5.306922435760498
13   4.320558071136475
14   3.803786039352417
15   2.975147008895874
16   3.351285457611084
17   4.266686916351318
18   4.5741424560546875
19   3.959923505783081
20   4.186966896057129
21   3.469731330871582
22   4.113292217254639
23   4.656492710113525
24   2.602492094039917
25   3.165874719619751
26   4.44109582901001
27   5.365437030792236
28   5.777221202850342
29   4.886788845062256
30   5.023621559143066
31   4.601705551147461
32   5.945781230926514
33   5.883265495300293
34   3.8006815910339355
35   4.526083946228027
36   5.062393665313721
37   5.844944000244141
38   5.266161918640137
39   5.785151481628418
40   6.346484661102295
41   4.766716480255127
42   5.609554767608643
43   5.859959602355957
44   5.833601951599121
45   5.6482367515563965
46   5.7968292236328125
47   5.971940040588379
48   5.529605388641357
49   6.110021591186523
50   5.761588096618652
51   3.9028215408325195
52   3.654130697250366
53   6.017587184906006
54   4.849420070648193
55   4.613176345825195
56   6.066349983215332
57   5.253500461578369
58   6.155585289001465
59   5.651671886444092
60   5.71018123626709
61   5.60507345199585
62   5.720691680908203
63   4.864376544952393
64   5.121933937072754
65   6.533831596374512
66   6.09581184387207
67   5.692468643188477
68   5.5607523918151855
69   6.322441577911377
70   4.598168849945068
71   3.233996868133545
72   6.617868900299072
73   7.046626091003418
74   6.646482467651367
75   6.402742385864258
76   6.3104753494262695
77   5.60410737991333
78   4.608689308166504
79   5.785861015319824
80   3.9254708290100098
81   4.821356296539307
82   4.789434432983398
83   3.126844882965088
84   3.9570744037628174
85   3.321221113204956
86   3.1359448432922363
87   3.826068162918091
88   4.261632442474365
89   4.463830471038818
90   4.7546305656433105
91   4.50418758392334
92   4.5546956062316895
93   4.879126071929932
94   4.7120256423950195
95   5.289572715759277
96   4.229659080505371
97   4.441767692565918
98   3.8259990215301514
99   4.365259170532227
100   4.740882873535156
101   3.5895910263061523
102   5.277958869934082
103   4.754480838775635
104   4.538599967956543
105   4.6959309577941895
106   3.353515863418579
107   2.68613338470459
108   2.2650809288024902
109   3.6942343711853027
110   3.35642147064209
111   3.23254132270813
112   3.992830514907837
113   3.9865338802337646
114   4.028534889221191
115   3.319370746612549
116   4.284152030944824
117   4.5160932540893555
118   4.039124965667725
119   4.232454776763916
120   3.684910535812378
121   4.084264278411865
122   4.07546854019165
123   3.791916608810425
124   3.1445281505584717
125   3.939301013946533
126   4.028553485870361
127   3.7970199584960938
128   3.8192739486694336
129   4.566131591796875
130   4.0087151527404785
131   3.9610512256622314
132   4.207852363586426
133   2.9449827671051025
134   3.2080934047698975
135   3.072718381881714
136   4.661048889160156
137   4.105221748352051
138   4.3711137771606445
139   4.387592792510986
140   4.428149700164795
141   4.0698018074035645
142   3.915883779525757
143   4.830965518951416
144   5.149844169616699
145   4.4820356369018555
146   4.767190456390381
147   4.639312267303467
148   4.318418979644775
149   4.787079811096191
150   5.135397434234619
151   5.150373458862305
152   4.871005535125732
153   4.611139297485352
154   4.946674823760986
155   4.302177906036377
156   4.4676594734191895
157   4.907602310180664
158   3.671081781387329
159   4.761951446533203
160   4.316744327545166
