1   2.124789237976074
2   1.9996755123138428
3   1.7986050844192505
4   1.9405676126480103
5   2.0256683826446533
6   2.184117317199707
7   2.001786708831787
8   1.6515631675720215
9   1.930790901184082
10   1.513445258140564
11   1.7041494846343994
12   1.6923774480819702
13   1.7510312795639038
14   1.8121486902236938
15   2.7546653747558594
16   2.306821584701538
17   2.042729377746582
18   2.068392753601074
19   2.167658567428589
20   2.26487398147583
21   2.3466439247131348
22   1.967374324798584
23   1.9074811935424805
24   1.6536837816238403
25   2.207298517227173
26   1.9755969047546387
27   1.6673914194107056
28   1.8306959867477417
29   2.481706380844116
30   1.6959445476531982
31   2.1328511238098145
32   1.7749085426330566
33   2.0149552822113037
34   2.0043845176696777
35   1.7953648567199707
36   1.9269424676895142
37   1.936427354812622
38   2.2277889251708984
39   2.2045984268188477
40   1.5454143285751343
41   1.9704548120498657
42   1.814612627029419
43   1.941910743713379
44   1.931364893913269
45   1.8644421100616455
46   1.9566142559051514
47   2.0565707683563232
48   1.953633189201355
49   2.01880145072937
50   2.171621561050415
51   2.1838746070861816
52   1.971816897392273
53   1.7386491298675537
54   1.7770600318908691
55   1.993680477142334
56   1.9391716718673706
57   1.806938886642456
58   1.954581379890442
59   1.9295843839645386
60   1.956235408782959
61   1.6823534965515137
62   2.28122878074646
63   2.0303211212158203
64   2.056384563446045
65   2.2597994804382324
66   2.1703073978424072
67   1.944749355316162
68   2.3024990558624268
69   1.9966416358947754
70   1.9290448427200317
71   2.362656831741333
72   2.4507620334625244
73   2.2699549198150635
74   2.7109384536743164
75   2.1482815742492676
76   2.1096391677856445
77   2.2937026023864746
78   2.036242961883545
79   2.560041666030884
80   2.413713216781616
81   2.2800071239471436
82   1.7295016050338745
83   1.8706575632095337
84   2.303581476211548
85   2.2404403686523438
86   2.103464126586914
87   2.1438605785369873
88   2.3434829711914063
89   1.6747792959213257
90   2.0773065090179443
91   2.0657405853271484
92   2.2514050006866455
93   2.116611957550049
94   2.6388843059539795
95   2.1487672328948975
96   2.1162490844726563
97   1.9630454778671265
98   1.8473327159881592
99   2.2591018676757813
100   2.1282968521118164
101   2.124650239944458
102   1.8605798482894897
103   1.9237581491470337
104   1.9315513372421265
105   2.0882301330566406
106   1.6915862560272217
107   2.0380115509033203
108   1.9595563411712646
109   1.886543869972229
110   1.6214133501052856
111   1.8772414922714233
112   1.8824657201766968
113   1.691175937652588
114   1.874125599861145
115   1.6355541944503784
116   1.6049244403839111
117   1.7459933757781982
118   1.8112040758132935
119   1.843045949935913
120   1.853677749633789
121   1.9012362957000732
122   1.640283226966858
123   1.5935896635055542
124   1.7732994556427002
125   1.6806268692016602
126   1.7176153659820557
127   1.9539830684661865
128   1.8913158178329468
129   1.7897546291351318
130   1.6241719722747803
131   1.8073829412460327
132   1.724413514137268
133   1.7143256664276123
134   1.823622703552246
135   2.0968964099884033
136   1.6446864604949951
137   1.718117117881775
138   1.8406615257263184
139   1.786794900894165
140   2.0188698768615723
141   1.8116806745529175
142   1.6102404594421387
143   1.6248095035552979
144   1.4404512643814087
145   1.9211534261703491
146   1.7140874862670898
147   1.6988043785095215
148   1.913978934288025
149   1.6590274572372437
150   2.054823398590088
151   1.8272355794906616
152   1.6070259809494019
153   1.9937587976455688
154   1.7929515838623047
155   1.6045867204666138
156   1.7366011142730713
157   1.5534675121307373
158   1.8542110919952393
159   1.7174359560012817
160   1.9364104270935059
