1   4.417126655578613
2   4.2596354484558105
3   5.6008477210998535
4   5.071022033691406
5   4.189210891723633
6   4.18347692489624
7   4.819665908813477
8   3.7151060104370117
9   4.193010330200195
10   4.280038356781006
11   4.874030590057373
12   5.0133819580078125
13   5.791074752807617
14   6.068578243255615
15   6.017746448516846
16   5.010856628417969
17   5.774017810821533
18   5.825906276702881
19   6.015315055847168
20   4.781291961669922
21   5.9569172859191895
22   4.202808380126953
23   5.398326873779297
24   5.057802677154541
25   5.15744686126709
26   5.778951644897461
27   5.134685039520264
28   3.929063320159912
29   3.149617910385132
30   2.6474814414978027
31   3.0196282863616943
32   2.9015486240386963
33   3.9219117164611816
34   4.0086669921875
35   3.2899065017700195
36   4.276074409484863
37   3.5644898414611816
38   4.3882060050964355
39   4.970383644104004
40   4.558624744415283
41   4.4029107093811035
42   3.041612148284912
43   4.25609016418457
44   4.933925151824951
45   5.251047611236572
46   4.905522346496582
47   5.053564071655273
48   3.9271507263183594
49   4.349126815795898
50   4.545923233032227
51   4.14218282699585
52   4.537631988525391
53   4.3778076171875
54   4.4053754806518555
55   4.1042585372924805
56   4.522727012634277
57   4.713962078094482
58   4.734818458557129
59   5.275691986083984
60   5.36970329284668
61   4.94602632522583
62   4.059225559234619
63   3.7819266319274902
64   5.588006496429443
65   4.123701572418213
66   4.181369781494141
67   4.786904811859131
68   4.350719451904297
69   4.882164478302002
70   4.59034538269043
71   3.9999868869781494
72   4.9793009757995605
73   3.7223033905029297
74   4.445585250854492
75   4.366011619567871
76   4.835798740386963
77   4.526627063751221
78   5.6385273933410645
79   4.098318099975586
80   4.367124557495117
81   4.404358863830566
82   5.2891154289245605
83   4.358356475830078
84   4.587092876434326
85   4.456133842468262
86   4.403024196624756
87   4.2270965576171875
88   4.760447025299072
89   3.7687227725982666
90   3.7109858989715576
91   4.469853401184082
92   4.340752124786377
93   4.764037609100342
94   4.794888973236084
95   4.455007076263428
96   5.156593322753906
97   6.6317267417907715
98   5.736818313598633
99   4.944051265716553
100   5.220494270324707
101   5.1161041259765625
102   4.0066237449646
103   4.951873302459717
104   5.010802268981934
105   5.312546253204346
106   4.724206924438477
107   4.879065990447998
108   3.249683141708374
109   4.904799938201904
110   4.985058784484863
111   4.040724277496338
112   3.9375247955322266
113   6.124736309051514
114   3.7989485263824463
115   3.9986634254455566
116   5.008100986480713
117   4.1707940101623535
118   4.154199123382568
119   3.8004066944122314
120   4.2873759269714355
121   3.7975988388061523
122   4.968760967254639
123   4.627344608306885
124   3.3772261142730713
125   4.190160274505615
126   3.866170883178711
127   3.123682737350464
128   3.9957573413848877
129   3.3354389667510986
130   4.081989765167236
131   3.9470200538635254
132   3.5947673320770264
133   4.373159885406494
134   4.713261127471924
135   4.415788650512695
136   3.5590038299560547
137   3.618622064590454
138   3.800414562225342
139   4.392700672149658
140   3.555692672729492
141   5.487946033477783
142   5.921605110168457
143   4.034348011016846
144   4.383727073669434
145   4.663375377655029
146   4.702672958374023
147   5.258120536804199
148   4.763715744018555
149   4.879100322723389
150   5.259201526641846
151   5.520219802856445
152   4.356119155883789
153   4.575300693511963
154   3.4510796070098877
155   4.6644816398620605
156   4.1530890464782715
157   5.072281837463379
158   4.095016002655029
159   5.310971736907959
160   4.196983337402344
161   4.867580890655518
162   4.647507667541504
163   4.7903547286987305
164   5.804399490356445
