1   3.6672964096069336
2   3.078934669494629
3   3.5410890579223633
4   3.209486961364746
5   4.025411128997803
6   3.340665578842163
7   3.3260722160339355
8   4.752857208251953
9   4.9157185554504395
10   3.3376405239105225
11   3.610166311264038
12   4.838593006134033
13   4.382567882537842
14   4.174249649047852
15   3.538464069366455
16   5.126538276672363
17   4.054938316345215
18   4.939293384552002
19   5.337458610534668
20   4.259742259979248
21   3.829848527908325
22   4.138627529144287
23   3.9956486225128174
24   3.866745710372925
25   3.2200915813446045
26   4.361832618713379
27   4.197258949279785
28   4.259923934936523
29   2.6956124305725098
30   4.126519203186035
31   3.416276454925537
32   2.080028533935547
33   4.234496593475342
34   4.30094051361084
35   4.380328178405762
36   5.44959831237793
37   3.7424919605255127
38   4.168252468109131
39   4.469253063201904
40   3.4079782962799072
41   4.108321666717529
42   3.38130521774292
43   2.6748836040496826
44   3.282435417175293
45   4.263829231262207
46   4.414039611816406
47   4.010974407196045
48   2.958326578140259
49   3.4261667728424072
50   3.5332438945770264
51   3.5343713760375977
52   5.224040508270264
53   3.3859376907348633
54   3.3675551414489746
55   3.9878318309783936
56   2.771726608276367
57   3.481360673904419
58   7.309393405914307
59   7.210102558135986
60   3.7672042846679688
61   3.0054550170898438
62   3.2575840950012207
63   3.21962571144104
64   3.9683187007904053
65   3.4940741062164307
66   3.5408003330230713
67   3.9256434440612793
68   3.283308506011963
69   4.043316841125488
70   3.7978973388671875
71   3.655276298522949
72   3.358870029449463
73   3.3489041328430176
74   4.166341304779053
75   4.344970703125
76   4.7349042892456055
77   4.096684455871582
78   4.1285200119018555
79   3.7549097537994385
80   4.520992279052734
81   3.670109272003174
82   3.169093370437622
83   3.5859055519104004
84   4.009098052978516
85   3.867870807647705
86   3.6784615516662598
87   3.439737319946289
88   3.4419538974761963
89   3.779198169708252
90   3.278839588165283
91   5.4785261154174805
92   5.062324523925781
93   4.207010269165039
94   4.239105224609375
95   3.061908721923828
96   4.075257301330566
97   4.075594425201416
98   3.9078562259674072
99   3.9698476791381836
100   4.198848247528076
101   4.422231674194336
102   3.7276148796081543
103   4.666287422180176
104   5.541621208190918
105   3.58823561668396
106   4.443711757659912
107   3.106510639190674
108   3.3613741397857666
109   3.532454252243042
110   3.333118438720703
111   4.358575820922852
112   3.441559314727783
113   4.769212245941162
114   3.0946907997131348
115   3.3599355220794678
116   3.827854633331299
117   3.3830621242523193
118   3.3362112045288086
119   4.851530075073242
120   4.514389991760254
121   3.1499183177948
122   5.069031238555908
123   4.202621936798096
124   2.528452157974243
125   2.743021011352539
126   3.020465850830078
127   2.4923908710479736
128   2.9972259998321533
129   2.726196527481079
130   3.4965593814849854
131   3.3369829654693604
132   3.249502182006836
133   4.401983737945557
134   4.144907474517822
135   4.197509288787842
136   4.062653064727783
137   4.276120662689209
138   4.126162528991699
139   3.7714288234710693
140   3.4951324462890625
141   3.688211679458618
142   3.3681600093841553
143   3.8499090671539307
144   3.969362735748291
145   3.7476367950439453
146   3.1514241695404053
147   3.2709872722625732
148   3.7271921634674072
149   3.8686342239379883
150   3.6487538814544678
151   4.426052570343018
152   3.8366811275482178
153   3.477065324783325
154   2.9165830612182617
155   4.005113124847412
156   3.2210187911987305
157   4.300776958465576
158   4.627298831939697
159   4.282059669494629
160   4.283590316772461
161   4.969109535217285
162   6.391513824462891
163   5.326274871826172
164   4.0498366355896
