1   1.873586893081665
2   1.9352844953536987
3   1.8273730278015137
4   1.659912109375
5   1.506049633026123
6   1.7870473861694336
7   1.6929734945297241
8   2.141691207885742
9   1.883960247039795
10   1.714442491531372
11   1.8245923519134521
12   1.7360329627990723
13   2.063032627105713
14   1.775337815284729
15   1.9296070337295532
16   2.1433699131011963
17   1.6642241477966309
18   1.5611037015914917
19   1.884674072265625
20   1.861104130744934
21   1.6394730806350708
22   2.05973744392395
23   1.6244794130325317
24   1.64812433719635
25   1.551547884941101
26   1.8648252487182617
27   1.826605200767517
28   2.292393684387207
29   1.539628267288208
30   1.9091020822525024
31   1.6004866361618042
32   1.7985926866531372
33   1.6752015352249146
34   1.494556188583374
35   1.8431397676467896
36   2.0473427772521973
37   1.720915675163269
38   1.9454983472824097
39   1.8236008882522583
40   1.6520376205444336
41   1.968155860900879
42   1.6407791376113892
43   1.7195605039596558
44   1.4278275966644287
45   1.6347614526748657
46   1.8601654767990112
47   1.7894434928894043
48   1.725337028503418
49   1.5669077634811401
50   1.795565128326416
51   1.6828263998031616
52   1.9185378551483154
53   1.8416213989257813
54   1.8368436098098755
55   1.9355225563049316
56   1.6569339036941528
57   1.563854455947876
58   1.7418791055679321
59   2.169288396835327
60   1.6336314678192139
61   1.5566785335540771
62   2.1031432151794434
63   1.712958812713623
64   1.4468423128128052
65   1.9059488773345947
66   1.715407133102417
67   1.5698531866073608
68   1.6825287342071533
69   1.7094241380691528
70   1.2704006433486938
71   1.8580766916275024
72   1.7391356229782104
73   2.026033878326416
74   1.624362826347351
75   1.8769642114639282
76   1.7648745775222778
77   1.9961774349212646
78   1.8656128644943237
79   1.6075657606124878
80   1.5743765830993652
81   1.6370960474014282
82   2.1035497188568115
83   1.6693198680877686
84   1.6700778007507324
85   1.7778018712997437
86   1.7262619733810425
87   1.5840353965759277
88   1.8172434568405151
89   1.6192409992218018
90   1.708777904510498
91   1.768776297569275
92   1.7917574644088745
93   1.5790057182312012
94   1.5732474327087402
95   1.714805245399475
96   1.5201588869094849
97   1.8556889295578003
98   1.6774307489395142
99   1.6728243827819824
100   1.8093703985214233
101   1.6667864322662354
102   1.7133898735046387
103   1.7638169527053833
104   1.8214402198791504
105   1.8166309595108032
106   1.4193425178527832
107   1.6239005327224731
108   2.175330877304077
109   1.775681972503662
110   2.0380849838256836
111   1.7160848379135132
112   1.712998390197754
113   1.7350186109542847
114   1.6482012271881104
115   1.8661986589431763
116   1.585878849029541
117   1.4440128803253174
118   1.742646336555481
119   1.7400928735733032
120   1.6123422384262085
121   1.976881504058838
122   1.6988613605499268
123   1.6259562969207764
124   1.4166147708892822
125   1.451346755027771
126   1.6529027223587036
127   1.867019772529602
128   1.5174882411956787
129   2.3324127197265625
130   1.7484644651412964
131   2.041402816772461
132   2.243352174758911
133   1.902405858039856
134   1.834977388381958
135   1.9903982877731323
136   2.068509817123413
137   2.119997501373291
138   1.8028157949447632
139   1.789097785949707
140   1.6571203470230103
141   2.0440218448638916
142   1.6243888139724731
143   1.8455910682678223
144   1.6981478929519653
145   1.7890441417694092
146   1.7391847372055054
147   1.8185303211212158
148   1.6241554021835327
149   1.6510753631591797
150   1.6307744979858398
151   1.6827590465545654
152   1.5967320203781128
153   1.9332889318466187
154   1.833537220954895
155   1.6030267477035522
156   1.697840929031372
157   1.6004427671432495
158   1.8187750577926636
159   1.7970882654190063
160   1.7786837816238403
161   1.9092007875442505
162   1.8970197439193726
163   1.7798742055892944
164   1.8056141138076782
