0   15.798117637634277
1   15.789700508117676
2   15.81274127960205
3   15.815550804138184
4   15.80355453491211
5   15.791431427001953
6   15.809030532836914
7   15.793852806091309
8   15.792901039123535
9   15.801162719726563
10   15.808680534362793
11   15.763786315917969
12   15.707535743713379
13   15.832969665527344
14   15.933252334594727
15   15.382180213928223
16   15.567416191101074
17   15.375713348388672
18   15.351898193359375
19   15.493565559387207
20   15.577287673950195
21   15.568635940551758
22   15.59599494934082
23   15.56478214263916
24   15.587570190429688
25   15.455121040344238
26   15.576188087463379
27   15.345888137817383
28   15.753951072692871
29   15.713258743286133
30   15.443502426147461
31   15.568775177001953
32   15.36445426940918
33   15.297144889831543
34   15.488369941711426
35   15.299768447875977
36   15.745426177978516
37   15.724349975585938
38   15.678226470947266
39   15.464760780334473
40   15.752752304077148
41   15.546971321105957
42   15.498712539672852
43   15.563365936279297
44   15.596674919128418
45   15.762175559997559
46   15.852495193481445
47   15.397933959960938
48   15.474533081054688
49   15.839935302734375
50   15.628108024597168
51   15.781362533569336
52   16.01067543029785
53   15.448661804199219
54   15.653268814086914
55   15.786162376403809
56   15.690462112426758
57   15.472749710083008
58   15.73796558380127
59   15.490715026855469
60   15.528302192687988
61   15.397299766540527
62   15.8773832321167
63   15.960609436035156
64   15.679403305053711
65   15.685674667358398
66   15.509503364562988
67   15.451895713806152
68   15.485065460205078
69   15.7654390335083
70   15.502950668334961
71   15.699884414672852
72   15.46483325958252
73   15.483999252319336
74   15.5232515335083
75   15.580796241760254
76   15.815258979797363
77   15.420589447021484
78   15.77637004852295
79   15.692289352416992
80   15.561050415039063
81   15.467927932739258
82   15.585450172424316
83   15.353780746459961
84   15.208101272583008
85   15.44773006439209
86   15.433268547058105
87   15.60109806060791
88   15.714232444763184
89   15.568619728088379
90   15.38567066192627
91   15.405163764953613
92   15.44749927520752
93   15.410394668579102
94   15.37026309967041
95   15.782546043395996
96   15.561713218688965
97   15.357802391052246
98   15.615108489990234
99   15.756400108337402
100   15.66816520690918
101   15.537880897521973
102   15.406064987182617
103   15.625475883483887
104   15.58287239074707
105   15.464537620544434
106   15.633336067199707
107   15.607389450073242
108   15.743819236755371
109   15.360097885131836
110   15.525776863098145
111   15.827194213867188
112   15.794832229614258
113   15.564094543457031
114   15.613022804260254
115   15.616600036621094
116   15.600665092468262
117   15.65351676940918
118   15.763859748840332
119   15.568984985351563
120   15.610973358154297
121   15.479114532470703
122   15.465764045715332
123   15.40251350402832
124   15.389863014221191
125   15.640995979309082
126   15.770145416259766
127   15.733514785766602
128   15.672996520996094
129   15.771037101745605
130   15.364203453063965
131   15.736933708190918
132   15.577756881713867
133   15.657795906066895
134   15.464156150817871
135   15.865978240966797
136   15.612980842590332
137   15.678242683410645
138   15.551139831542969
139   15.652534484863281
140   15.610221862792969
141   15.430280685424805
142   15.326018333435059
143   15.42386245727539
144   15.501069068908691
145   15.656847953796387
146   15.833816528320313
147   15.756595611572266
148   15.50369930267334
149   15.55010986328125
150   15.622245788574219
151   15.56386947631836
152   15.465776443481445
153   15.633807182312012
154   15.538077354431152
155   15.60567569732666
156   15.528304100036621
157   15.547880172729492
158   15.460874557495117
159   15.7483491897583
160   15.651032447814941
161   15.790249824523926
162   15.46130657196045
163   15.511691093444824
164   15.822312355041504
165   15.6458740234375
166   15.832926750183105
167   15.488353729248047
168   15.42679500579834
169   15.555560111999512
170   15.356221199035645
171   15.769723892211914
172   15.418537139892578
173   15.773933410644531
174   15.537191390991211
175   15.640464782714844
176   15.597344398498535
177   15.655360221862793
178   15.981233596801758
179   15.799332618713379
180   15.566889762878418
181   15.814041137695313
182   15.513589859008789
183   15.70324993133545
184   15.390410423278809
185   15.601003646850586
186   15.523152351379395
187   15.434731483459473
188   15.613966941833496
189   15.74680233001709
190   15.649471282958984
191   15.492366790771484
192   15.665389060974121
193   15.593143463134766
194   15.90903091430664
195   15.504761695861816
196   15.522296905517578
197   15.687055587768555
198   15.783109664916992
199   15.467813491821289
200   15.615750312805176
201   15.45545768737793
202   15.648833274841309
203   15.508564949035645
204   15.616019248962402
205   15.60241413116455
206   15.626615524291992
207   15.546022415161133
208   15.62983512878418
209   15.56242847442627
210   15.487995147705078
211   15.442606925964355
212   15.700019836425781
213   15.575754165649414
