1   15.509045600891113
2   15.524155616760254
3   15.822405815124512
4   15.659394264221191
5   15.597670555114746
6   15.731949806213379
7   15.42587947845459
8   15.383127212524414
9   15.57664966583252
10   15.729965209960938
11   15.476177215576172
12   15.548582077026367
13   15.514511108398438
14   15.525075912475586
15   15.52308177947998
16   15.416393280029297
17   15.600875854492188
18   15.628116607666016
19   15.576750755310059
20   15.635194778442383
21   15.479999542236328
22   15.553586959838867
23   15.521347045898438
24   15.55787181854248
25   15.454668045043945
26   15.424468040466309
27   15.760814666748047
28   16.008289337158203
29   15.633138656616211
30   15.558932304382324
31   15.597359657287598
32   15.687860488891602
33   15.631976127624512
34   15.490013122558594
35   15.586172103881836
36   15.474679946899414
37   15.525813102722168
38   15.277215957641602
39   15.618500709533691
40   15.636740684509277
41   15.571834564208984
42   15.444908142089844
43   15.431629180908203
44   15.490680694580078
45   15.380887031555176
46   15.477670669555664
47   15.330364227294922
48   15.507911682128906
49   15.632555961608887
50   15.441808700561523
51   15.472491264343262
52   15.496383666992188
53   15.327445983886719
54   15.447735786437988
55   15.689099311828613
56   15.659790992736816
57   15.589967727661133
58   15.49686336517334
59   15.398016929626465
60   15.48717212677002
61   15.715785026550293
62   15.655160903930664
63   15.469063758850098
64   15.327704429626465
65   15.517878532409668
66   15.515350341796875
67   15.364079475402832
68   15.543238639831543
69   15.673788070678711
70   15.557953834533691
71   15.63648509979248
72   15.918511390686035
73   15.743371963500977
74   15.36201286315918
75   15.509331703186035
76   15.39451789855957
77   15.531224250793457
78   15.624122619628906
79   15.684067726135254
80   15.291810035705566
81   15.393404006958008
82   15.396520614624023
83   15.469795227050781
84   15.566577911376953
85   15.581148147583008
86   15.232804298400879
87   15.74750804901123
88   15.368887901306152
89   15.641247749328613
90   15.48218822479248
91   15.42070484161377
92   15.716729164123535
93   15.574527740478516
94   15.49185848236084
95   15.565322875976563
96   15.548559188842773
97   15.549468040466309
98   15.632280349731445
99   15.857934951782227
100   15.883071899414063
101   15.475982666015625
102   15.408920288085938
103   15.85068130493164
104   15.38275146484375
105   15.324978828430176
106   15.771644592285156
107   15.564091682434082
108   15.574917793273926
109   15.577946662902832
110   15.462244987487793
111   15.480751991271973
112   15.67604923248291
113   15.50987720489502
114   15.586042404174805
115   15.709306716918945
116   15.599845886230469
117   15.416328430175781
118   15.73974895477295
119   15.510409355163574
120   15.5098295211792
121   15.49880313873291
122   15.385726928710938
123   15.463068962097168
124   15.41445255279541
125   15.457479476928711
126   15.335966110229492
127   15.575644493103027
128   15.471047401428223
129   15.715141296386719
130   15.598630905151367
131   15.564465522766113
132   15.48328685760498
133   15.476097106933594
134   15.467273712158203
135   15.805027961730957
136   15.407529830932617
137   15.510970115661621
138   15.822683334350586
139   15.514284133911133
140   15.513900756835938
141   15.693029403686523
142   15.812883377075195
143   15.606183052062988
144   15.37270736694336
145   15.805895805358887
146   15.920889854431152
147   15.382210731506348
148   15.261100769042969
149   15.365806579589844
150   15.407520294189453
151   15.543091773986816
152   15.459845542907715
153   15.607415199279785
154   15.43934154510498
155   15.42363452911377
156   15.466919898986816
157   15.595827102661133
158   15.405814170837402
159   15.282093048095703
160   15.482178688049316
