1   1.3398302793502808
2   1.3249046802520752
3   1.4716699123382568
4   1.3673162460327148
5   1.4301385879516602
6   1.5873857736587524
7   1.597294569015503
8   1.5812147855758667
9   1.6958863735198975
10   1.5767419338226318
11   1.4137006998062134
12   1.4619675874710083
13   1.5082314014434814
14   1.390398383140564
15   1.6332225799560547
16   1.4754307270050049
17   1.3861390352249146
18   1.4093520641326904
19   1.5537923574447632
20   1.515030860900879
21   1.4847928285598755
22   1.3875044584274292
23   1.5505542755126953
24   1.665976643562317
25   1.5710148811340332
26   1.4447394609451294
27   1.492305040359497
28   1.4992259740829468
29   1.5376638174057007
30   1.315637469291687
31   1.6521543264389038
32   1.376533031463623
33   1.3294047117233276
34   1.5635735988616943
35   1.275773048400879
36   1.399742603302002
37   1.1295803785324097
38   1.5455875396728516
39   1.501680612564087
40   1.6684694290161133
41   1.373819351196289
42   1.3122830390930176
43   1.58425772190094
44   1.5517278909683228
45   1.3782551288604736
46   1.5817339420318604
47   1.3806252479553223
48   1.448620080947876
49   1.5319854021072388
50   1.5033379793167114
51   1.2338905334472656
52   1.3065723180770874
53   1.5374515056610107
54   1.4739561080932617
55   1.5829178094863892
56   1.4533984661102295
57   1.1874382495880127
58   1.5916980504989624
59   1.520775318145752
60   1.5722498893737793
61   1.7806974649429321
62   1.4844130277633667
63   1.4242867231369019
64   1.6383295059204102
65   1.7092127799987793
66   1.7976484298706055
67   1.4495359659194946
68   1.621974229812622
69   1.4655522108078003
70   1.5304555892944336
71   1.471630334854126
72   1.518678069114685
73   1.7455554008483887
74   1.4758851528167725
75   1.433984637260437
76   1.3591563701629639
77   1.4495693445205688
78   1.4446858167648315
79   1.614219069480896
80   1.5245417356491089
81   1.3655624389648438
82   1.4743973016738892
83   1.342769742012024
84   1.5840606689453125
85   1.3925106525421143
86   1.6239291429519653
87   1.3737128973007202
88   1.4920083284378052
89   1.3790991306304932
90   1.4756133556365967
91   1.4493345022201538
92   1.3077529668807983
93   1.4782942533493042
94   1.557701826095581
95   1.2675365209579468
96   1.4856735467910767
97   1.4794507026672363
98   1.5111937522888184
99   1.6280287504196167
100   1.604272723197937
101   1.4310526847839355
102   1.5167622566223145
103   1.4722446203231812
104   1.4407906532287598
105   1.432415246963501
106   1.4394783973693848
107   1.497645616531372
108   1.6935662031173706
109   1.5006681680679321
110   1.6498383283615112
111   1.4482396841049194
112   1.6308492422103882
113   1.620212435722351
114   1.3478668928146362
115   1.5283914804458618
116   1.2460731267929077
117   1.348063349723816
118   1.5580108165740967
119   1.5001357793807983
120   1.5356167554855347
121   1.6027952432632446
122   1.5209674835205078
123   1.675562858581543
124   1.4314278364181519
125   1.5052719116210938
126   1.540708303451538
127   1.6943886280059814
128   1.5311453342437744
129   1.526814341545105
130   1.6974397897720337
131   1.5405969619750977
132   1.5714976787567139
133   1.5402908325195313
134   1.7291215658187866
135   1.4442654848098755
136   1.6097153425216675
137   1.4602892398834229
138   1.4089258909225464
139   1.4524410963058472
140   1.5365006923675537
141   1.55062735080719
142   1.354383945465088
143   1.2553200721740723
144   1.323254942893982
145   1.6147735118865967
146   1.5991588830947876
147   1.535295009613037
148   1.850201964378357
149   1.4505641460418701
150   1.6586458683013916
151   1.6484081745147705
152   1.3458340167999268
153   1.4468913078308105
154   1.6310491561889648
155   1.639767050743103
156   1.5188158750534058
157   1.4226138591766357
158   1.412854552268982
159   1.681575059890747
160   1.5791836977005005
