1   1.1289783716201782
2   1.155903697013855
3   0.9750467538833618
4   1.0354435443878174
5   1.136706829071045
6   1.023187279701233
7   0.9598715305328369
8   1.1529567241668701
9   1.1792950630187988
10   1.078472375869751
11   1.1851582527160645
12   1.0995659828186035
13   1.1414062976837158
14   1.2735509872436523
15   1.1054472923278809
16   0.874206006526947
17   1.0064969062805176
18   1.1780414581298828
19   1.0937223434448242
20   1.0308490991592407
21   1.4031493663787842
22   0.8485288619995117
23   1.2443500757217407
24   1.3106592893600464
25   0.7548733949661255
26   1.5769997835159302
27   1.2074540853500366
28   1.1015602350234985
29   0.9562042951583862
30   1.0015507936477661
31   1.3094316720962524
32   1.1097427606582642
33   1.2862038612365723
34   0.9185072779655457
35   1.1651769876480103
36   1.7378151416778564
37   1.1187034845352173
38   1.095053791999817
39   1.2721534967422485
40   1.3766270875930786
41   1.329552412033081
42   0.9368335008621216
43   1.494386911392212
44   1.2418906688690186
45   1.00404953956604
46   0.9661928415298462
47   0.8430284261703491
48   1.4187959432601929
49   1.4664887189865112
50   1.4240339994430542
51   1.258371114730835
52   1.2420244216918945
53   1.3513438701629639
54   1.430859923362732
55   1.4610825777053833
56   1.235813021659851
57   1.0966424942016602
58   1.1765437126159668
59   1.087235450744629
60   1.0686522722244263
61   1.7212252616882324
62   1.1885430812835693
63   1.191712737083435
64   0.8936342000961304
65   1.3358224630355835
66   1.3481978178024292
67   1.1459723711013794
68   1.0615146160125732
69   1.3462988138198853
70   1.6225602626800537
71   1.4940906763076782
72   1.642817497253418
73   0.9913021922111511
74   1.8907829523086548
75   0.9499883651733398
76   1.4647741317749023
77   1.4193581342697144
78   1.627130389213562
79   1.6715563535690308
80   1.2716089487075806
81   1.3514806032180786
82   0.8236176371574402
83   1.202182412147522
84   1.1318624019622803
85   1.1272988319396973
86   1.2114765644073486
87   1.7588727474212646
88   2.093442916870117
89   1.2780998945236206
90   1.0476994514465332
91   1.3860503435134888
92   0.9678806066513062
93   0.7016299962997437
94   1.7702995538711548
95   1.1086024045944214
96   1.015906810760498
97   1.0456713438034058
98   1.064871072769165
99   1.158925175666809
100   0.8962154984474182
101   1.2830810546875
102   1.0686180591583252
103   1.036556601524353
104   1.1704716682434082
105   1.0404038429260254
106   1.2883226871490479
107   0.9735263586044312
108   1.3098541498184204
109   1.2104668617248535
110   1.0811142921447754
111   1.1797765493392944
112   0.9691954851150513
113   0.9322054982185364
114   1.2769466638565063
115   1.043147087097168
116   1.0477168560028076
117   1.3340634107589722
118   1.031158685684204
119   1.0723835229873657
120   1.0944931507110596
121   1.4103832244873047
122   0.8967941403388977
123   0.832158088684082
124   0.8510193228721619
125   1.209631085395813
126   1.111589789390564
127   1.3789927959442139
128   1.2923049926757813
129   1.0595216751098633
130   0.9948790669441223
131   1.2471436262130737
132   1.182755947113037
133   1.0976945161819458
134   1.1928263902664185
135   1.1278082132339478
136   1.1735652685165405
137   1.295488715171814
138   0.8981842994689941
139   1.1467031240463257
140   1.239759087562561
141   1.2912572622299194
142   1.1817700862884521
143   1.3168498277664185
144   1.1874959468841553
145   1.2159887552261353
146   1.1173847913742065
147   1.234979510307312
148   1.0790369510650635
149   1.0677204132080078
150   1.19839608669281
151   1.1036243438720703
152   1.2703115940093994
153   1.0481586456298828
154   0.9999228715896606
155   1.237038016319275
156   1.2184938192367554
157   1.0440863370895386
158   1.0583678483963013
159   1.0707887411117554
160   1.0095605850219727
161   1.1933262348175049
162   1.092966079711914
163   1.0029690265655518
164   1.1008367538452148
