0   0.0
1   0.2251775562763214
2   0.20037303864955902
3   0.18464167416095734
4   0.3469761908054352
5   0.21494632959365845
6   0.1895727813243866
7   0.25456780195236206
8   0.21218563616275787
9   0.18427856266498566
10   0.2834182381629944
11   0.3994455635547638
12   0.6433014869689941
13   1.3037128448486328
14   1.1219321489334106
15   2.2019145488739014
16   1.5918588638305664
17   1.9119654893875122
18   2.1134653091430664
19   1.6072425842285156
20   1.746659278869629
21   1.3943183422088623
22   1.225164532661438
23   1.8907818794250488
24   1.0401654243469238
25   0.7849758863449097
26   0.942108154296875
27   1.0551562309265137
28   1.4147193431854248
29   1.607909917831421
30   1.467246174812317
31   1.070866346359253
32   1.2728489637374878
33   1.5322833061218262
34   1.4872097969055176
35   0.9322631359100342
36   1.0995113849639893
37   0.9599313139915466
38   0.8998632431030273
39   0.5917401313781738
40   1.1503621339797974
41   0.689769983291626
42   1.3266798257827759
43   1.138037085533142
44   1.870096206665039
45   1.0214927196502686
46   1.0067088603973389
47   1.7056339979171753
48   0.9510347247123718
49   1.3315260410308838
50   1.8291608095169067
51   1.6368221044540405
52   1.4350905418395996
53   1.4186242818832397
54   1.1459417343139648
55   1.8386244773864746
56   1.694885015487671
57   1.9840795993804932
58   1.3278018236160278
59   1.656546711921692
60   2.0381569862365723
61   1.7949048280715942
62   1.4723594188690186
63   1.4222184419631958
64   1.4299405813217163
65   1.6331489086151123
66   1.3946974277496338
67   1.5322052240371704
68   1.1260191202163696
69   1.337873101234436
70   1.5302244424819946
71   1.0130976438522339
72   1.4346867799758911
73   1.2159391641616821
74   1.1096911430358887
75   1.8482513427734375
76   1.6546911001205444
77   1.2409653663635254
78   1.358687162399292
79   1.0957870483398438
80   0.9262884855270386
81   0.7676030993461609
82   1.5755231380462646
83   1.2917356491088867
84   1.2968626022338867
85   1.3224464654922485
86   0.9419882893562317
87   1.423117995262146
88   1.479778528213501
89   1.1484038829803467
90   1.6671245098114014
91   2.1700079441070557
92   0.9540520906448364
93   1.4558100700378418
94   1.1316877603530884
95   1.3770633935928345
96   1.0323936939239502
97   1.262328028678894
98   0.8559889793395996
99   0.7657845616340637
100   1.2088319063186646
101   1.5168086290359497
102   1.1485487222671509
103   1.0566593408584595
104   1.1448007822036743
105   1.5116766691207886
106   1.4874213933944702
107   1.7335246801376343
108   1.812384843826294
109   1.2374898195266724
110   0.8457021117210388
111   0.9902372360229492
112   1.2017061710357666
113   1.2598249912261963
114   1.0723135471343994
115   2.165402412414551
116   1.1581225395202637
117   1.5662157535552979
118   1.3938376903533936
119   2.1866157054901123
120   1.6712032556533813
121   1.5076584815979004
122   1.3245502710342407
123   0.979686439037323
124   1.8479284048080444
125   1.8250786066055298
126   1.5322153568267822
127   1.0413212776184082
128   1.7889817953109741
129   1.4793363809585571
130   1.4946492910385132
131   1.410241723060608
132   1.5842785835266113
133   0.8333399891853333
134   1.7508211135864258
135   1.6377290487289429
136   0.6908646821975708
137   1.1207138299942017
138   0.8111016750335693
139   1.4369142055511475
140   1.0313891172409058
141   1.50422203540802
142   1.2811520099639893
143   1.448175311088562
144   1.2666046619415283
145   1.175721287727356
146   1.394117832183838
147   1.2129228115081787
148   1.0646830797195435
149   1.666390299797058
150   0.9256879091262817
151   1.5873137712478638
152   0.8499768972396851
153   1.0607353448867798
154   1.419754981994629
155   1.1170952320098877
156   1.439727783203125
157   0.8194808959960938
158   0.9447522163391113
159   0.9340847134590149
160   1.2037920951843262
161   0.6690910458564758
162   1.2519439458847046
163   1.4211540222167969
164   0.9006938934326172
165   1.1587774753570557
166   0.6571248769760132
167   0.8750984072685242
168   0.950703501701355
169   1.0072227716445923
170   1.2328307628631592
171   1.2182271480560303
172   0.7736456394195557
173   1.10641348361969
174   1.3294692039489746
175   1.3518357276916504
176   1.6316852569580078
177   1.6493510007858276
178   0.874605119228363
179   1.1190321445465088
180   1.4908891916275024
181   1.3716846704483032
182   1.3259834051132202
183   1.2328341007232666
184   1.222116470336914
185   1.2297652959823608
186   0.9534687995910645
187   1.0633715391159058
188   2.0543673038482666
189   1.7079222202301025
190   1.1140486001968384
191   1.0742433071136475
192   1.7544382810592651
193   2.56144118309021
194   1.3704822063446045
195   1.5948383808135986
196   1.3713349103927612
197   1.1251050233840942
198   1.3335716724395752
199   1.303483009338379
200   1.3889089822769165
201   1.482600212097168
202   1.0078766345977783
203   1.633303165435791
204   1.4034216403961182
205   0.5892173647880554
206   1.299536108970642
207   1.750492811203003
208   1.000266432762146
209   1.650837779045105
210   1.3854442834854126
211   0.7186196446418762
212   1.0359801054000854
213   1.3482848405838013
1   0.9877136945724487
2   1.25886070728302
3   1.670783519744873
4   1.7668607234954834
5   1.053961157798767
6   0.9450257420539856
7   1.711819052696228
8   1.3691874742507935
9   1.7487542629241943
10   1.2816287279129028
11   1.123085618019104
12   0.9314773082733154
13   0.7897917628288269
14   1.2833237648010254
15   1.3471683263778687
16   2.071699857711792
17   1.6178364753723145
18   1.447424292564392
19   1.8168563842773438
20   1.1946828365325928
1   1.2433377504348755
2   1.4084277153015137
3   1.3074802160263062
4   1.278775691986084
5   1.5096280574798584
6   1.4612646102905273
7   1.2931747436523438
8   1.4481492042541504
9   1.4696693420410156
10   1.2420530319213867
11   1.4889603853225708
12   1.4860445261001587
13   1.3826630115509033
14   1.1690232753753662
15   1.2980302572250366
16   1.5074180364608765
17   1.4514248371124268
18   1.349678635597229
19   1.2579931020736694
20   1.4815601110458374
21   1.230203628540039
22   1.5590965747833252
23   0.9998370409011841
24   1.4081323146820068
25   1.5252659320831299
26   1.3106108903884888
27   1.410417079925537
28   1.1668250560760498
29   1.2089372873306274
30   1.2368898391723633
31   1.5366824865341187
32   1.584542155265808
33   1.410296082496643
34   1.4231444597244263
35   1.2039192914962769
36   1.5640864372253418
37   1.4673875570297241
38   1.646491289138794
39   1.3522608280181885
40   1.4211446046829224
41   1.5463643074035645
42   1.5110979080200195
43   1.1958826780319214
44   1.3798658847808838
45   1.4331892728805542
46   1.472113847732544
47   1.2969356775283813
48   1.3605005741119385
49   1.6541320085525513
50   1.2836480140686035
51   1.4603060483932495
52   1.3228470087051392
53   1.513641357421875
54   1.5368103981018066
55   1.2646749019622803
56   1.5514774322509766
57   1.2664321660995483
58   1.1657917499542236
59   1.3487229347229004
60   1.1279926300048828
61   1.341490387916565
62   1.3734411001205444
63   1.231345534324646
64   1.141295075416565
65   1.29796302318573
66   1.2201321125030518
67   1.460497498512268
68   1.2638124227523804
69   1.1931028366088867
70   1.2886667251586914
71   1.1431611776351929
72   1.4945602416992188
73   1.2561712265014648
74   1.2308216094970703
75   1.3706797361373901
76   1.4953923225402832
77   1.3724199533462524
78   1.3114513158798218
79   1.444610834121704
80   1.45856773853302
81   1.0611300468444824
82   0.9707704782485962
83   1.4088256359100342
84   1.2782158851623535
85   1.3573145866394043
86   1.3830875158309937
87   1.035974383354187
88   1.3019970655441284
89   1.7920823097229004
90   1.453715205192566
91   1.3722432851791382
92   1.223137378692627
93   1.363765001296997
94   1.328731894493103
95   1.048689603805542
96   1.3677165508270264
97   1.1689177751541138
98   1.4209628105163574
99   1.0912214517593384
100   1.328673005104065
101   1.3165910243988037
102   1.0779958963394165
103   1.201330542564392
104   1.2391588687896729
105   1.1579455137252808
106   1.3404678106307983
107   1.001909613609314
108   1.2058687210083008
109   1.126067876815796
110   1.1039494276046753
111   1.129988193511963
112   1.1105408668518066
113   1.487512230873108
114   1.2147866487503052
115   1.1837348937988281
116   1.424037218093872
117   1.1404646635055542
118   1.0780669450759888
119   1.1376595497131348
120   1.2224464416503906
121   1.0960454940795898
122   1.3671324253082275
123   1.3152527809143066
124   1.3960314989089966
125   1.1325501203536987
126   1.3643611669540405
127   1.205954670906067
128   1.3973926305770874
129   1.0203138589859009
130   1.1673885583877563
131   1.588150978088379
132   1.2726569175720215
133   1.3135970830917358
134   1.143518328666687
135   1.1722183227539063
136   1.1423685550689697
137   1.1650692224502563
138   1.2456367015838623
139   1.045676350593567
140   1.3714449405670166
141   1.3303524255752563
142   1.2094978094100952
143   1.3907111883163452
144   1.1422271728515625
145   1.4067940711975098
146   1.2165580987930298
147   1.163712501525879
148   1.6196562051773071
149   1.4788750410079956
150   1.1822949647903442
151   1.335340976715088
152   1.111953854560852
153   1.4502959251403809
154   1.1927307844161987
155   1.348963975906372
156   1.1747913360595703
157   1.4206351041793823
158   1.207267165184021
159   1.2646242380142212
160   1.2261651754379272
1   1.0696443319320679
2   1.2039319276809692
3   1.4258921146392822
4   1.24634850025177
5   1.4057527780532837
6   1.2714418172836304
7   1.396065354347229
8   1.4125995635986328
9   1.2058131694793701
10   1.316879391670227
11   1.409188151359558
12   1.4876755475997925
13   1.364661693572998
14   1.29693603515625
15   1.335741400718689
16   1.3752917051315308
17   1.483724594116211
18   1.1454819440841675
19   1.3371158838272095
20   1.4091684818267822
21   0.9935517907142639
22   1.248458981513977
23   1.1231422424316406
24   1.4110100269317627
25   1.0144468545913696
26   1.168144702911377
27   1.3457841873168945
28   1.1297295093536377
29   1.0976084470748901
30   1.0751672983169556
31   1.2340648174285889
32   1.0723956823349
33   1.1600455045700073
34   0.9559292793273926
35   1.089023470878601
36   1.1946635246276855
37   1.2592705488204956
38   1.2221611738204956
39   1.219091773033142
40   1.4086397886276245
41   0.9320722818374634
42   0.7853414416313171
43   1.5906972885131836
44   1.2092210054397583
45   0.7934055924415588
46   1.1030559539794922
47   1.2389384508132935
48   0.8230878710746765
49   0.973966658115387
50   1.571481466293335
51   1.2013849020004272
52   1.3025076389312744
53   1.4498885869979858
54   1.497889757156372
55   1.3741459846496582
56   1.2299401760101318
57   1.9043817520141602
58   1.6593132019042969
59   1.8115140199661255
60   1.0896037817001343
61   1.6834932565689087
62   1.0014647245407104
63   1.624839186668396
64   1.0778415203094482
65   1.2131860256195068
66   1.3890832662582397
67   1.5749142169952393
68   1.4372038841247559
69   1.381433367729187
70   2.036231279373169
71   1.7210925817489624
72   1.287949562072754
73   1.6703293323516846
74   1.1635483503341675
75   1.420005202293396
76   1.881157398223877
77   1.4421412944793701
78   1.134146809577942
79   1.193028211593628
80   1.2248355150222778
81   1.296116828918457
82   1.292724847793579
83   1.5543397665023804
84   1.2622482776641846
85   1.3722773790359497
86   1.671414852142334
87   1.171547532081604
88   1.436470627784729
89   1.0080803632736206
90   1.55511474609375
91   1.0033890008926392
92   1.422655463218689
93   1.5143892765045166
94   1.6218403577804565
95   1.6512210369110107
96   1.368308663368225
97   1.6860307455062866
98   1.5631675720214844
99   1.2078521251678467
100   1.1555172204971313
101   0.9837033748626709
102   0.9488231539726257
103   1.4460535049438477
104   1.868857502937317
105   1.4008479118347168
106   1.1268022060394287
107   1.650636076927185
108   1.82492196559906
109   1.806054711341858
110   1.0829722881317139
111   1.668345332145691
112   1.6397132873535156
113   0.9674376845359802
114   1.6375229358673096
115   1.1613951921463013
116   1.3338515758514404
117   0.8076155781745911
118   0.9802480340003967
119   1.1231436729431152
120   1.477779507637024
121   0.933353841304779
122   1.1937421560287476
123   1.2103872299194336
124   1.0991586446762085
125   1.0375347137451172
126   1.6579254865646362
127   1.6153175830841064
128   1.6579397916793823
129   1.3402560949325562
130   1.5000183582305908
131   1.685881495475769
132   1.1017022132873535
133   1.220895767211914
134   1.2033878564834595
135   1.5653128623962402
136   1.3719415664672852
137   1.1009926795959473
138   1.2146351337432861
139   1.1833888292312622
140   1.4764248132705688
141   1.465854287147522
142   1.0465352535247803
143   1.491190791130066
144   1.22710382938385
145   1.2501507997512817
146   0.9670985341072083
147   1.3559364080429077
148   1.3648313283920288
149   1.11215078830719
150   1.2621608972549438
151   1.349639654159546
152   1.1412971019744873
153   1.1036090850830078
154   1.1710429191589355
155   1.2113910913467407
156   1.1267385482788086
157   1.120741844177246
158   1.0530589818954468
159   1.301835298538208
160   1.3083220720291138
161   1.2049204111099243
162   1.3622394800186157
163   1.6273446083068848
164   1.3859657049179077
