0   0.0
1   1.990954041481018
2   1.908517837524414
3   2.441603899002075
4   1.9318934679031372
5   1.9385184049606323
6   1.7934900522232056
7   1.864524483680725
8   1.9790148735046387
9   2.4476444721221924
10   3.2737765312194824
11   3.289982318878174
12   4.753734111785889
13   3.038675308227539
14   4.27239465713501
15   3.1371548175811768
16   4.066714763641357
17   4.409533977508545
18   4.842001914978027
19   6.134023666381836
20   4.88783597946167
21   4.669808387756348
22   6.380512237548828
23   5.244444370269775
24   5.461365222930908
25   5.917189598083496
26   5.744629859924316
27   5.844570636749268
28   5.476406574249268
29   5.402342796325684
30   5.949583053588867
31   5.411114692687988
32   5.244736671447754
33   6.355601787567139
34   5.815194129943848
35   5.853839874267578
36   5.8984246253967285
37   5.288645267486572
38   4.4232258796691895
39   6.1670122146606445
40   5.788860321044922
41   6.312252044677734
42   5.2183027267456055
43   4.903959274291992
44   4.87362813949585
45   5.388912200927734
46   4.359726428985596
47   5.761518478393555
48   5.30490779876709
49   6.025712490081787
50   4.282809734344482
51   4.09776496887207
52   3.43326997756958
53   3.764112710952759
54   3.5714285373687744
55   3.9114222526550293
56   3.379190683364868
57   5.501029968261719
58   4.9384589195251465
59   3.424833297729492
60   5.10048246383667
61   5.295000076293945
62   4.846771717071533
63   4.083806991577148
64   3.6534924507141113
65   4.016994476318359
66   5.40993595123291
67   4.434680938720703
68   4.903093338012695
69   5.966917514801025
70   5.1170783042907715
71   5.967469692230225
72   4.585572242736816
73   4.796518802642822
74   5.223143100738525
75   4.2151198387146
76   4.463991641998291
77   4.171351432800293
78   4.5437469482421875
79   5.172924995422363
80   3.9426634311676025
81   5.5539751052856445
82   5.04803466796875
83   4.395046234130859
84   5.7061767578125
85   5.040210247039795
86   4.198800563812256
87   5.26113224029541
88   5.183028221130371
89   4.62043571472168
90   5.949549198150635
91   5.100768089294434
92   4.9298248291015625
93   5.261178493499756
94   4.729432582855225
95   4.882069110870361
96   5.832243919372559
97   5.685973644256592
98   6.136351585388184
99   6.107591152191162
100   4.72901725769043
101   4.143296241760254
102   4.9493021965026855
103   4.587360858917236
104   4.157649517059326
105   4.549442291259766
106   3.9258549213409424
107   4.852096080780029
108   5.003958702087402
109   3.68772292137146
110   4.193356513977051
111   3.7754387855529785
112   3.7884745597839355
113   5.0783843994140625
114   3.7532756328582764
115   5.196876049041748
116   4.78249979019165
117   3.6962954998016357
118   4.295732021331787
119   4.5831708908081055
120   5.486117362976074
121   3.58363938331604
122   4.140957832336426
123   5.544071674346924
124   4.266003608703613
125   4.137927532196045
126   4.96133279800415
127   4.878692626953125
128   4.350950241088867
129   5.939943790435791
130   5.596808433532715
131   4.86685848236084
132   6.253907203674316
133   4.491048812866211
134   3.642808437347412
135   4.5350189208984375
136   4.870945930480957
137   3.9837677478790283
138   4.178138732910156
139   4.803886890411377
140   5.682779312133789
141   5.340245246887207
142   5.638981342315674
143   5.344203948974609
144   4.930772304534912
145   5.044466018676758
146   6.0364837646484375
147   4.526244640350342
148   6.079229354858398
149   5.597233772277832
150   5.7127275466918945
151   4.795279502868652
152   4.372274398803711
153   4.348875999450684
154   4.3244404792785645
155   3.531855583190918
156   3.441154956817627
157   4.386739253997803
158   4.031578540802002
159   3.7892937660217285
160   4.235606670379639
161   4.011179447174072
162   4.315774440765381
163   4.232407569885254
164   3.588623046875
165   3.6360561847686768
166   4.042613983154297
167   4.016345024108887
168   4.240499973297119
169   4.104499816894531
170   5.2040228843688965
171   3.9439074993133545
172   4.1644697189331055
173   4.0099029541015625
174   4.301833152770996
175   4.29712438583374
176   3.7434194087982178
177   3.990130662918091
178   4.4010772705078125
179   3.719937324523926
180   3.9254841804504395
181   3.5935440063476563
182   4.732786178588867
183   4.2061381340026855
184   3.9196486473083496
185   3.711963176727295
186   3.5063893795013428
187   3.440728187561035
188   3.858459234237671
189   4.926456451416016
190   4.314367294311523
191   5.403555393218994
192   3.8703954219818115
193   5.123713493347168
194   5.470305442810059
195   4.854400157928467
196   4.0196428298950195
197   5.2655534744262695
198   4.189389705657959
199   5.885072708129883
200   5.484068870544434
201   6.436713695526123
202   5.426118850708008
203   4.742666721343994
204   4.5816426277160645
205   5.95542573928833
206   5.9245381355285645
207   4.064101696014404
208   4.029448509216309
209   4.586523056030273
210   4.523209571838379
211   5.214503288269043
212   4.61610221862793
213   4.008187294006348
1   4.756216526031494
2   4.777949810028076
3   4.485459327697754
4   4.484972953796387
5   4.255616664886475
6   6.273629665374756
7   5.089156150817871
8   5.809326171875
9   4.816756248474121
10   4.848302841186523
11   3.5776238441467285
12   4.635481357574463
13   3.42094349861145
14   3.426051616668701
15   3.1128733158111572
16   4.741083145141602
17   6.136892795562744
18   5.128978252410889
19   4.0999627113342285
20   4.397098541259766
1   4.268301963806152
2   4.775014400482178
3   3.4028940200805664
4   4.587177276611328
5   4.177674770355225
6   4.386326313018799
7   4.477376461029053
8   4.04732084274292
9   4.665678024291992
10   4.337857723236084
11   3.134361743927002
12   4.051257133483887
13   5.600757598876953
14   4.5308756828308105
15   5.866316795349121
16   4.306575298309326
17   3.503063678741455
18   3.583507776260376
19   3.849640130996704
20   4.724238395690918
21   3.8863933086395264
22   4.2547688484191895
23   5.0139851570129395
24   3.8475019931793213
25   3.907064199447632
26   4.015018463134766
27   4.313518047332764
28   4.576447486877441
29   3.79339337348938
30   4.550635814666748
31   3.5521063804626465
32   3.7412428855895996
33   3.5583221912384033
34   4.467360973358154
35   4.535411357879639
36   4.1994476318359375
37   4.7058281898498535
38   2.738947868347168
39   4.885067462921143
40   4.740063190460205
41   4.176216125488281
42   5.560585975646973
43   4.890957832336426
44   5.5643086433410645
45   4.502072811126709
46   5.451497554779053
47   5.831603050231934
48   3.199697971343994
49   5.045575141906738
50   4.535177707672119
51   4.155885696411133
52   4.311864852905273
53   5.0346503257751465
54   4.209168910980225
55   4.920928955078125
56   4.963541507720947
57   4.308234691619873
58   4.0840020179748535
59   5.444674968719482
60   5.120741367340088
61   6.049920082092285
62   5.542852878570557
63   5.7040114402771
64   6.1923136711120605
65   5.199703216552734
66   5.148367881774902
67   3.2105472087860107
68   3.879497766494751
69   4.705477237701416
70   4.632298946380615
71   4.277699947357178
72   3.715435743331909
73   6.0327229499816895
74   4.116580963134766
75   4.420583248138428
76   4.263154983520508
77   4.142270565032959
78   4.513761043548584
79   5.950432300567627
80   4.448111534118652
81   4.874146461486816
82   3.8417611122131348
83   5.292178153991699
84   5.393596172332764
85   5.471381187438965
86   5.77779483795166
87   4.750520706176758
88   4.35597038269043
89   3.2968780994415283
90   4.57483434677124
91   4.223513603210449
92   3.842099666595459
93   3.6308705806732178
94   4.1083197593688965
95   3.756892442703247
96   3.7274651527404785
97   3.26348876953125
98   4.089139938354492
99   4.619733810424805
100   4.342772006988525
101   5.481609344482422
102   3.8558237552642822
103   4.0592756271362305
104   3.760571002960205
105   4.219864845275879
106   3.3614702224731445
107   4.324331760406494
108   3.971561908721924
109   4.710935592651367
110   4.012650012969971
111   4.051970481872559
112   4.191998481750488
113   3.6841039657592773
114   4.562488079071045
115   4.787481784820557
116   4.481033802032471
117   4.381106853485107
118   4.735944747924805
119   2.9878625869750977
120   3.904308319091797
121   4.173208236694336
122   4.871189117431641
123   4.067000865936279
124   3.477416515350342
125   4.811182022094727
126   3.6865170001983643
127   4.6909499168396
128   3.932828903198242
129   4.358375549316406
130   4.473779201507568
131   4.4812517166137695
132   4.1981048583984375
133   4.466786861419678
134   4.521771430969238
135   3.9334239959716797
136   4.177124977111816
137   4.684600353240967
138   4.5593791007995605
139   4.038768768310547
140   4.696959972381592
141   4.272238731384277
142   3.7631330490112305
143   4.8343329429626465
144   3.4168410301208496
145   4.203001499176025
146   4.7173566818237305
147   4.37687873840332
148   3.3842780590057373
149   3.5943424701690674
150   3.978783369064331
151   4.3044753074646
152   4.278736114501953
153   3.7293667793273926
154   4.066760540008545
155   3.918973207473755
156   4.900575637817383
157   4.27651834487915
158   4.994295597076416
159   5.329468727111816
160   3.6220340728759766
1   4.280665397644043
2   4.492000102996826
3   3.5593526363372803
4   4.313611030578613
5   3.24480938911438
6   4.125967979431152
7   4.55905294418335
8   4.164934158325195
9   4.412179470062256
10   3.5165138244628906
11   4.783596038818359
12   3.7350783348083496
13   3.3582968711853027
14   3.480346441268921
15   3.4945785999298096
16   4.156216621398926
17   3.8193366527557373
18   3.959290027618408
19   3.4454967975616455
20   4.190835475921631
21   3.787468910217285
22   4.303881645202637
23   4.21750545501709
24   3.9876010417938232
25   3.6052231788635254
26   3.7386856079101563
27   3.675398826599121
28   3.903611421585083
29   4.446800708770752
30   5.576430797576904
31   4.6561384201049805
32   3.444916009902954
33   4.774855136871338
34   3.969269037246704
35   4.059757709503174
36   4.463291645050049
37   4.738268852233887
38   5.519415378570557
39   4.04262638092041
40   3.0797927379608154
41   3.963681936264038
42   4.330780506134033
43   4.611037731170654
44   5.979466438293457
45   5.340564727783203
46   5.739619255065918
47   6.033151626586914
48   4.220483779907227
49   3.7757396697998047
50   4.634153842926025
51   4.2760491371154785
52   5.2291693687438965
53   4.619687557220459
54   5.185963153839111
55   4.556983947753906
56   5.310229778289795
57   4.653051853179932
58   4.8555803298950195
59   5.051900863647461
60   4.793387413024902
61   5.12546968460083
62   4.6219048500061035
63   4.845669269561768
64   4.894650459289551
65   5.626133441925049
66   5.886717319488525
67   4.433219909667969
68   4.599361419677734
69   5.05679178237915
70   3.19401478767395
71   3.477003574371338
72   3.8466126918792725
73   4.524378776550293
74   4.333522319793701
75   4.4709577560424805
76   4.532230377197266
77   4.494543552398682
78   5.801036834716797
79   5.686679840087891
80   6.460850715637207
81   4.595003128051758
82   4.346039295196533
83   5.811150550842285
84   5.059125900268555
85   5.913092613220215
86   3.9025588035583496
87   4.51258659362793
88   5.285789966583252
89   4.40726375579834
90   4.705178737640381
91   4.860640048980713
92   4.988462924957275
93   4.055877208709717
94   4.875679016113281
95   4.887531280517578
96   4.622093200683594
97   5.444112300872803
98   5.0178608894348145
99   6.136270523071289
100   4.504290580749512
101   5.342430114746094
102   4.306532382965088
103   4.260469436645508
104   7.297704219818115
105   4.472584247589111
106   5.0160603523254395
107   6.220406532287598
108   4.521469593048096
109   5.077083110809326
110   4.223789691925049
111   4.393839359283447
112   4.465260982513428
113   4.206711769104004
114   5.239247798919678
115   4.465933799743652
116   5.199592113494873
117   5.7769975662231445
118   4.20672607421875
119   4.328559398651123
120   4.129176616668701
121   3.7025742530822754
122   4.393863201141357
123   5.237307071685791
124   5.199300765991211
125   4.004411220550537
126   4.753519058227539
127   4.017424583435059
128   4.108582973480225
129   4.741672039031982
130   5.210390090942383
131   4.39570426940918
132   3.490151882171631
133   3.9629409313201904
134   4.4255146980285645
135   4.322711944580078
136   4.452530860900879
137   4.460470199584961
138   4.122738361358643
139   4.384357929229736
140   4.118368148803711
141   4.891892910003662
142   5.994362831115723
143   5.037930488586426
144   4.630801677703857
145   4.5475921630859375
146   5.283994674682617
147   3.9458606243133545
148   4.626521587371826
149   3.7075355052948
150   4.034335613250732
151   4.442862033843994
152   4.1121721267700195
153   4.258127689361572
154   4.971582412719727
155   4.640056133270264
156   4.342201232910156
157   4.552043914794922
158   3.7130894660949707
159   5.0427422523498535
160   3.5291130542755127
161   3.6559383869171143
162   2.7402615547180176
163   4.095682621002197
164   3.2394237518310547
