0   0.0
1   1.4119534492492676
2   1.3884605169296265
3   1.4679343700408936
4   1.2894618511199951
5   1.2982920408248901
6   1.3740742206573486
7   1.3823598623275757
8   1.2347660064697266
9   1.3581732511520386
10   1.3173534870147705
11   1.5274735689163208
12   2.629396438598633
13   2.122406244277954
14   3.411036729812622
15   3.5865604877471924
16   3.4758641719818115
17   2.9704701900482178
18   3.2527151107788086
19   3.442052125930786
20   3.88464093208313
21   3.966297149658203
22   3.953523635864258
23   3.0643937587738037
24   3.657203435897827
25   2.9773974418640137
26   3.7493386268615723
27   3.425872802734375
28   3.3515145778656006
29   2.868826389312744
30   3.241771936416626
31   3.505943775177002
32   3.3634090423583984
33   3.481180191040039
34   3.7156596183776855
35   3.988753080368042
36   3.680647373199463
37   3.4348983764648438
38   3.8658366203308105
39   3.6158463954925537
40   3.252164602279663
41   3.6302783489227295
42   2.9419984817504883
43   3.3360092639923096
44   2.7895567417144775
45   3.5809168815612793
46   3.513143539428711
47   2.653656244277954
48   3.4382119178771973
49   3.043424606323242
50   2.864069700241089
51   3.3749475479125977
52   3.1188650131225586
53   3.7521140575408936
54   3.17464017868042
55   3.1557869911193848
56   3.078157663345337
57   3.794283628463745
58   4.234283924102783
59   2.472806692123413
60   3.755875825881958
61   4.027856349945068
62   3.3740475177764893
63   2.7707676887512207
64   3.3123626708984375
65   3.9470362663269043
66   3.193498134613037
67   3.053055763244629
68   3.385369062423706
69   3.818662405014038
70   2.788062334060669
71   3.078894853591919
72   3.1794607639312744
73   3.0192008018493652
74   3.3479654788970947
75   3.9071552753448486
76   3.4138147830963135
77   2.921571731567383
78   3.749237537384033
79   3.456284999847412
80   3.534757614135742
81   3.629852533340454
82   3.4243667125701904
83   3.207509756088257
84   2.40232515335083
85   3.731106996536255
86   3.7698965072631836
87   3.111215353012085
88   3.347460985183716
89   3.2159013748168945
90   3.6712427139282227
91   3.5988523960113525
92   3.91043758392334
93   4.204453945159912
94   3.884768486022949
95   2.335770606994629
96   3.1603496074676514
97   3.7123849391937256
98   2.664156913757324
99   4.434296131134033
100   2.6142468452453613
101   3.35394549369812
102   3.1450142860412598
103   3.126786708831787
104   3.534029960632324
105   3.0521655082702637
106   2.4581310749053955
107   3.077923059463501
108   3.7378666400909424
109   3.142993450164795
110   2.7811293601989746
111   1.8046566247940063
112   3.04331374168396
113   3.1349527835845947
114   2.8043339252471924
115   2.962703227996826
116   3.0286169052124023
117   3.6502039432525635
118   4.370033264160156
119   3.681796073913574
120   3.9475760459899902
121   2.9818851947784424
122   3.520571231842041
123   3.9034197330474854
124   3.376023054122925
125   2.9408066272735596
126   3.184832811355591
127   3.4548187255859375
128   3.2321834564208984
129   3.798229932785034
130   4.026772499084473
131   4.0205912590026855
132   4.135231018066406
133   3.0869758129119873
134   2.937502861022949
135   2.67267107963562
136   3.401578664779663
137   3.0492684841156006
138   3.171415328979492
139   2.587179660797119
140   3.1825623512268066
141   3.2248575687408447
142   3.058703899383545
143   3.291585683822632
144   3.260615587234497
145   2.1886520385742188
146   3.3206005096435547
147   3.368008852005005
148   3.1105427742004395
149   3.3186066150665283
150   4.0551838874816895
151   3.1146702766418457
152   4.257594585418701
153   3.5917794704437256
154   3.9186079502105713
155   3.22491192817688
156   3.4570634365081787
157   2.9800870418548584
158   3.8513948917388916
159   3.1550068855285645
160   3.5647382736206055
161   3.5606014728546143
162   2.852698802947998
163   2.9732584953308105
164   3.6492207050323486
165   3.786766529083252
166   3.6557114124298096
167   3.454864263534546
168   2.9672908782958984
169   3.306530237197876
170   4.649085998535156
171   3.4289228916168213
172   3.587661027908325
173   3.3492798805236816
174   3.8110218048095703
175   3.7035579681396484
176   3.4471218585968018
177   3.8822758197784424
178   3.9719014167785645
179   3.812819242477417
180   3.5950112342834473
181   4.084887981414795
182   3.5678515434265137
183   3.1136624813079834
184   2.0749857425689697
185   4.013174533843994
186   5.161454677581787
187   4.49938440322876
188   3.316999912261963
189   3.518251657485962
190   3.3536581993103027
191   3.447293758392334
192   3.9111177921295166
193   3.5648193359375
194   3.0345678329467773
195   3.6993725299835205
196   2.3799612522125244
197   2.9974136352539063
198   2.851069450378418
199   3.288527488708496
200   3.524893283843994
201   3.2871036529541016
202   3.2418618202209473
203   3.6851513385772705
204   3.3412277698516846
205   3.4581377506256104
206   3.4311254024505615
207   3.2509260177612305
208   3.5824859142303467
209   3.093142509460449
210   3.110344886779785
211   3.3772964477539063
212   2.9697675704956055
213   3.297863483428955
1   3.5180177688598633
2   3.1208722591400146
3   3.2818446159362793
4   3.26792311668396
5   3.5729475021362305
6   3.1684558391571045
7   3.011287212371826
8   3.6749608516693115
9   3.488583564758301
10   3.703376531600952
11   3.464977264404297
12   5.383279323577881
13   5.024010181427002
14   4.709056854248047
15   4.29614782333374
16   4.759312152862549
17   5.202733993530273
18   2.874943256378174
19   3.537599802017212
20   3.1741678714752197
1   3.2179670333862305
2   3.5844240188598633
3   3.6718106269836426
4   3.86492919921875
5   3.8200571537017822
6   3.5472607612609863
7   2.882040023803711
8   3.863980770111084
9   3.27482008934021
10   3.3184261322021484
11   3.769693613052368
12   2.5853219032287598
13   3.1215362548828125
14   3.5372395515441895
15   3.424543857574463
16   3.582141637802124
17   3.416785955429077
18   3.5102615356445313
19   3.7590157985687256
20   3.706308126449585
21   3.099302053451538
22   2.974055051803589
23   3.3538272380828857
24   3.793370246887207
25   3.8501524925231934
26   4.4286370277404785
27   3.867854595184326
28   3.2041053771972656
29   3.5712952613830566
30   4.032498836517334
31   3.9813919067382813
32   3.152153968811035
33   3.4138174057006836
34   3.5755727291107178
35   3.868337392807007
36   3.319409132003784
37   3.677912712097168
38   3.7800559997558594
39   3.2468597888946533
40   3.3226914405822754
41   4.115927696228027
42   3.8737716674804688
43   3.5105772018432617
44   2.429724931716919
45   3.6644270420074463
46   3.2463834285736084
47   3.3095884323120117
48   3.1978135108947754
49   3.5447933673858643
50   3.942232847213745
51   3.692699670791626
52   4.263411045074463
53   3.3679049015045166
54   3.3918464183807373
55   3.101219415664673
56   3.2502732276916504
57   3.713505506515503
58   3.511127471923828
59   3.300811767578125
60   3.6614716053009033
61   3.7027249336242676
62   3.7614517211914063
63   4.241737365722656
64   3.9679973125457764
65   5.107442855834961
66   4.9921650886535645
67   3.6936733722686768
68   3.328660488128662
69   3.8221986293792725
70   4.006198406219482
71   4.297835826873779
72   4.169686317443848
73   3.2442431449890137
74   3.473360300064087
75   4.166884899139404
76   4.136308193206787
77   3.4638893604278564
78   3.2572855949401855
79   3.4326226711273193
80   3.255059003829956
81   3.627561330795288
82   2.7209012508392334
83   3.9676852226257324
84   3.04512095451355
85   3.699977159500122
86   3.5774409770965576
87   3.4826157093048096
88   4.535526752471924
89   3.324270725250244
90   3.710789203643799
91   4.8563923835754395
92   5.675448417663574
93   5.791039943695068
94   3.713371515274048
95   4.018349647521973
96   3.5298542976379395
97   2.6003329753875732
98   2.9622912406921387
99   3.035248279571533
100   4.870949745178223
101   4.3587236404418945
102   4.048461437225342
103   3.909876585006714
104   5.883937835693359
105   3.8945369720458984
106   4.126794815063477
107   4.205618381500244
108   3.9542906284332275
109   4.077731609344482
110   3.858739137649536
111   4.661076545715332
112   5.433835506439209
113   3.705108404159546
114   5.161649703979492
115   6.634036540985107
116   5.559460639953613
117   4.5065083503723145
118   3.9330637454986572
119   3.9182915687561035
120   3.9601917266845703
121   5.824339389801025
122   5.715856552124023
123   5.9718017578125
124   4.076603412628174
125   4.567142963409424
126   4.405800819396973
127   3.5868520736694336
128   3.481266736984253
129   6.243812084197998
130   4.5096306800842285
131   3.992703914642334
132   4.623910903930664
133   4.415374279022217
134   4.17606782913208
135   3.5480682849884033
136   4.091700553894043
137   5.056536674499512
138   4.439323902130127
139   4.377392292022705
140   3.810045003890991
141   4.222821235656738
142   4.352954864501953
143   4.4149603843688965
144   3.9547667503356934
145   4.292800426483154
146   4.809621334075928
147   5.481872081756592
148   4.9408955574035645
149   3.534458637237549
150   4.129945755004883
151   4.236665725708008
152   4.042385578155518
153   4.003958225250244
154   3.140794038772583
155   3.2898426055908203
156   4.598108291625977
157   4.490412712097168
158   4.323310375213623
159   4.354128360748291
160   5.948263168334961
1   2.6673738956451416
2   3.439713954925537
3   3.538590669631958
4   3.6966938972473145
5   3.411484479904175
6   3.928377628326416
7   3.2212324142456055
8   3.1085588932037354
9   3.6204886436462402
10   3.5814895629882813
11   3.621227741241455
12   3.2698168754577637
13   3.7424397468566895
14   4.0653862953186035
15   3.393153190612793
16   3.6079025268554688
17   3.8007795810699463
18   3.568608283996582
19   3.437455892562866
20   3.7506237030029297
21   3.2378902435302734
22   3.783294200897217
23   3.75417423248291
24   3.3002259731292725
25   3.322296380996704
26   4.041283130645752
27   3.0684401988983154
28   3.786564588546753
29   3.5552303791046143
30   2.970698833465576
31   3.204315662384033
32   2.775631904602051
33   2.451894760131836
34   3.613896369934082
35   2.8283493518829346
36   2.7463607788085938
37   2.8397514820098877
38   3.207632064819336
39   1.9293861389160156
40   2.3838253021240234
41   3.0160043239593506
42   2.674248695373535
43   3.260591983795166
44   3.231520652770996
45   2.9783425331115723
46   3.755173921585083
47   3.5624547004699707
48   3.577009677886963
49   3.114459991455078
50   2.980325222015381
51   3.5891644954681396
52   3.37190842628479
53   2.663867473602295
54   3.2277681827545166
55   3.2864670753479004
56   3.522237777709961
57   3.0786075592041016
58   2.8034768104553223
59   2.9136016368865967
60   2.8909311294555664
61   3.304344892501831
62   2.849888563156128
63   3.2851483821868896
64   2.8607122898101807
65   3.03950572013855
66   3.3129618167877197
67   2.885390043258667
68   2.955902338027954
69   4.1631760597229
70   2.9771785736083984
71   3.3641366958618164
72   2.577524185180664
73   3.820889472961426
74   3.949122905731201
75   3.7312235832214355
76   4.877938270568848
77   3.7253613471984863
78   3.5481162071228027
79   3.516573667526245
80   3.5326740741729736
81   3.43934965133667
82   3.613373041152954
83   4.020798683166504
84   3.8884050846099854
85   3.8209095001220703
86   4.164330959320068
87   2.7211685180664063
88   3.2235403060913086
89   2.989928722381592
90   3.5359160900115967
91   2.972921371459961
92   4.934189319610596
93   3.081188440322876
94   4.075644016265869
95   4.010397434234619
96   4.623470783233643
97   3.536242961883545
98   3.9529480934143066
99   3.72825288772583
100   3.5312414169311523
101   3.865786075592041
102   6.417362689971924
103   5.151849269866943
104   6.274077415466309
105   4.354316711425781
106   3.9905805587768555
107   3.2779669761657715
108   4.251252174377441
109   4.391463279724121
110   4.369117259979248
111   3.9330103397369385
112   3.3900821208953857
113   4.826639175415039
114   3.9136061668395996
115   3.9678454399108887
116   3.84249210357666
117   3.7574265003204346
118   3.404217481613159
119   3.5456509590148926
120   3.540611505508423
121   3.625652313232422
122   3.240738868713379
123   4.957333564758301
124   4.690238952636719
125   3.5156400203704834
126   4.112313270568848
127   3.1103155612945557
128   4.101811408996582
129   3.514382839202881
130   3.810558557510376
131   4.2398295402526855
132   3.990879774093628
133   2.8405885696411133
134   4.986039638519287
135   4.041955471038818
136   3.026841163635254
137   3.9400761127471924
138   3.998664617538452
139   3.533590793609619
140   5.006384372711182
141   3.903294086456299
142   5.222635746002197
143   3.3734536170959473
144   4.241664886474609
145   3.6112747192382813
146   3.6852664947509766
147   3.7111170291900635
148   4.556858539581299
149   4.362714767456055
150   4.395463466644287
151   5.440098285675049
152   3.4250245094299316
153   3.8418262004852295
154   3.6331889629364014
155   3.874030113220215
156   3.370952606201172
157   3.8481149673461914
158   3.6913528442382813
159   3.4888176918029785
160   4.014124870300293
161   3.2018604278564453
162   3.5732314586639404
163   3.089409351348877
164   4.134130477905273
