0   0.0
1   0.2087540328502655
2   0.2137678861618042
3   0.20824715495109558
4   0.2089882642030716
5   0.20899757742881775
6   0.21711298823356628
7   0.21354623138904572
8   0.21660882234573364
9   0.2675606906414032
10   0.31401628255844116
11   0.43671685457229614
12   0.5009395480155945
13   1.0448782444000244
14   1.2517045736312866
15   2.2701194286346436
16   1.6459485292434692
17   1.6226495504379272
18   1.9248926639556885
19   1.6717312335968018
20   1.9067888259887695
21   1.8577322959899902
22   1.6999034881591797
23   1.7183598279953003
24   1.8132580518722534
25   1.6492578983306885
26   1.7963910102844238
27   1.7296499013900757
28   1.5908219814300537
29   1.5906325578689575
30   1.6841232776641846
31   1.8755360841751099
32   1.6527351140975952
33   1.6034672260284424
34   1.8274586200714111
35   1.8856714963912964
36   1.721474528312683
37   1.757939100265503
38   1.9035906791687012
39   1.7088853120803833
40   1.6290465593338013
41   1.7441459894180298
42   1.577797770500183
43   1.6187293529510498
44   1.7595715522766113
45   1.7677607536315918
46   1.6720377206802368
47   1.5931309461593628
48   1.721160650253296
49   1.5452848672866821
50   1.718959093093872
51   1.6693905591964722
52   2.375985622406006
53   1.9079266786575317
54   2.112147092819214
55   2.220726490020752
56   2.0363335609436035
57   2.3437883853912354
58   2.0810227394104004
59   2.1413204669952393
60   2.0816268920898438
61   1.8958461284637451
62   1.5257388353347778
63   1.9564473628997803
64   1.9676257371902466
65   2.2196574211120605
66   1.5529719591140747
67   1.9851648807525635
68   2.2762043476104736
69   1.9810311794281006
70   1.9408990144729614
71   1.6005743741989136
72   1.6608798503875732
73   1.6689456701278687
74   1.4339330196380615
75   2.0996010303497314
76   1.7791212797164917
77   1.9294824600219727
78   1.6661769151687622
79   1.5699280500411987
80   1.5554887056350708
81   1.8248599767684937
82   1.9135804176330566
83   1.474018931388855
84   2.0992915630340576
85   1.950474500656128
86   1.5781700611114502
87   1.9407498836517334
88   2.0328032970428467
89   1.7725374698638916
90   2.0530130863189697
91   2.5737061500549316
92   1.923797607421875
93   1.7540165185928345
94   1.9905339479446411
95   1.7017463445663452
96   1.6881892681121826
97   1.8758741617202759
98   1.552520513534546
99   1.6570993661880493
100   2.2271974086761475
101   2.1305010318756104
102   1.6379679441452026
103   1.7104154825210571
104   1.7105945348739624
105   1.969613790512085
106   2.0615029335021973
107   1.9014374017715454
108   2.11244797706604
109   1.6467652320861816
110   1.5136868953704834
111   1.6226491928100586
112   1.510332703590393
113   1.7225635051727295
114   1.668054461479187
115   2.4873993396759033
116   1.5070264339447021
117   1.9001414775848389
118   2.1034433841705322
119   2.238006830215454
120   2.4369959831237793
121   1.7733408212661743
122   1.596158504486084
123   1.7137601375579834
124   2.277045726776123
125   1.6439456939697266
126   1.9705026149749756
127   1.5490177869796753
128   1.9185138940811157
129   1.7936152219772339
130   2.241966724395752
131   2.0860109329223633
132   2.1003870964050293
133   1.6465041637420654
134   1.9532369375228882
135   1.8103286027908325
136   1.5585414171218872
137   1.6830017566680908
138   1.6154961585998535
139   1.6603714227676392
140   1.609075665473938
141   1.7830009460449219
142   1.9990108013153076
143   1.813612937927246
144   2.003664255142212
145   1.804049015045166
146   1.6371912956237793
147   1.6787340641021729
148   1.551585078239441
149   1.9521865844726563
150   1.7118282318115234
151   1.932700514793396
152   1.76676344871521
153   2.0457804203033447
154   1.5150268077850342
155   1.9712629318237305
156   1.5874696969985962
157   1.373167634010315
158   1.870623230934143
159   1.6436467170715332
160   2.083314895629883
161   2.0669164657592773
162   1.8091819286346436
163   1.74363112449646
164   1.757198691368103
165   1.9183698892593384
166   1.6352869272232056
167   1.797478437423706
168   1.7150312662124634
169   1.5769553184509277
170   2.4987587928771973
171   2.11442232131958
172   1.8233636617660522
173   1.6789350509643555
174   1.8191752433776855
175   1.927837610244751
176   1.7024385929107666
177   2.0001578330993652
178   1.663101077079773
179   1.7035250663757324
180   1.9195353984832764
181   1.9781867265701294
182   1.8074592351913452
183   1.5677052736282349
184   1.6008641719818115
185   1.8941943645477295
186   2.5211122035980225
187   2.0197908878326416
188   1.987089991569519
189   1.8382270336151123
190   1.645836353302002
191   1.9334516525268555
192   2.1765646934509277
193   2.807305097579956
194   1.670817494392395
195   1.7119598388671875
196   1.9584819078445435
197   1.3654345273971558
198   1.5702879428863525
199   2.044656753540039
200   1.774161458015442
201   1.7906908988952637
202   1.8706938028335571
203   1.9009807109832764
204   1.8406803607940674
205   1.647773265838623
206   1.746329665184021
207   2.1433472633361816
208   1.815398931503296
209   1.8086222410202026
210   2.0748682022094727
211   1.5489338636398315
212   1.4551905393600464
213   1.7665534019470215
1   1.8313755989074707
2   1.7946794033050537
3   1.925640344619751
4   1.9718449115753174
5   1.6457189321517944
6   1.8337513208389282
7   1.9033366441726685
8   1.9989964962005615
9   2.326040506362915
10   2.021772623062134
11   2.113457202911377
12   1.9661022424697876
13   1.9042929410934448
14   1.8454365730285645
15   1.8682150840759277
16   2.6330738067626953
17   1.8903439044952393
18   1.5909175872802734
19   1.7845969200134277
20   1.6340923309326172
1   1.8791598081588745
2   1.9645699262619019
3   1.854048490524292
4   2.065056800842285
5   1.8822481632232666
6   2.0434253215789795
7   1.9508110284805298
8   2.1476874351501465
9   1.9831346273422241
10   1.8955061435699463
11   2.203068971633911
12   1.7691832780838013
13   2.1965267658233643
14   2.0464963912963867
15   2.175619602203369
16   1.9830000400543213
17   2.1211140155792236
18   2.2961583137512207
19   1.739689588546753
20   1.9388980865478516
21   1.9407777786254883
22   1.9027211666107178
23   1.757420301437378
24   2.3044345378875732
25   2.328533411026001
26   2.0644679069519043
27   2.09043550491333
28   1.8840676546096802
29   1.9643055200576782
30   1.867907166481018
31   2.1762187480926514
32   2.250298500061035
33   1.8461604118347168
34   2.2550289630889893
35   2.0905039310455322
36   2.4256978034973145
37   1.9812099933624268
38   2.217726945877075
39   2.2293460369110107
40   2.390550374984741
41   2.4922430515289307
42   2.4450042247772217
43   2.05900239944458
44   1.9556570053100586
45   2.393483877182007
46   2.093762159347534
47   1.9297115802764893
48   1.9783064126968384
49   2.1847739219665527
50   2.1972434520721436
51   2.2406392097473145
52   2.325061082839966
53   2.299408435821533
54   2.3679423332214355
55   1.904994249343872
56   2.104673147201538
57   2.0191843509674072
58   1.8570866584777832
59   1.8417859077453613
60   1.7794822454452515
61   1.7973992824554443
62   2.117708683013916
63   2.4331023693084717
64   2.040412425994873
65   2.635432004928589
66   2.2017087936401367
67   2.3050718307495117
68   2.1431539058685303
69   2.072981357574463
70   2.4165241718292236
71   1.8768585920333862
72   2.1766698360443115
73   2.248523473739624
74   2.201265811920166
75   2.1027796268463135
76   1.6042615175247192
77   1.8994686603546143
78   1.5945489406585693
79   1.8418048620224
80   1.9089022874832153
81   1.6230833530426025
82   1.4694191217422485
83   1.6817996501922607
84   1.8305379152297974
85   1.6755880117416382
86   1.6023837327957153
87   1.7434026002883911
88   2.087395191192627
89   1.9396188259124756
90   1.6380068063735962
91   2.0428619384765625
92   1.9848668575286865
93   2.0647244453430176
94   1.983644962310791
95   1.7059372663497925
96   1.6176174879074097
97   1.8743122816085815
98   2.602503538131714
99   1.7835577726364136
100   2.276358127593994
101   1.8628939390182495
102   1.836888074874878
103   2.031541347503662
104   2.3218257427215576
105   1.761415958404541
106   2.1890769004821777
107   1.935934066772461
108   1.8865039348602295
109   1.8017454147338867
110   1.8380762338638306
111   1.889955997467041
112   1.8345924615859985
113   2.0490636825561523
114   1.9845868349075317
115   1.848090410232544
116   2.0293822288513184
117   1.7247577905654907
118   1.9406578540802002
119   2.091703176498413
120   1.9403102397918701
121   1.8261799812316895
122   2.2820324897766113
123   2.213296413421631
124   1.99516761302948
125   2.066781759262085
126   1.8309694528579712
127   1.7817487716674805
128   1.9938735961914063
129   2.0456435680389404
130   1.8331422805786133
131   1.6288026571273804
132   1.7796703577041626
133   1.9328551292419434
134   1.7547039985656738
135   1.8124064207077026
136   1.6741673946380615
137   1.6805331707000732
138   1.5635324716567993
139   2.021833658218384
140   1.8951207399368286
141   1.8429734706878662
142   1.9154592752456665
143   1.8594963550567627
144   1.745384693145752
145   1.9497056007385254
146   1.9381221532821655
147   1.9066872596740723
148   2.1285483837127686
149   1.9570302963256836
150   1.8383872509002686
151   1.8379287719726563
152   1.592956304550171
153   2.0923407077789307
154   1.5344561338424683
155   1.8819615840911865
156   1.7312923669815063
157   1.8042935132980347
158   1.760643482208252
159   1.517123818397522
160   2.4233598709106445
1   1.5825977325439453
2   1.849802851676941
3   2.162693500518799
4   1.846583604812622
5   2.0711591243743896
6   2.0382277965545654
7   1.9407081604003906
8   1.8935164213180542
9   1.9288619756698608
10   1.9766871929168701
11   2.065756320953369
12   2.0750491619110107
13   2.059952735900879
14   1.927042841911316
15   1.7827528715133667
16   2.232060194015503
17   2.165147304534912
18   2.0591654777526855
19   1.7604442834854126
20   1.7572100162506104
21   1.6390314102172852
22   1.832334041595459
23   1.9347615242004395
24   1.7384732961654663
25   1.4324313402175903
26   1.855923056602478
27   2.0219874382019043
28   1.8960449695587158
29   1.4370070695877075
30   1.4502888917922974
31   1.5514495372772217
32   1.5793694257736206
33   1.8182638883590698
34   1.4274815320968628
35   1.4259568452835083
36   1.7123420238494873
37   1.7194104194641113
38   1.8492271900177002
39   1.6906579732894897
40   1.7562836408615112
41   1.6816633939743042
42   1.4695866107940674
43   2.154491662979126
44   1.6803239583969116
45   1.534590482711792
46   1.7072759866714478
47   1.8432163000106812
48   1.8518548011779785
49   1.8867173194885254
50   2.030625104904175
51   1.7139685153961182
52   1.4999667406082153
53   1.5107377767562866
54   2.1833109855651855
55   1.6924113035202026
56   1.5744253396987915
57   2.0045206546783447
58   1.616885781288147
59   1.8125007152557373
60   1.7218499183654785
61   1.4485414028167725
62   1.7607746124267578
63   2.127507209777832
64   1.9659879207611084
65   1.8000034093856812
66   1.5819722414016724
67   1.8395795822143555
68   1.6083070039749146
69   1.8102402687072754
70   2.384157180786133
71   2.2962162494659424
72   1.6531504392623901
73   2.296311378479004
74   1.6139217615127563
75   1.6128255128860474
76   1.9043768644332886
77   1.7918702363967896
78   1.7292366027832031
79   1.6171209812164307
80   1.330193281173706
81   1.7416744232177734
82   1.4945330619812012
83   1.9211500883102417
84   2.0267333984375
85   1.614142894744873
86   2.2775936126708984
87   1.9294085502624512
88   1.8527268171310425
89   1.4640783071517944
90   1.7401376962661743
91   1.8273977041244507
92   1.7723997831344604
93   1.7961676120758057
94   2.174602508544922
95   1.8247324228286743
96   1.6037266254425049
97   1.4141910076141357
98   1.7069153785705566
99   1.6286745071411133
100   1.7383989095687866
101   1.6281344890594482
102   2.126103401184082
103   2.062439203262329
104   2.0299673080444336
105   1.8494060039520264
106   1.7660564184188843
107   1.6711492538452148
108   1.5464755296707153
109   1.9936649799346924
110   1.8438907861709595
111   1.9282609224319458
112   1.8843181133270264
113   1.5249066352844238
114   1.6935348510742188
115   1.5194659233093262
116   1.3741087913513184
117   1.5896602869033813
118   1.8917964696884155
119   1.4644191265106201
120   1.7638870477676392
121   1.9972097873687744
122   1.719167947769165
123   1.9144340753555298
124   1.6093496084213257
125   1.7582837343215942
126   1.7141789197921753
127   1.6840333938598633
128   2.1716132164001465
129   1.8634124994277954
130   2.0355687141418457
131   1.7929039001464844
132   1.6098554134368896
133   1.542736530303955
134   1.7148696184158325
135   1.8600436449050903
136   2.069523811340332
137   1.7011923789978027
138   1.6475920677185059
139   1.677473783493042
140   2.030832290649414
141   2.0491209030151367
142   1.6415371894836426
143   1.8835374116897583
144   2.2136876583099365
145   1.7282074689865112
146   1.7426940202713013
147   1.5821412801742554
148   2.0783278942108154
149   1.854474663734436
150   1.815915822982788
151   2.155017375946045
152   1.5763298273086548
153   1.6162089109420776
154   1.5477135181427002
155   1.6112388372421265
156   1.537422776222229
157   1.5883299112319946
158   1.5224720239639282
159   1.75368070602417
160   1.9005868434906006
161   1.7146475315093994
162   1.8607592582702637
163   1.709207534790039
164   1.9556330442428589
