0   0.0
1   0.18752126395702362
2   0.19259999692440033
3   0.19207824766635895
4   0.19697998464107513
5   0.20030835270881653
6   0.20582136511802673
7   0.191489577293396
8   0.20518934726715088
9   0.2313937544822693
10   0.26927798986434937
11   0.39882463216781616
12   0.5041806697845459
13   0.9535847902297974
14   1.2239357233047485
15   2.2800028324127197
16   1.6791064739227295
17   1.6493020057678223
18   2.0527782440185547
19   1.8539762496948242
20   2.0989904403686523
21   1.9795844554901123
22   1.6809159517288208
23   1.7677909135818481
24   1.7496088743209839
25   1.6693404912948608
26   1.8548492193222046
27   1.7530708312988281
28   1.7217134237289429
29   1.6317616701126099
30   1.7744048833847046
31   2.0122647285461426
32   1.7828763723373413
33   1.7219852209091187
34   1.936081051826477
35   1.989920973777771
36   1.808330774307251
37   1.7685271501541138
38   1.9921036958694458
39   1.7884680032730103
40   1.708710789680481
41   1.850306749343872
42   1.6902676820755005
43   1.800826072692871
44   1.9270687103271484
45   1.8902137279510498
46   1.6898069381713867
47   1.6782565116882324
48   1.8961519002914429
49   1.586773157119751
50   1.7462085485458374
51   1.6560025215148926
52   2.442425489425659
53   1.9877147674560547
54   2.26780366897583
55   2.2204816341400146
56   2.1564433574676514
57   2.4898974895477295
58   2.260175943374634
59   2.263056993484497
60   2.223437547683716
61   2.003967761993408
62   1.562988042831421
63   2.0765135288238525
64   2.0559208393096924
65   2.361912727355957
66   1.769717812538147
67   2.083723306655884
68   2.343583345413208
69   2.042895793914795
70   2.0547683238983154
71   1.7898610830307007
72   1.7456625699996948
73   1.733801245689392
74   1.522611379623413
75   2.1906306743621826
76   1.9010322093963623
77   2.0212321281433105
78   1.744329571723938
79   1.670312762260437
80   1.6852686405181885
81   1.9421961307525635
82   2.0113325119018555
83   1.5800821781158447
84   2.158128023147583
85   2.018092632293701
86   1.6466872692108154
87   2.085113048553467
88   2.1360208988189697
89   1.8356319665908813
90   2.1155378818511963
91   2.551513671875
92   2.102947950363159
93   1.8261337280273438
94   2.1051790714263916
95   1.8099523782730103
96   1.7407599687576294
97   1.9730294942855835
98   1.6225379705429077
99   1.6890208721160889
100   2.302222490310669
101   2.278763771057129
102   1.7973518371582031
103   1.776990294456482
104   1.9013665914535522
105   1.999876856803894
106   2.1860053539276123
107   2.0119118690490723
108   2.1790544986724854
109   1.8945879936218262
110   1.6388092041015625
111   1.8283945322036743
112   1.6449233293533325
113   1.8555110692977905
114   1.8339120149612427
115   2.66988205909729
116   1.6492544412612915
117   2.0500502586364746
118   2.2323691844940186
119   2.3717784881591797
120   2.57568621635437
121   1.9902135133743286
122   1.6654287576675415
123   1.8507236242294312
124   2.4335851669311523
125   1.7883580923080444
126   2.1006999015808105
127   1.6292535066604614
128   2.0729458332061768
129   1.8840233087539673
130   2.332369565963745
131   2.245461940765381
132   2.07055926322937
133   1.738158941268921
134   2.090768575668335
135   1.8743103742599487
136   1.7430959939956665
137   1.8382824659347534
138   1.7281169891357422
139   1.7490020990371704
140   1.6903209686279297
141   1.9350452423095703
142   2.0389533042907715
143   1.9268978834152222
144   1.998916506767273
145   1.9844236373901367
146   1.6951743364334106
147   1.749311923980713
148   1.6430432796478271
149   2.031240224838257
150   1.822274923324585
151   2.044508934020996
152   1.869968295097351
153   2.1716082096099854
154   1.6227766275405884
155   2.0809826850891113
156   1.7284772396087646
157   1.352794885635376
158   2.0449349880218506
159   1.772384524345398
160   2.2270865440368652
161   2.2687692642211914
162   1.9336271286010742
163   1.8316255807876587
164   1.7743927240371704
165   2.073096752166748
166   1.7151978015899658
167   1.888509750366211
168   1.7935161590576172
169   1.5994654893875122
170   2.609792947769165
171   2.3219752311706543
172   1.8925111293792725
173   1.7920480966567993
174   1.9299806356430054
175   2.0542798042297363
176   1.7791804075241089
177   2.0600757598876953
178   1.6625752449035645
179   1.7669464349746704
180   1.9845101833343506
181   2.063490390777588
182   1.9535565376281738
183   1.5573253631591797
184   1.6217150688171387
185   1.9421685934066772
186   2.7376463413238525
187   2.1148555278778076
188   1.9366130828857422
189   1.947359323501587
190   1.7600523233413696
191   2.0173351764678955
192   2.2193658351898193
193   2.8624000549316406
194   1.7451069355010986
195   1.8246021270751953
196   1.9706649780273438
197   1.430623173713684
198   1.6042066812515259
199   2.1804747581481934
200   1.9466757774353027
201   1.8812114000320435
202   1.9788026809692383
203   1.9790455102920532
204   1.9139869213104248
205   1.6868033409118652
206   1.8939790725708008
207   2.2718451023101807
208   1.8817975521087646
209   1.9421656131744385
210   2.1955480575561523
211   1.6984641551971436
212   1.5530296564102173
213   1.893967866897583
1   1.9532136917114258
2   1.9213485717773438
3   2.0371005535125732
4   2.023550033569336
5   1.8207026720046997
6   1.986181616783142
7   1.9128109216690063
8   2.0943751335144043
9   2.0975985527038574
10   1.8459476232528687
11   2.121825933456421
12   2.0031380653381348
13   1.8707455396652222
14   1.782768726348877
15   1.9613608121871948
16   2.5883305072784424
17   1.801032304763794
18   1.7162413597106934
19   1.8713377714157104
20   1.5907607078552246
1   1.9420236349105835
2   1.9958972930908203
3   1.9105185270309448
4   2.1759696006774902
5   2.0218610763549805
6   2.239971160888672
7   1.9578289985656738
8   2.2555952072143555
9   2.125943422317505
10   2.106219530105591
11   2.4010965824127197
12   1.8909298181533813
13   2.333136796951294
14   2.073200225830078
15   2.3035755157470703
16   2.128605365753174
17   2.250720262527466
18   2.4273200035095215
19   1.7493783235549927
20   2.109727621078491
21   2.0830657482147217
22   2.040879487991333
23   1.8401955366134644
24   2.514934539794922
25   2.4434895515441895
26   2.2290966510772705
27   2.204284906387329
28   2.0038094520568848
29   2.0606651306152344
30   2.011141777038574
31   2.338613271713257
32   2.3465206623077393
33   1.8009755611419678
34   2.249267578125
35   2.086749792098999
36   2.333794355392456
37   1.954686164855957
38   2.266777515411377
39   2.2155864238739014
40   2.3586151599884033
41   2.4228620529174805
42   2.4953815937042236
43   2.0461740493774414
44   1.9129072427749634
45   2.365861177444458
46   2.111198663711548
47   1.8373931646347046
48   1.9319474697113037
49   2.126286268234253
50   2.152958631515503
51   2.4291794300079346
52   2.3383610248565674
53   2.5244572162628174
54   2.4916176795959473
55   2.10770845413208
56   2.336304187774658
57   2.056144952774048
58   1.9586087465286255
59   1.9021189212799072
60   1.897335171699524
61   1.8662810325622559
62   2.216399669647217
63   2.6137614250183105
64   2.01546049118042
65   2.6176533699035645
66   2.2812633514404297
67   2.429466962814331
68   2.2059574127197266
69   2.199101686477661
70   2.6359846591949463
71   1.9640485048294067
72   2.422271728515625
73   2.3725905418395996
74   2.324741840362549
75   2.1680808067321777
76   1.7419373989105225
77   2.0328593254089355
78   1.7026724815368652
79   2.002678155899048
80   2.0091018676757813
81   1.7559212446212769
82   1.5267666578292847
83   1.764879822731018
84   2.026838779449463
85   1.7522752285003662
86   1.657529354095459
87   1.7864717245101929
88   2.1520843505859375
89   2.1427805423736572
90   1.6840012073516846
91   2.1879405975341797
92   2.2414002418518066
93   2.2239630222320557
94   2.1872286796569824
95   1.7626736164093018
96   1.6443259716033936
97   1.8902562856674194
98   2.7105355262756348
99   1.7888505458831787
100   2.0434868335723877
101   1.9421221017837524
102   1.8795534372329712
103   2.0470573902130127
104   2.2616465091705322
105   1.8411611318588257
106   2.1925830841064453
107   1.8819808959960938
108   1.8850573301315308
109   1.932624101638794
110   1.8619413375854492
111   1.9297099113464355
112   1.7897937297821045
113   2.1045079231262207
114   1.9275760650634766
115   1.7797937393188477
116   1.9708396196365356
117   1.6132019758224487
118   1.8996680974960327
119   2.3307735919952393
120   2.0744850635528564
121   1.784927487373352
122   2.240915298461914
123   2.0782201290130615
124   2.041256904602051
125   2.172318696975708
126   1.9620994329452515
127   1.8601230382919312
128   1.9869173765182495
129   2.1278247833251953
130   1.74147629737854
131   1.6959130764007568
132   1.7203309535980225
133   2.037832021713257
134   1.8564484119415283
135   1.9326947927474976
136   1.6673259735107422
137   1.6542940139770508
138   1.5476030111312866
139   2.1007490158081055
140   1.9984501600265503
141   1.8504266738891602
142   1.9878084659576416
143   1.924071192741394
144   1.887040615081787
145   2.0141022205352783
146   1.9389026165008545
147   1.966871738433838
148   2.2609474658966064
149   2.017589807510376
150   1.926095724105835
151   1.9594780206680298
152   1.6978778839111328
153   2.1878182888031006
154   1.7025749683380127
155   1.9968233108520508
156   1.829293966293335
157   1.8942183256149292
158   1.8390772342681885
159   1.5502700805664063
160   2.605715274810791
1   1.6996878385543823
2   1.9040749073028564
3   2.380535364151001
4   1.9604822397232056
5   2.177377462387085
6   2.156235456466675
7   2.1182727813720703
8   2.0596156120300293
9   2.0475423336029053
10   2.1705210208892822
11   2.2567520141601563
12   2.1561129093170166
13   2.239898681640625
14   2.087374687194824
15   1.964029312133789
16   2.4536781311035156
17   2.2950003147125244
18   2.2189295291900635
19   1.894703984260559
20   1.9305368661880493
21   1.6789495944976807
22   1.927362084388733
23   2.068448066711426
24   1.8742766380310059
25   1.5337296724319458
26   1.9699329137802124
27   2.218196153640747
28   1.9242695569992065
29   1.5734684467315674
30   1.586871862411499
31   1.6882133483886719
32   1.7960096597671509
33   1.9910975694656372
34   1.5826019048690796
35   1.4902452230453491
36   1.77560555934906
37   1.8761812448501587
38   1.973925232887268
39   1.895533561706543
40   1.8969841003417969
41   1.9119354486465454
42   1.6295864582061768
43   2.2127888202667236
44   1.8079630136489868
45   1.641606092453003
46   1.77651047706604
47   1.8459168672561646
48   1.9908946752548218
49   2.0127854347229004
50   2.1942660808563232
51   1.8612775802612305
52   1.699968934059143
53   1.617207646369934
54   2.35841703414917
55   1.879198670387268
56   1.7479254007339478
57   2.1904163360595703
58   1.8917254209518433
59   1.9339921474456787
60   1.8765857219696045
61   1.6238312721252441
62   1.9296685457229614
63   2.3145039081573486
64   2.118587017059326
65   1.9767940044403076
66   1.7410478591918945
67   1.9957387447357178
68   1.7004261016845703
69   1.921830654144287
70   2.5062012672424316
71   2.392219066619873
72   1.7013764381408691
73   2.4868783950805664
74   1.7106095552444458
75   1.800872564315796
76   1.9529054164886475
77   1.9827229976654053
78   1.8295085430145264
79   1.8006459474563599
80   1.4386818408966064
81   1.6790941953659058
82   1.6474813222885132
83   2.0547525882720947
84   2.1896157264709473
85   1.7105979919433594
86   2.4162826538085938
87   2.027186393737793
88   2.0620639324188232
89   1.5674242973327637
90   1.7200978994369507
91   1.979945182800293
92   1.9268414974212646
93   1.9733318090438843
94   2.334850311279297
95   1.9367585182189941
96   1.6801505088806152
97   1.4616297483444214
98   1.8194146156311035
99   1.7822296619415283
100   1.8102167844772339
101   1.8378478288650513
102   2.2951014041900635
103   2.1305642127990723
104   2.202387571334839
105   1.9904801845550537
106   1.9942741394042969
107   1.7876695394515991
108   1.6610981225967407
109   2.1018154621124268
110   2.06238055229187
111   2.015300989151001
112   2.0787646770477295
113   1.8018300533294678
114   1.777937412261963
115   1.6369640827178955
116   1.4550151824951172
117   1.7729321718215942
118   2.022979259490967
119   1.645584225654602
120   1.8554449081420898
121   2.221864700317383
122   1.9495844841003418
123   2.059116840362549
124   1.7700079679489136
125   1.9309191703796387
126   1.771997332572937
127   1.8211641311645508
128   2.3439650535583496
129   1.981326937675476
130   2.220142364501953
131   1.8963531255722046
132   1.7400919198989868
133   1.5916029214859009
134   1.6926928758621216
135   1.9970850944519043
136   2.124927043914795
137   1.7208698987960815
138   1.7959134578704834
139   1.7535321712493896
140   2.1241211891174316
141   2.068596839904785
142   1.7452468872070313
143   2.0154948234558105
144   2.2890241146087646
145   1.8378010988235474
146   1.8143366575241089
147   1.7038089036941528
148   2.2034122943878174
149   2.0156090259552
150   1.814637541770935
151   2.2866199016571045
152   1.7097119092941284
153   1.7172547578811646
154   1.7197692394256592
155   1.7377594709396362
156   1.5591927766799927
157   1.6577339172363281
158   1.661961555480957
159   1.7905807495117188
160   1.9113322496414185
161   1.8637113571166992
162   2.0233139991760254
163   1.767052173614502
164   2.0350921154022217
