0   0.0
1   0.2340167760848999
2   0.2707923352718353
3   0.3039834499359131
4   0.22161325812339783
5   0.1887424886226654
6   0.23389871418476105
7   0.16264303028583527
8   0.21009491384029388
9   1.016107439994812
10   1.191656470298767
11   3.2198705673217773
12   2.2553839683532715
13   1.9386398792266846
14   2.279279947280884
15   2.4421775341033936
16   2.896211624145508
17   2.3553924560546875
18   2.389265775680542
19   2.1387991905212402
20   2.2207255363464355
21   2.3082165718078613
22   2.382997989654541
23   2.2480478286743164
24   2.135150909423828
25   2.4321868419647217
26   1.9459654092788696
27   2.048222303390503
28   2.62316632270813
29   2.5864453315734863
30   2.049494504928589
31   2.128469944000244
32   2.622828722000122
33   1.9679147005081177
34   2.100466728210449
35   2.347240447998047
36   2.6202006340026855
37   2.8636045455932617
38   2.515371561050415
39   2.433189630508423
40   2.4659059047698975
41   2.174927234649658
42   2.4343600273132324
43   2.5856292247772217
44   2.758918285369873
45   3.0713396072387695
46   1.632203221321106
47   1.183687686920166
48   2.0503437519073486
49   1.4786698818206787
50   1.592537760734558
51   1.6294339895248413
52   1.185882568359375
53   1.1212096214294434
54   1.3377504348754883
55   1.4018127918243408
56   0.8581826090812683
57   1.791912317276001
58   1.5301539897918701
59   2.8411779403686523
60   3.9335103034973145
61   1.3289607763290405
62   1.3448642492294312
63   1.3393040895462036
64   1.6623456478118896
65   1.7150694131851196
66   2.419938087463379
67   1.2556952238082886
68   1.968352198600769
69   1.218306541442871
70   1.3362312316894531
71   1.6454867124557495
72   1.5804100036621094
73   1.1232762336730957
74   1.3810145854949951
75   1.6101330518722534
76   1.391480803489685
77   1.2793711423873901
78   1.6079026460647583
79   1.228045105934143
80   2.270097255706787
81   1.201045274734497
82   1.205817699432373
83   1.671610951423645
84   1.3900988101959229
85   1.2323020696640015
86   1.5491989850997925
87   1.2631932497024536
88   1.2285990715026855
89   1.2898378372192383
90   1.4509217739105225
91   1.1844655275344849
92   2.447614908218384
93   2.3078207969665527
94   2.950822114944458
95   1.7169264554977417
96   1.5633426904678345
97   1.7918494939804077
98   2.953871488571167
99   2.6500279903411865
100   2.452350616455078
101   1.4290807247161865
102   1.0906826257705688
103   0.9986158013343811
104   1.6354953050613403
105   1.8493003845214844
106   1.2474653720855713
107   1.373820424079895
108   1.1834733486175537
109   3.9546079635620117
110   2.239809513092041
111   1.603348970413208
112   0.8512234687805176
113   1.5975645780563354
114   1.8618476390838623
115   1.263784646987915
116   1.159728765487671
117   1.8405914306640625
118   1.3027756214141846
119   1.2965539693832397
120   1.4579328298568726
121   1.147781491279602
122   1.9285558462142944
123   0.9855781197547913
124   1.4324924945831299
125   1.7126119136810303
126   1.482071876525879
127   1.4389326572418213
128   1.184941053390503
129   1.371433138847351
130   0.8271493315696716
131   1.240375280380249
132   1.190012812614441
133   1.1670047044754028
134   1.2743337154388428
135   0.9257107973098755
136   1.1117236614227295
137   1.3186240196228027
138   0.9023239612579346
139   0.7460541129112244
140   0.9763277173042297
141   1.2525947093963623
142   0.9159242510795593
143   1.5190850496292114
144   1.3328545093536377
145   1.572460412979126
146   1.5537652969360352
147   1.145992636680603
148   1.40999174118042
149   1.680970549583435
150   1.6828062534332275
151   1.127794861793518
152   1.4097585678100586
153   1.5251705646514893
154   1.9018549919128418
155   2.6380810737609863
156   1.3028558492660522
157   1.229105830192566
158   1.6777924299240112
159   1.9467992782592773
160   1.6221373081207275
161   1.4323811531066895
162   1.4761794805526733
163   1.6129926443099976
164   1.3076144456863403
165   1.603327989578247
166   1.026879906654358
167   1.5117249488830566
168   1.8311920166015625
169   1.60793137550354
170   3.1691195964813232
171   2.028360605239868
172   1.2883353233337402
173   1.9834281206130981
174   1.4547841548919678
175   1.168013095855713
176   1.621019721031189
177   3.39436936378479
178   2.1669609546661377
179   1.2869137525558472
180   1.2842236757278442
181   1.5928170680999756
182   2.0276451110839844
183   0.8387218117713928
184   1.7341939210891724
185   1.0843724012374878
186   1.0324928760528564
187   2.404733419418335
188   2.6943953037261963
189   3.1041526794433594
190   1.6897621154785156
191   0.9553084969520569
192   1.0981770753860474
193   1.3196028470993042
194   1.2168850898742676
195   1.4938747882843018
196   1.7948578596115112
197   1.516011118888855
198   1.364212989807129
199   1.384118676185608
200   1.7344619035720825
201   1.454506754875183
202   1.8419969081878662
203   1.1546658277511597
204   1.566441297531128
205   1.5797135829925537
206   2.1165080070495605
207   1.797504186630249
208   2.078359603881836
1   1.3466721773147583
2   1.0920491218566895
3   0.797732412815094
4   1.495163917541504
5   1.4073041677474976
6   1.0202603340148926
7   1.428032636642456
8   1.114488124847412
9   0.9071725606918335
10   1.2736876010894775
11   1.7164442539215088
12   1.7121604681015015
13   1.269771933555603
14   0.9909809827804565
15   1.902104139328003
16   1.4649090766906738
17   0.8651911616325378
18   1.0197465419769287
19   1.2792941331863403
20   1.2287390232086182
1   1.2941224575042725
2   1.3809939622879028
3   1.3415324687957764
4   1.6576385498046875
5   1.4977740049362183
6   1.4217357635498047
7   1.401404857635498
8   1.300438642501831
9   1.3710682392120361
10   1.5031158924102783
11   1.2411346435546875
12   1.4248812198638916
13   1.349123477935791
14   1.1011234521865845
15   1.2340527772903442
16   1.2928824424743652
17   1.3914387226104736
18   1.3148460388183594
19   1.1643192768096924
20   1.505029320716858
21   1.3649318218231201
22   1.2607446908950806
23   1.3464516401290894
24   1.3949918746948242
25   1.2286040782928467
26   1.330108880996704
27   1.2562965154647827
28   1.227378487586975
29   1.3484829664230347
30   1.5578498840332031
31   1.2764818668365479
32   1.1259714365005493
33   1.298805594444275
34   1.3863049745559692
35   1.181304693222046
36   1.3067811727523804
37   1.3600239753723145
38   1.2293872833251953
39   1.2661244869232178
40   1.3154759407043457
41   1.3369407653808594
42   1.4550940990447998
43   1.4079782962799072
44   1.5086060762405396
45   1.2768744230270386
46   1.5553139448165894
47   1.622468113899231
48   1.246071696281433
49   0.9867022037506104
50   1.2872436046600342
51   1.3168394565582275
52   1.4372854232788086
53   1.240844964981079
54   1.2002754211425781
55   1.1006133556365967
56   1.300166368484497
57   1.340182900428772
58   1.2774564027786255
59   1.1576361656188965
60   1.2092769145965576
61   1.269517183303833
62   1.404658555984497
63   1.1900449991226196
64   1.2911827564239502
65   1.2881629467010498
66   1.375901699066162
67   1.5146821737289429
68   1.360081434249878
69   1.247114658355713
70   1.1779811382293701
71   1.4469140768051147
72   1.3935489654541016
73   1.2761415243148804
74   1.3361375331878662
75   1.145016074180603
76   1.303976058959961
77   1.3240574598312378
78   1.3152199983596802
79   1.327314019203186
80   1.5319876670837402
81   1.3611031770706177
82   1.2238601446151733
83   1.493572473526001
84   1.2833513021469116
85   1.5221529006958008
86   1.4195964336395264
87   1.5439555644989014
88   1.5256953239440918
89   1.3435982465744019
90   1.267819881439209
91   1.223469853401184
92   1.271416425704956
93   1.5091631412506104
94   1.3823485374450684
95   1.553153395652771
96   1.2263424396514893
97   1.4042394161224365
98   1.5628961324691772
99   1.1369166374206543
100   1.4826056957244873
101   1.2342979907989502
102   1.1465002298355103
103   1.2755225896835327
104   1.0918828248977661
105   1.1677303314208984
106   1.5674916505813599
107   1.3590519428253174
108   1.3021000623703003
109   1.5350369215011597
110   1.2013832330703735
111   1.501917839050293
112   1.3770607709884644
113   1.5505954027175903
114   1.4604066610336304
115   1.4716352224349976
116   1.377714991569519
117   1.3501731157302856
118   1.4720083475112915
119   1.2791119813919067
120   1.4570509195327759
121   1.4091023206710815
122   1.1790318489074707
123   1.2482609748840332
124   1.4698649644851685
125   1.253586769104004
126   1.443070650100708
127   1.2801560163497925
128   1.4492697715759277
129   1.3653180599212646
130   1.30631685256958
131   1.4860789775848389
132   1.3472052812576294
133   1.4834918975830078
134   1.5622683763504028
135   1.3215341567993164
136   1.7233607769012451
137   1.5342135429382324
138   1.3367418050765991
139   1.2276060581207275
140   1.3080921173095703
141   1.1231374740600586
142   1.2380181550979614
143   1.5271611213684082
144   1.3972007036209106
145   1.3956104516983032
146   1.4642502069473267
147   1.6922242641448975
148   1.2264856100082397
149   1.4960941076278687
150   1.6473039388656616
151   1.3664593696594238
152   1.6142959594726563
153   1.5664225816726685
154   1.3816163539886475
155   1.302884817123413
156   1.4819930791854858
157   1.4331386089324951
158   1.5499327182769775
159   1.3228861093521118
160   1.3569620847702026
1   1.3365782499313354
2   1.2745908498764038
3   1.497829794883728
4   1.236769676208496
5   1.3512927293777466
6   1.2518771886825562
7   1.3246508836746216
8   1.2614789009094238
9   1.4076387882232666
10   1.3108463287353516
11   1.181999683380127
12   1.1174744367599487
13   1.5047259330749512
14   1.321799635887146
15   1.423743486404419
16   1.3991591930389404
17   1.5030806064605713
18   1.5115108489990234
19   1.414485216140747
20   1.3180209398269653
21   1.446907877922058
22   1.2323942184448242
23   1.410489797592163
24   1.652256727218628
25   1.7494447231292725
26   1.424023151397705
27   1.5352802276611328
28   1.3791507482528687
29   1.4659937620162964
30   1.243981122970581
31   1.3408621549606323
32   1.4756969213485718
33   1.6356629133224487
34   1.4308733940124512
35   1.5557814836502075
36   1.4093451499938965
37   1.4406592845916748
38   1.2616761922836304
39   2.0201332569122314
40   1.7249755859375
41   1.253084421157837
42   1.4161396026611328
43   1.6014083623886108
44   1.398413062095642
45   1.7617100477218628
46   1.651283860206604
47   1.7042968273162842
48   1.7036559581756592
49   1.5725607872009277
50   1.719329595565796
51   1.1339653730392456
52   1.8131625652313232
53   1.2416541576385498
54   1.5238537788391113
55   1.8609936237335205
56   1.4370990991592407
57   1.6324236392974854
58   2.1584525108337402
59   1.1716498136520386
60   1.6081724166870117
61   1.5295679569244385
62   1.9263510704040527
63   1.762229084968567
64   1.6693612337112427
65   1.856842279434204
66   1.3520008325576782
67   1.0244086980819702
68   2.2552921772003174
69   2.1107101440429688
70   1.6116862297058105
71   1.175121545791626
72   2.104602336883545
73   1.5997366905212402
74   1.6056956052780151
75   1.236563801765442
76   1.4652732610702515
77   2.4366939067840576
78   2.5140273571014404
79   1.7428243160247803
80   2.735661506652832
81   3.4349000453948975
82   2.4265172481536865
83   3.015273094177246
84   2.667891263961792
85   2.1521167755126953
86   2.786877155303955
87   2.673650026321411
88   2.426739454269409
89   2.1207516193389893
90   2.388866901397705
91   2.2841057777404785
92   2.3412835597991943
93   3.2234885692596436
94   3.201629638671875
95   3.698833465576172
96   2.262941360473633
97   2.4405100345611572
98   1.3424351215362549
99   1.1667455434799194
100   2.3900017738342285
101   0.9489900469779968
102   1.4936630725860596
103   1.5013433694839478
104   1.4948681592941284
105   1.3480645418167114
106   1.3273913860321045
107   0.9449482560157776
108   1.3361109495162964
109   2.6259350776672363
110   1.1689553260803223
111   1.2584041357040405
112   0.997011661529541
113   1.1154698133468628
114   1.4073481559753418
115   1.4405359029769897
116   1.3394876718521118
117   1.3840445280075073
118   0.9573297500610352
119   1.431222677230835
120   1.5435818433761597
121   1.3038408756256104
122   1.1732323169708252
123   1.1584089994430542
124   1.1783581972122192
125   1.382393717765808
126   1.706627368927002
127   1.367861032485962
128   1.5684564113616943
129   1.296573519706726
130   1.4001387357711792
131   1.398302435874939
132   1.253913164138794
133   1.5730708837509155
134   1.7024697065353394
135   1.5940309762954712
136   1.5628483295440674
137   1.444785714149475
138   1.4634876251220703
139   1.4439470767974854
140   1.4863121509552002
141   1.7821104526519775
142   1.22127103805542
143   1.0807403326034546
144   1.396388053894043
145   1.1107522249221802
146   1.168458104133606
147   1.7139259576797485
148   1.1711015701293945
149   1.3230329751968384
150   1.4266666173934937
151   1.4200745820999146
152   1.4687209129333496
153   1.2551300525665283
154   1.0496426820755005
155   1.5731079578399658
156   1.3765770196914673
157   1.261117696762085
158   1.3319820165634155
159   1.393661618232727
160   1.1442545652389526
161   1.341705322265625
162   1.5037298202514648
163   1.3165408372879028
164   1.3827385902404785
