0   0.0
1   1.397482991218567
2   1.2409950494766235
3   1.2551674842834473
4   1.347654104232788
5   1.230082631111145
6   1.0806139707565308
7   1.1177424192428589
8   1.347029209136963
9   1.1932951211929321
10   1.6452810764312744
11   1.3916583061218262
12   1.7329447269439697
13   2.3986830711364746
14   3.1009178161621094
15   3.1132938861846924
16   2.9745242595672607
17   3.5423920154571533
18   3.464560031890869
19   3.6251978874206543
20   2.813316583633423
21   4.092004776000977
22   2.6578118801116943
23   2.9152495861053467
24   4.070444107055664
25   4.049211502075195
26   4.425248146057129
27   3.0377867221832275
28   3.9439187049865723
29   3.838533878326416
30   5.028566360473633
31   3.785541296005249
32   3.03371524810791
33   3.0467116832733154
34   3.797022581100464
35   3.708610773086548
36   3.7075793743133545
37   4.157836437225342
38   3.3158681392669678
39   3.136655330657959
40   3.572648048400879
41   4.697310447692871
42   4.569003105163574
43   4.0748138427734375
44   1.776003122329712
45   2.6102371215820313
46   1.5393919944763184
47   2.7053356170654297
48   3.1802256107330322
49   3.7664170265197754
50   3.498605728149414
51   3.05424165725708
52   3.6576077938079834
53   2.9224915504455566
54   2.750739097595215
55   3.4922056198120117
56   3.9389662742614746
57   4.399576187133789
58   4.297198295593262
59   4.595155715942383
60   2.6514132022857666
61   3.3912172317504883
62   3.0422847270965576
63   3.5907886028289795
64   3.401442289352417
65   3.834249496459961
66   3.7170543670654297
67   2.9540460109710693
68   3.9583959579467773
69   3.426051378250122
70   2.3371620178222656
71   3.773638963699341
72   3.926623821258545
73   3.059157133102417
74   3.4436094760894775
75   4.359086513519287
76   1.9247746467590332
77   3.9456722736358643
78   3.055983066558838
79   3.5497984886169434
80   2.8497393131256104
81   3.3252861499786377
82   3.456974983215332
83   3.6225814819335938
84   3.976102352142334
85   4.183569431304932
86   3.0147955417633057
87   3.492642641067505
88   2.727060556411743
89   4.239206790924072
90   4.078841686248779
91   2.9154553413391113
92   3.2339069843292236
93   4.5322041511535645
94   4.397996425628662
95   3.574397087097168
96   4.012019634246826
97   3.477386236190796
98   3.735255002975464
99   3.575331211090088
100   3.987011432647705
101   4.179040431976318
102   3.671879529953003
103   3.814753532409668
104   4.602180480957031
105   3.2396206855773926
106   3.691781759262085
107   2.4298689365386963
108   2.1246702671051025
109   1.240206003189087
110   4.674178600311279
111   3.6613245010375977
112   4.4855427742004395
113   6.1331071853637695
114   3.6050307750701904
115   4.479315757751465
116   4.158317565917969
117   3.178476572036743
118   3.621530771255493
119   3.22414493560791
120   3.469731092453003
121   3.4983205795288086
122   3.55314040184021
123   4.0287394523620605
124   3.123333692550659
125   2.8076047897338867
126   3.4738264083862305
127   4.707337379455566
128   4.2043914794921875
129   4.157951831817627
130   5.307300090789795
131   4.148918151855469
132   3.2585418224334717
133   4.424907207489014
134   3.0764167308807373
135   4.018796920776367
136   4.084447860717773
137   3.2150115966796875
138   4.273182392120361
139   3.363438367843628
140   3.3609423637390137
141   4.260491847991943
142   4.190072536468506
143   2.9432477951049805
144   2.3302645683288574
145   4.354063510894775
146   3.7439024448394775
147   2.8795111179351807
148   4.5561089515686035
149   3.690760850906372
150   3.9987359046936035
151   3.5515365600585938
152   3.1978750228881836
153   2.4916603565216064
154   3.3542871475219727
155   3.180250644683838
156   3.148047924041748
157   2.9664573669433594
158   4.009240627288818
159   2.9904305934906006
160   3.188236713409424
161   3.451641082763672
162   4.216462135314941
163   3.5340864658355713
164   2.9092772006988525
165   3.5218350887298584
166   2.7391576766967773
167   4.4341959953308105
168   4.661200046539307
169   3.0798327922821045
170   3.658266544342041
171   3.447262763977051
172   2.0160317420959473
173   2.508669137954712
174   2.0794053077697754
175   2.3276987075805664
176   1.986788034439087
177   2.4122633934020996
178   3.7447421550750732
179   2.922390937805176
180   2.11015248298645
181   4.22214412689209
182   5.21203088760376
183   4.094474792480469
184   2.7238643169403076
185   4.140333652496338
186   4.677055835723877
187   4.090011119842529
188   3.52069354057312
189   3.941467523574829
190   4.579395771026611
191   3.698003053665161
192   3.284411668777466
193   3.741563320159912
194   3.0727245807647705
195   3.0228629112243652
196   3.608090400695801
197   4.139439582824707
198   3.921727180480957
199   3.804339647293091
200   3.712859869003296
201   4.002365589141846
202   2.295604944229126
203   1.5537817478179932
204   1.3291752338409424
205   2.3944294452667236
206   2.9829330444335938
207   2.8744304180145264
208   2.5425307750701904
209   3.381727457046509
210   3.5153443813323975
211   4.2380170822143555
212   2.7251553535461426
213   3.962782144546509
1   4.5285162925720215
2   3.4545273780822754
3   3.9568393230438232
4   4.820998191833496
5   2.2082457542419434
6   3.5142905712127686
7   3.345522165298462
8   4.165350914001465
9   3.8724851608276367
10   3.8699560165405273
11   2.4971513748168945
12   3.9004340171813965
13   3.9607536792755127
14   3.1203315258026123
15   4.333103656768799
16   3.909078598022461
17   4.674043655395508
18   2.997246742248535
19   3.452526569366455
20   1.1957288980484009
1   1.4985584020614624
2   4.1831488609313965
3   3.8340957164764404
4   3.4440011978149414
5   3.4803261756896973
6   4.19489049911499
7   2.7418863773345947
8   3.417515516281128
9   4.187959671020508
10   3.205329179763794
11   3.6920974254608154
12   2.929882526397705
13   3.5227744579315186
14   3.477936029434204
15   4.419816017150879
16   2.771510362625122
17   3.296454668045044
18   3.4990594387054443
19   3.264672040939331
20   3.4455103874206543
21   3.5967957973480225
22   4.8795061111450195
23   3.4086496829986572
24   4.77140474319458
25   3.707548141479492
26   4.079403877258301
27   3.7209484577178955
28   3.8468916416168213
29   2.9827075004577637
30   3.407261610031128
31   2.6442573070526123
32   3.657303810119629
33   3.7662949562072754
34   1.9070756435394287
35   3.6201913356781006
36   4.591022491455078
37   2.8925585746765137
38   4.530172824859619
39   4.010138988494873
40   2.7314085960388184
41   3.9954569339752197
42   3.4320104122161865
43   5.169859886169434
44   3.6540110111236572
45   3.7748918533325195
46   3.4955337047576904
47   4.5026655197143555
48   4.5528998374938965
49   4.667309761047363
50   3.5940303802490234
51   3.2240793704986572
52   2.4410605430603027
53   4.293641567230225
54   3.3545989990234375
55   5.530729293823242
56   2.810706853866577
57   4.420639991760254
58   4.839797496795654
59   3.683706521987915
60   5.261882781982422
61   3.5096209049224854
62   3.9045238494873047
63   4.498939514160156
64   3.2942442893981934
65   5.024405002593994
66   4.740775108337402
67   4.553661346435547
68   4.0762619972229
69   5.601142406463623
70   5.037045001983643
71   3.58171010017395
72   2.5501937866210938
73   4.23459529876709
74   4.706913471221924
75   3.679658889770508
76   3.7098610401153564
77   4.7349629402160645
78   4.561083793640137
79   3.6571130752563477
80   3.1690006256103516
81   4.1494460105896
82   3.345579147338867
83   3.403594732284546
84   2.7024030685424805
85   3.4117584228515625
86   2.3398170471191406
87   1.8024442195892334
88   2.463681697845459
89   3.1295454502105713
90   2.6310951709747314
91   3.040675401687622
92   3.324136734008789
93   4.134977340698242
94   2.6128838062286377
95   1.625899314880371
96   1.0173662900924683
97   3.2863142490386963
98   2.725004196166992
99   4.825507164001465
100   5.456254005432129
101   4.678981781005859
102   3.762199878692627
103   4.075399875640869
104   3.6063051223754883
105   1.7848718166351318
106   3.2227718830108643
107   2.4271419048309326
108   1.7948373556137085
109   3.2697064876556396
110   2.729246139526367
111   2.405651092529297
112   1.738023281097412
113   2.4029531478881836
114   1.4361512660980225
115   3.6774332523345947
116   3.624650239944458
117   3.871454954147339
118   4.1366400718688965
119   5.549263000488281
120   3.207087755203247
121   3.968989610671997
122   4.341606140136719
123   3.707625150680542
124   4.385304927825928
125   3.8787267208099365
126   3.113323450088501
127   3.5844345092773438
128   2.585847854614258
129   3.510265350341797
130   3.4103481769561768
131   4.49540376663208
132   4.391432762145996
133   3.811953067779541
134   4.135441303253174
135   3.8699936866760254
136   4.200128555297852
137   3.8356611728668213
138   3.851846218109131
139   3.6664865016937256
140   4.037416458129883
141   3.0613651275634766
142   3.147812604904175
143   4.03599739074707
144   3.3117599487304688
145   4.015041351318359
146   2.8355672359466553
147   3.205583095550537
148   2.882216691970825
149   4.636127948760986
150   3.8833565711975098
151   3.5852465629577637
152   3.586876392364502
153   2.9530582427978516
154   3.0085067749023438
155   3.0972390174865723
156   3.0693612098693848
157   3.905690908432007
158   2.659680128097534
159   2.3409948348999023
160   2.3569557666778564
1   2.0189545154571533
2   1.9119727611541748
3   3.570891857147217
4   4.88869571685791
5   3.466010093688965
6   3.6426150798797607
7   4.675199508666992
8   4.48772668838501
9   3.9638993740081787
10   3.478206157684326
11   3.3845908641815186
12   4.07272481918335
13   3.7144649028778076
14   3.7178823947906494
15   3.4084858894348145
16   3.6218066215515137
17   2.2211084365844727
18   2.916498899459839
19   3.707883596420288
20   4.048444747924805
21   1.8250129222869873
22   2.336254835128784
23   2.5577540397644043
24   3.8966336250305176
25   3.8021674156188965
26   3.8451802730560303
27   3.795774221420288
28   3.2506110668182373
29   4.694273948669434
30   3.60160756111145
31   3.459096670150757
32   4.846541881561279
33   4.006918907165527
34   4.20494270324707
35   3.6576969623565674
36   3.634746551513672
37   3.1723318099975586
38   3.124677896499634
39   2.7262463569641113
40   2.9488894939422607
41   4.498774528503418
42   3.0398881435394287
43   4.8644843101501465
44   3.1195647716522217
45   3.2054498195648193
46   4.135705471038818
47   3.8578381538391113
48   3.5306880474090576
49   4.10135555267334
50   3.339618682861328
51   3.5917062759399414
52   3.1156015396118164
53   2.5536258220672607
54   3.540123462677002
55   3.9369349479675293
56   2.819836139678955
57   3.09683895111084
58   2.7892465591430664
59   2.550469398498535
60   3.315042018890381
61   2.9647011756896973
62   4.061026096343994
63   3.3033297061920166
64   3.6969475746154785
65   7.205321311950684
66   3.413210391998291
67   3.2672019004821777
68   3.977335214614868
69   2.2603933811187744
70   2.1021406650543213
71   3.156874418258667
72   3.862273931503296
73   2.499929666519165
74   3.979907989501953
75   3.2529678344726563
76   2.808720827102661
77   4.2970781326293945
78   3.2933356761932373
79   3.5326449871063232
80   3.731673002243042
81   2.992192029953003
82   2.978904962539673
83   4.4373297691345215
84   3.2699546813964844
85   4.020853042602539
86   3.543801784515381
87   4.111958980560303
88   3.9080934524536133
89   6.137479305267334
90   3.6833372116088867
91   4.3219523429870605
92   4.204478740692139
93   3.5556886196136475
94   3.710537910461426
95   3.166081428527832
96   3.2374227046966553
97   3.7718236446380615
98   3.9414854049682617
99   3.41090989112854
100   3.278921365737915
101   3.6790452003479004
102   4.901904582977295
103   2.958482265472412
104   3.6793324947357178
105   4.005204200744629
106   3.385380268096924
107   3.3976759910583496
108   2.9414405822753906
109   3.3430535793304443
110   3.7908384799957275
111   3.2968649864196777
112   2.88320255279541
113   3.377002477645874
114   3.5438995361328125
115   5.309434413909912
116   4.232937812805176
117   4.352977275848389
118   3.4079926013946533
119   4.024093151092529
120   4.63191556930542
121   3.4984664916992188
122   5.2267985343933105
123   5.591750621795654
124   4.322502613067627
125   4.1887125968933105
126   4.001985549926758
127   4.121659755706787
128   5.404139041900635
129   4.776531219482422
130   6.410273551940918
131   6.379530429840088
132   5.2914299964904785
133   6.100489139556885
134   5.772228717803955
135   7.6160054206848145
136   6.158437728881836
137   6.903648376464844
138   9.303704261779785
139   8.26746940612793
140   8.403307914733887
141   7.861298561096191
142   8.582839012145996
143   10.145780563354492
144   10.061137199401855
145   8.477335929870605
146   9.993317604064941
147   9.372797966003418
148   10.439237594604492
149   9.936697006225586
150   10.68695068359375
151   10.801077842712402
152   9.677206039428711
153   12.334755897521973
154   11.535796165466309
155   10.953338623046875
156   11.352007865905762
157   11.983043670654297
158   10.345305442810059
159   13.391340255737305
160   13.240985870361328
161   12.72899055480957
162   12.309209823608398
163   11.098061561584473
164   12.544638633728027
