0   0.0
1   0.1864587813615799
2   0.1749434620141983
3   0.1829814612865448
4   0.18578803539276123
5   0.1809583455324173
6   0.17982429265975952
7   0.19560059905052185
8   0.19172285497188568
9   0.27342620491981506
10   0.2839222550392151
11   0.28060534596443176
12   0.31571540236473083
13   0.3043472170829773
14   0.27780967950820923
15   0.26810213923454285
16   0.30082669854164124
17   0.29418423771858215
18   0.2741767168045044
19   0.28787246346473694
20   0.2649596631526947
21   0.28964999318122864
22   0.26693084836006165
23   0.2946145832538605
24   0.2710862159729004
25   0.2927764356136322
26   0.2879723608493805
27   0.30012837052345276
28   0.2639179527759552
29   0.2885095477104187
30   0.265560507774353
31   0.2775196135044098
32   0.2633488178253174
33   0.26002150774002075
34   0.2500232458114624
35   0.3101516366004944
36   0.2801238000392914
37   0.2911783754825592
38   0.2815922796726227
39   0.27197831869125366
40   0.28681182861328125
41   0.26397719979286194
42   0.28245648741722107
43   0.29027059674263
44   0.29567307233810425
45   0.2840482294559479
46   0.3540703058242798
47   0.3027416467666626
48   0.3113006353378296
49   0.32024306058883667
50   0.29558810591697693
51   0.2992706894874573
52   0.2922721207141876
53   0.2807700037956238
54   0.28751611709594727
55   0.30095741152763367
56   0.3143075406551361
57   0.28150784969329834
58   0.2943256199359894
59   0.3140488266944885
60   0.27127426862716675
61   0.29572978615760803
62   0.28874680399894714
63   0.2970562279224396
64   0.32595178484916687
65   0.31351348757743835
66   0.3022695779800415
67   0.330923467874527
68   0.29034778475761414
69   0.29768308997154236
70   0.29387742280960083
71   0.2831699848175049
72   0.279013454914093
73   0.26783058047294617
74   0.3094486892223358
75   0.2937915027141571
76   0.2814635932445526
77   0.28977349400520325
78   0.32537415623664856
79   0.3266791105270386
80   0.2979215085506439
81   0.2713553309440613
82   0.2982182502746582
83   0.31711965799331665
84   0.29183903336524963
85   0.31260570883750916
86   0.31302115321159363
87   0.29517051577568054
88   0.28810760378837585
89   0.32003116607666016
90   0.29134663939476013
91   0.30837616324424744
92   0.29722633957862854
93   0.26814740896224976
94   0.2797713875770569
95   0.2684459686279297
96   0.31219482421875
97   0.3043031394481659
98   0.2899641990661621
99   0.285498708486557
100   0.28953588008880615
101   0.29160240292549133
102   0.30962488055229187
103   0.30953118205070496
104   0.31511762738227844
105   0.27497556805610657
106   0.29053518176078796
107   0.285806268453598
108   0.29520872235298157
109   0.31027406454086304
110   0.2861526608467102
111   0.30273377895355225
112   0.3114393353462219
113   0.3138977587223053
114   0.3052230179309845
115   0.3109060525894165
116   0.3097696602344513
117   0.2820754945278168
118   0.30009639263153076
119   0.3072925806045532
120   0.2833048701286316
121   0.2802911400794983
122   0.28980156779289246
123   0.2726633846759796
124   0.2849043309688568
125   0.29080531001091003
126   0.2914144694805145
127   0.2769728899002075
128   0.28835198283195496
129   0.3208394944667816
130   0.2909979224205017
131   0.30662477016448975
132   0.3003687262535095
133   0.31255432963371277
134   0.3010334372520447
135   0.27901196479797363
136   0.29178574681282043
137   0.29976657032966614
138   0.28499600291252136
139   0.3034619688987732
140   0.30299344658851624
141   0.31515565514564514
142   0.30268600583076477
143   0.28196069598197937
144   0.29709818959236145
145   0.30134692788124084
146   0.2898663580417633
147   0.31759393215179443
148   0.29900527000427246
149   0.31712979078292847
150   0.3120422065258026
151   0.29898494482040405
152   0.28968220949172974
153   0.30863597989082336
154   0.30340322852134705
155   0.2936730980873108
156   0.28084278106689453
157   0.28180381655693054
158   0.29453685879707336
159   0.3334127962589264
160   0.28930702805519104
161   0.3160117268562317
162   0.2948557734489441
163   0.3193826377391815
164   0.3193322718143463
165   0.321597695350647
166   0.3037676513195038
167   0.29376837611198425
168   0.3062322437763214
169   0.29486557841300964
170   0.28055092692375183
171   0.31403782963752747
172   0.3016617000102997
173   0.31857940554618835
174   0.3121472895145416
175   0.27781447768211365
176   0.2802668809890747
177   0.28721484541893005
178   0.3140209913253784
179   0.2909635305404663
180   0.31377121806144714
181   0.32630428671836853
182   0.2844882607460022
183   0.30027952790260315
184   0.32645949721336365
185   0.27647045254707336
186   0.2931119203567505
187   0.30269327759742737
188   0.30423709750175476
189   0.29620495438575745
190   0.295523077249527
191   0.2868947684764862
192   0.288351833820343
193   0.31500867009162903
194   0.32338741421699524
195   0.26411503553390503
196   0.29240837693214417
197   0.2883298695087433
198   0.2806343734264374
199   0.2670018970966339
200   0.28967681527137756
201   0.30219703912734985
202   0.28943586349487305
203   0.31093016266822815
204   0.298186331987381
205   0.2971675992012024
206   0.3237251043319702
207   0.27196162939071655
208   0.30216309428215027
1   0.3088056147098541
2   0.30609801411628723
3   0.32904252409935
4   0.31387367844581604
5   0.2701217532157898
6   0.29974713921546936
7   0.30254772305488586
8   0.2976178228855133
9   0.3140355050563812
10   0.2986578941345215
11   0.30969947576522827
12   0.30365028977394104
13   0.30676332116127014
14   0.2714208662509918
15   0.2790290117263794
16   0.27671483159065247
17   0.3048473596572876
18   0.3045583665370941
19   0.28542590141296387
20   0.32236653566360474
1   0.2980824410915375
2   0.2864772379398346
3   0.300504207611084
4   0.3003150522708893
5   0.3158018887042999
6   0.28201499581336975
7   0.27146297693252563
8   0.28360414505004883
9   0.30922043323516846
10   0.31767991185188293
11   0.2845008969306946
12   0.29787662625312805
13   0.29200562834739685
14   0.30580615997314453
15   0.2927261292934418
16   0.2868223190307617
17   0.315182626247406
18   0.2583419382572174
19   0.2895268201828003
20   0.2913428246974945
21   0.31134748458862305
22   0.29855623841285706
23   0.27862438559532166
24   0.29575538635253906
25   0.3073958456516266
26   0.2937329113483429
27   0.27381983399391174
28   0.2870875597000122
29   0.3195872902870178
30   0.31435948610305786
31   0.2761366367340088
32   0.30277958512306213
33   0.2890865206718445
34   0.2931704521179199
35   0.3158431947231293
36   0.3011602461338043
37   0.2770773470401764
38   0.27826687693595886
39   0.291219562292099
40   0.2861238121986389
41   0.3201538324356079
42   0.3281114995479584
43   0.30823028087615967
44   0.31101924180984497
45   0.32270559668540955
46   0.31170034408569336
47   0.2919132113456726
48   0.30195170640945435
49   0.28212714195251465
50   0.3016788959503174
51   0.3065442740917206
52   0.30902573466300964
53   0.3088093400001526
54   0.3139263987541199
55   0.3242477476596832
56   0.28149282932281494
57   0.28267452120780945
58   0.30572959780693054
59   0.31411588191986084
60   0.2943352460861206
61   0.29873690009117126
62   0.29205217957496643
63   0.30731749534606934
64   0.28299906849861145
65   0.29750630259513855
66   0.31806841492652893
67   0.32068032026290894
68   0.29811352491378784
69   0.28863242268562317
70   0.2878454923629761
71   0.32022109627723694
72   0.28140607476234436
73   0.29275619983673096
74   0.2790980935096741
75   0.29564666748046875
76   0.2851649522781372
77   0.3149881362915039
78   0.2948431074619293
79   0.2897607386112213
80   0.3204086422920227
81   0.29287275671958923
82   0.29967206716537476
83   0.30080345273017883
84   0.29538771510124207
85   0.3024746775627136
86   0.32262304425239563
87   0.3001268208026886
88   0.2884136736392975
89   0.3168521523475647
90   0.29365459084510803
91   0.3177582919597626
92   0.299565851688385
93   0.2892855703830719
94   0.30663517117500305
95   0.28280961513519287
96   0.31053897738456726
97   0.2982112169265747
98   0.28181761503219604
99   0.3194272220134735
100   0.3194231390953064
101   0.3047294020652771
102   0.31641942262649536
103   0.3186338543891907
104   0.2939569354057312
105   0.288513720035553
106   0.30205783247947693
107   0.2897130250930786
108   0.2757125794887543
109   0.2949334979057312
110   0.2848782241344452
111   0.3002845346927643
112   0.3160189688205719
113   0.3039275109767914
114   0.277559757232666
115   0.2793767750263214
116   0.2837890386581421
117   0.29492831230163574
118   0.3085171580314636
119   0.3182453513145447
120   0.3059214949607849
121   0.2878694534301758
122   0.2903722822666168
123   0.30661386251449585
124   0.3121066689491272
125   0.27251189947128296
126   0.2987765669822693
127   0.2823372781276703
128   0.2956794202327728
129   0.2808607220649719
130   0.28258731961250305
131   0.2876873314380646
132   0.29970571398735046
133   0.2851426899433136
134   0.31276124715805054
135   0.3156978487968445
136   0.31481871008872986
137   0.3028877079486847
138   0.3030543327331543
139   0.29698461294174194
140   0.2859013080596924
141   0.2789713144302368
142   0.28863534331321716
143   0.3144158124923706
144   0.3346908390522003
145   0.2980085611343384
146   0.3204064965248108
147   0.31356000900268555
148   0.28859731554985046
149   0.3089662492275238
150   0.31352147459983826
151   0.31388217210769653
152   0.30774787068367004
153   0.3306383490562439
154   0.28889209032058716
155   0.31790170073509216
156   0.29678627848625183
157   0.31855809688568115
158   0.322236567735672
159   0.31574171781539917
160   0.2792823612689972
1   0.3168695271015167
2   0.30610549449920654
3   0.2980705797672272
4   0.3158503472805023
5   0.32914331555366516
6   0.29380354285240173
7   0.29408910870552063
8   0.2950889468193054
9   0.31325098872184753
10   0.2830057740211487
11   0.3011167347431183
12   0.2818071246147156
13   0.30434855818748474
14   0.29302269220352173
15   0.28066205978393555
16   0.34443366527557373
17   0.29082930088043213
18   0.29563575983047485
19   0.29303041100502014
20   0.3001970946788788
21   0.2943071722984314
22   0.29638978838920593
23   0.2840747833251953
24   0.27966955304145813
25   0.30338990688323975
26   0.32182320952415466
27   0.2864406406879425
28   0.30803120136260986
29   0.2987463176250458
30   0.3060668408870697
31   0.3064534664154053
32   0.308844655752182
33   0.2845304012298584
34   0.3011815845966339
35   0.28799116611480713
36   0.2889401912689209
37   0.3135748505592346
38   0.2879067063331604
39   0.2927078604698181
40   0.32362890243530273
41   0.3144488036632538
42   0.29289984703063965
43   0.3077791929244995
44   0.2992613911628723
45   0.28538206219673157
46   0.29185107350349426
47   0.2964596748352051
48   0.2810879349708557
49   0.2954455316066742
50   0.2805536985397339
51   0.3047471046447754
52   0.3031581938266754
53   0.281042218208313
54   0.29605090618133545
55   0.2996753752231598
56   0.2938111126422882
57   0.30439525842666626
58   0.30171141028404236
59   0.3069295287132263
60   0.2935943901538849
61   0.29538875818252563
62   0.3005422055721283
63   0.2882454991340637
64   0.28437575697898865
65   0.2888319492340088
66   0.29267868399620056
67   0.28821173310279846
68   0.3067658245563507
69   0.28572437167167664
70   0.2885341942310333
71   0.30248546600341797
72   0.2883719205856323
73   0.3135872185230255
74   0.2753239870071411
75   0.2993302345275879
76   0.2921909689903259
77   0.3067300319671631
78   0.2819112241268158
79   0.309001088142395
80   0.326815128326416
81   0.29145583510398865
82   0.3193555474281311
83   0.3051953911781311
84   0.29627498984336853
85   0.28403735160827637
86   0.283843994140625
87   0.2838112413883209
88   0.3171846568584442
89   0.30236297845840454
90   0.29347267746925354
91   0.29393649101257324
92   0.3035150468349457
93   0.30625030398368835
94   0.2915978729724884
95   0.28514763712882996
96   0.298467218875885
97   0.27467072010040283
98   0.29202911257743835
99   0.28128859400749207
100   0.29766497015953064
101   0.30456894636154175
102   0.3154290020465851
103   0.3086329996585846
104   0.2966231107711792
105   0.31331518292427063
106   0.2976956069469452
107   0.2992759943008423
108   0.27129927277565
109   0.28431203961372375
110   0.2847413420677185
111   0.2958675026893616
112   0.28686434030532837
113   0.28374341130256653
114   0.29032573103904724
115   0.30429908633232117
116   0.30746346712112427
117   0.29180318117141724
118   0.28957757353782654
119   0.31177958846092224
120   0.3067774176597595
121   0.2698192000389099
122   0.29520073533058167
123   0.3011311888694763
124   0.28013482689857483
125   0.2796684801578522
126   0.30713894963264465
127   0.2756945788860321
128   0.29643791913986206
129   0.28751322627067566
130   0.31844455003738403
131   0.3007570505142212
132   0.2610572874546051
133   0.295538991689682
134   0.29323679208755493
135   0.29780709743499756
136   0.28750601410865784
137   0.30019378662109375
138   0.2983536720275879
139   0.2918412685394287
140   0.3047921061515808
141   0.29302582144737244
142   0.2938607931137085
143   0.29401695728302
144   0.2797246277332306
145   0.3116748034954071
146   0.2903052568435669
147   0.2872167229652405
148   0.3107354938983917
149   0.3141619861125946
150   0.29111146926879883
151   0.27727892994880676
152   0.31726306676864624
153   0.28717291355133057
154   0.30501580238342285
155   0.29258307814598083
156   0.2851463258266449
157   0.28809794783592224
158   0.2815386652946472
159   0.2615002393722534
160   0.30678510665893555
161   0.30858516693115234
162   0.2888459265232086
163   0.30969929695129395
164   0.32012996077537537
