0   0.0
1   0.2207198143005371
2   0.16952651739120483
3   0.1917950063943863
4   0.18013088405132294
5   0.1995919942855835
6   0.1631530225276947
7   0.21315549314022064
8   0.23793701827526093
9   2.0269713401794434
10   1.7820698022842407
11   1.228430151939392
12   1.811256766319275
13   2.0370712280273438
14   1.4074190855026245
15   1.3511738777160645
16   0.986892580986023
17   1.4292891025543213
18   1.6489019393920898
19   1.817191243171692
20   1.6710081100463867
21   1.4983601570129395
22   1.7818299531936646
23   2.065249443054199
24   2.842860698699951
25   1.3605985641479492
26   1.7050544023513794
27   1.3256652355194092
28   1.1131256818771362
29   1.0161066055297852
30   1.5613961219787598
31   1.1875016689300537
32   1.4860707521438599
33   2.0295071601867676
34   0.9126832485198975
35   1.0128973722457886
36   0.7650627493858337
37   0.8268278241157532
38   1.1947174072265625
39   1.3958213329315186
40   1.177303433418274
41   0.9197114706039429
42   1.0389070510864258
43   1.1306774616241455
44   1.0178005695343018
45   1.182305932044983
46   1.024567723274231
47   0.8522849678993225
48   1.135953664779663
49   1.1351674795150757
50   0.8875660300254822
51   0.867758572101593
52   1.3981956243515015
53   1.117606282234192
54   0.8890419006347656
55   1.1790050268173218
56   0.8985089659690857
57   1.1003162860870361
58   0.8884091377258301
59   1.7540984153747559
60   0.8644683361053467
61   1.0472779273986816
62   1.1591852903366089
63   0.8152778744697571
64   1.1999239921569824
65   0.9654191732406616
66   0.9146965742111206
67   1.1904982328414917
68   1.125504970550537
69   1.2346417903900146
70   0.6984520554542542
71   1.373977780342102
72   1.2704776525497437
73   1.3355382680892944
74   1.3914746046066284
75   0.9926624894142151
76   2.473879814147949
77   1.2874234914779663
78   0.7773277759552002
79   1.273024320602417
80   1.1251857280731201
81   1.1689331531524658
82   1.151363730430603
83   1.2578893899917603
84   1.0506319999694824
85   0.8090914487838745
86   1.4856520891189575
87   1.0253798961639404
88   1.0795783996582031
89   0.9224652051925659
90   1.3104487657546997
91   0.9540749192237854
92   1.127966046333313
93   1.387748122215271
94   1.2342039346694946
95   1.0397104024887085
96   1.4863475561141968
97   1.0644373893737793
98   0.8979952931404114
99   0.9973471164703369
100   1.2752889394760132
101   0.9631291627883911
102   1.4329020977020264
103   1.3417322635650635
104   0.7427029609680176
105   1.1655280590057373
106   0.8311593532562256
107   1.0083383321762085
108   1.595028281211853
109   1.3376413583755493
110   1.203610897064209
111   1.050607442855835
112   1.0937498807907104
113   0.9245310425758362
114   0.9760669469833374
115   1.0084195137023926
116   0.882206916809082
117   1.1163424253463745
118   1.321205973625183
119   1.2407304048538208
120   1.3293604850769043
121   0.9481419324874878
122   1.318496584892273
123   0.9524979591369629
124   1.5334597826004028
125   0.9053756594657898
126   1.1066941022872925
127   1.7934678792953491
128   1.0353424549102783
129   0.9690959453582764
130   1.3033677339553833
131   0.8819289803504944
132   0.9023692011833191
133   1.111601710319519
134   1.1654614210128784
135   0.742609441280365
136   1.3297665119171143
137   1.5646047592163086
138   1.0790293216705322
139   1.4712082147598267
140   1.2461283206939697
141   0.848770260810852
142   1.0884833335876465
143   0.8232036828994751
144   0.9574354290962219
145   1.144885540008545
146   0.8960534334182739
147   0.8992694616317749
148   0.8196121454238892
149   1.063718557357788
150   1.3599966764450073
151   1.4196248054504395
152   0.938169538974762
153   0.8511866331100464
154   1.092017412185669
155   1.0092731714248657
156   1.103251576423645
157   0.9816785454750061
158   0.9658563137054443
159   1.1761589050292969
160   1.19062077999115
161   1.1038835048675537
162   1.074052333831787
163   0.9991633296012878
164   1.5738415718078613
165   1.3187947273254395
166   1.0364959239959717
167   1.2852206230163574
168   1.2668663263320923
169   0.9588877558708191
170   1.3041480779647827
171   0.9040677547454834
172   1.4111944437026978
173   1.0835038423538208
174   1.4415671825408936
175   1.7260384559631348
176   1.3675131797790527
177   0.7758711576461792
178   1.5653340816497803
179   0.9974374175071716
180   1.154686450958252
181   1.0024328231811523
182   0.9065130352973938
183   1.4929687976837158
184   1.338182806968689
185   1.2662608623504639
186   1.503163456916809
187   1.1973273754119873
188   0.9866722822189331
189   0.9665012359619141
190   1.0974937677383423
191   1.5100585222244263
192   1.2711049318313599
193   0.7473312616348267
194   1.2970173358917236
195   0.9721143841743469
196   1.3121577501296997
197   1.1894038915634155
198   0.9560451507568359
199   1.2659224271774292
200   1.7339659929275513
201   1.110095739364624
202   0.8155845403671265
203   0.9788632392883301
204   1.3226318359375
205   1.0365312099456787
206   0.9970424175262451
207   0.7151044607162476
208   0.9784929752349854
1   1.047789454460144
2   1.2670693397521973
3   1.131889820098877
4   0.8418863415718079
5   0.9351592659950256
6   1.0332496166229248
7   0.728456437587738
8   1.005914330482483
9   1.4421898126602173
10   1.3151922225952148
11   1.3540058135986328
12   1.1079349517822266
13   0.8775604963302612
14   1.3229773044586182
15   0.9418725967407227
16   0.9215220212936401
17   1.0912034511566162
18   1.1386805772781372
19   1.4400057792663574
20   1.2037211656570435
1   0.6648606657981873
2   0.8359964489936829
3   0.836848795413971
4   0.8139524459838867
5   0.7755940556526184
6   1.0026745796203613
7   0.6944815516471863
8   0.8644883632659912
9   0.8826907873153687
10   0.9015354514122009
11   0.8273032903671265
12   0.818897545337677
13   0.9009054899215698
14   0.8719021081924438
15   0.9029458165168762
16   0.7389649748802185
17   0.7598422765731812
18   0.8356879949569702
19   0.8445963859558105
20   0.8344557285308838
21   0.9128683805465698
22   0.8340466022491455
23   0.7926746606826782
24   0.9912436604499817
25   0.7548176050186157
26   0.8879202008247375
27   0.8221983313560486
28   0.7471599578857422
29   0.9058569073677063
30   0.8786063194274902
31   0.6789609789848328
32   0.7972615361213684
33   1.0188385248184204
34   0.9050315022468567
35   0.8425570726394653
36   0.9418805241584778
37   0.7185435891151428
38   0.8053936958312988
39   0.8815835118293762
40   0.8496197462081909
41   0.9860920906066895
42   0.9085919857025146
43   0.8936719298362732
44   0.881515383720398
45   0.6877171397209167
46   0.6426895260810852
47   0.8775478005409241
48   0.8599559664726257
49   0.7581043839454651
50   0.6988673210144043
51   0.8452547788619995
52   0.9494849443435669
53   0.8971613049507141
54   0.9857085347175598
55   0.8613847494125366
56   0.9626121520996094
57   0.7998179793357849
58   0.7857231497764587
59   0.8376781344413757
60   0.8275059461593628
61   0.8308345675468445
62   0.8938824534416199
63   0.7222832441329956
64   0.941981315612793
65   0.9569095373153687
66   0.9056824445724487
67   0.8479698896408081
68   0.9426383376121521
69   0.8550204634666443
70   0.8391871452331543
71   0.659151017665863
72   0.8123794794082642
73   0.7055590152740479
74   0.6675974130630493
75   0.8221902847290039
76   0.803911030292511
77   0.9946355819702148
78   0.7225936651229858
79   0.7728686332702637
80   1.0906455516815186
81   0.7076364159584045
82   0.7569073438644409
83   1.0141220092773438
84   0.8161873817443848
85   0.7969235181808472
86   0.9499625563621521
87   0.7728807926177979
88   0.9994462728500366
89   0.7961567044258118
90   0.885744571685791
91   0.7797369360923767
92   1.0633689165115356
93   0.9247370362281799
94   0.8111753463745117
95   0.8078983426094055
96   0.7913174033164978
97   0.9402845501899719
98   0.9009578824043274
99   0.8204750418663025
100   0.7647097706794739
101   0.7772597670555115
102   1.1160424947738647
103   0.7492558360099792
104   0.7596145272254944
105   0.8054788112640381
106   0.7194377183914185
107   0.6711812019348145
108   1.1453626155853271
109   0.797402024269104
110   0.7214093208312988
111   1.0122655630111694
112   0.8082858920097351
113   0.784199595451355
114   0.8461848497390747
115   0.8637542724609375
116   0.782025933265686
117   0.5847127437591553
118   0.8957823514938354
119   0.9739629030227661
120   0.7851402759552002
121   0.8016283512115479
122   0.7872117757797241
123   0.8228585124015808
124   0.7071657180786133
125   0.7238399982452393
126   0.82806795835495
127   0.6841522455215454
128   0.774692714214325
129   0.9764283299446106
130   0.905632734298706
131   0.80238938331604
132   0.8711429238319397
133   0.8542847037315369
134   0.9858028292655945
135   0.9377937912940979
136   0.9085915088653564
137   0.8899645805358887
138   0.9991980195045471
139   0.89825838804245
140   0.9003405570983887
141   0.8885930776596069
142   0.8512957692146301
143   0.834049642086029
144   1.011497139930725
145   0.8685897588729858
146   1.034684658050537
147   0.839937150478363
148   0.7012956142425537
149   0.9431386590003967
150   0.8873692154884338
151   0.8380185961723328
152   0.8940443992614746
153   0.9401530623435974
154   0.767248272895813
155   0.7904107570648193
156   0.7905056476593018
157   1.0354318618774414
158   0.8473514914512634
159   0.7559161186218262
160   0.968543291091919
1   0.768938422203064
2   0.7750605344772339
3   0.7895713448524475
4   0.8878450393676758
5   0.7629862427711487
6   0.752544105052948
7   0.9122404456138611
8   0.8350040912628174
9   0.9189980030059814
10   0.8146601915359497
11   1.0428788661956787
12   0.9693241119384766
13   0.8732699155807495
14   0.8180837035179138
15   0.935749888420105
16   0.7908734083175659
17   0.8625590801239014
18   0.8522719740867615
19   0.782383918762207
20   1.1347668170928955
21   0.8248701095581055
22   0.8769211769104004
23   1.0300109386444092
24   1.0842595100402832
25   1.1947804689407349
26   0.8794049620628357
27   1.1865248680114746
28   0.6243208050727844
29   0.6497746706008911
30   0.9010433554649353
31   0.9557172060012817
32   1.3354368209838867
33   0.8710583448410034
34   1.0560797452926636
35   1.3494311571121216
36   0.9794285893440247
37   0.9282187819480896
38   1.089088797569275
39   0.9430133700370789
40   1.3943088054656982
41   1.470068335533142
42   1.0930509567260742
43   0.8614779114723206
44   1.0754032135009766
45   1.2693002223968506
46   1.3814773559570313
47   0.9118191599845886
48   0.9537755250930786
49   1.0319737195968628
50   0.8912884593009949
51   1.3621519804000854
52   1.4420078992843628
53   1.4823073148727417
54   1.1766037940979004
55   1.0996288061141968
56   1.306831955909729
57   1.2471630573272705
58   1.2753325700759888
59   1.0344948768615723
60   0.9333450198173523
61   1.4454280138015747
62   1.5624094009399414
63   1.23955500125885
64   1.2313963174819946
65   1.4490365982055664
66   1.1671487092971802
67   1.2786327600479126
68   1.111390233039856
69   1.2098329067230225
70   1.6719270944595337
71   1.4017894268035889
72   1.1491587162017822
73   1.5458277463912964
74   1.5899988412857056
75   1.4044231176376343
76   1.7109673023223877
77   1.4410408735275269
78   1.211098313331604
79   1.2000842094421387
80   1.3264025449752808
81   1.4447873830795288
82   1.1392205953598022
83   1.0869059562683105
84   1.0312072038650513
85   1.1888402700424194
86   1.64439857006073
87   1.1594048738479614
88   0.8056784272193909
89   1.6323482990264893
90   1.472150444984436
91   1.3450946807861328
92   1.6163636445999146
93   1.4645912647247314
94   1.0939936637878418
95   1.4794669151306152
96   1.7560690641403198
97   1.3691210746765137
98   1.375043272972107
99   1.335344910621643
100   1.5345538854599
101   1.3062387704849243
102   2.077998638153076
103   1.5288282632827759
104   1.6020803451538086
105   1.310361385345459
106   1.032963514328003
107   1.1005035638809204
108   1.7591617107391357
109   1.1298224925994873
110   1.2493640184402466
111   1.302950143814087
112   1.34351646900177
113   1.4003808498382568
114   1.2943135499954224
115   0.9312829375267029
116   1.0857850313186646
117   1.307383418083191
118   1.6896382570266724
119   0.769206166267395
120   1.4280362129211426
121   1.2639323472976685
122   1.3747953176498413
123   1.3906153440475464
124   0.9849091172218323
125   1.3259748220443726
126   1.0970845222473145
127   1.7026793956756592
128   0.9221099615097046
129   1.244593620300293
130   0.896991491317749
131   0.9468970894813538
132   1.1270763874053955
133   1.2741702795028687
134   0.9833882451057434
135   0.8976138234138489
136   0.932523787021637
137   0.9527266025543213
138   1.3036301136016846
139   1.0451492071151733
140   0.8807407021522522
141   1.0268580913543701
142   1.0354253053665161
143   0.9923281073570251
144   0.7865203022956848
145   0.841968834400177
146   1.2424861192703247
147   0.9583296179771423
148   1.0315569639205933
149   0.8745286464691162
150   0.8948656320571899
151   0.824912965297699
152   0.8902921080589294
153   0.8069400787353516
154   1.0492281913757324
155   0.6971428990364075
156   0.7632046937942505
157   0.8930706977844238
158   0.7063865661621094
159   0.8886069059371948
160   0.782310962677002
161   0.7578726410865784
162   0.8485943675041199
163   0.8442537784576416
164   0.8728402256965637
