0   0.0
1   0.19427719712257385
2   0.19783228635787964
3   0.2001880258321762
4   0.20955991744995117
5   0.19237273931503296
6   0.18249289691448212
7   0.1914309412240982
8   0.19169029593467712
9   1.1313958168029785
10   1.173490285873413
11   1.0280964374542236
12   1.0143043994903564
13   1.0361584424972534
14   1.2193043231964111
15   1.040122628211975
16   1.2299120426177979
17   1.0211856365203857
18   0.9620174169540405
19   1.001955270767212
20   1.214590072631836
21   0.958232581615448
22   0.9894953370094299
23   0.8632737398147583
24   1.093101143836975
25   1.0055084228515625
26   1.1243226528167725
27   1.4916962385177612
28   1.3698184490203857
29   1.2054234743118286
30   0.8857503533363342
31   1.1114062070846558
32   1.1354221105575562
33   1.0586761236190796
34   1.1787986755371094
35   1.4097992181777954
36   1.1742182970046997
37   1.4085999727249146
38   1.2777800559997559
39   1.0851179361343384
40   1.148382544517517
41   1.030737280845642
42   0.9995561242103577
43   1.0520241260528564
44   1.249322772026062
45   1.0273768901824951
46   1.241333246231079
47   1.2433141469955444
48   1.3567962646484375
49   1.393476128578186
50   1.4330247640609741
51   1.1799026727676392
52   1.2675580978393555
53   1.0300118923187256
54   1.06509268283844
55   1.2497574090957642
56   1.2886426448822021
57   1.1089404821395874
58   1.231226921081543
59   1.1760321855545044
60   1.2899810075759888
61   0.9775017499923706
62   1.1415563821792603
63   1.2544891834259033
64   0.9998758435249329
65   1.2802449464797974
66   1.2020312547683716
67   1.3057595491409302
68   1.2293472290039063
69   1.1555492877960205
70   1.345602035522461
71   1.1164132356643677
72   1.2118148803710938
73   1.3185898065567017
74   1.1048448085784912
75   1.2481250762939453
76   0.9536218047142029
77   1.218558669090271
78   1.1676461696624756
79   1.1838083267211914
80   1.1320319175720215
81   1.3239312171936035
82   1.4206470251083374
83   1.3617595434188843
84   1.260222315788269
85   1.1582878828048706
86   1.1936005353927612
87   1.4218864440917969
88   1.1562535762786865
89   1.1005971431732178
90   1.2528257369995117
91   1.1153212785720825
92   1.1416248083114624
93   1.4305952787399292
94   1.4073395729064941
95   1.4803919792175293
96   1.1773383617401123
97   1.3834710121154785
98   1.0173747539520264
99   1.2300182580947876
100   1.1687681674957275
101   1.0654470920562744
102   0.9242611527442932
103   1.2435965538024902
104   1.180013656616211
105   1.205494999885559
106   1.1737300157546997
107   1.081080436706543
108   1.157668113708496
109   1.2153955698013306
110   1.1494728326797485
111   1.3913763761520386
112   1.2884072065353394
113   1.5086266994476318
114   1.4302401542663574
115   1.3960682153701782
116   1.2934859991073608
117   1.3575340509414673
118   1.3236654996871948
119   1.5545459985733032
120   1.4786162376403809
121   1.237801194190979
122   1.2425968647003174
123   1.0378930568695068
124   1.43858802318573
125   1.2933976650238037
126   1.0805720090866089
127   1.2908601760864258
128   1.340197205543518
129   1.454009771347046
130   1.3011434078216553
131   1.5215884447097778
132   1.4776893854141235
133   1.358837366104126
134   0.9254303574562073
135   1.3656877279281616
136   1.3958942890167236
137   1.422636866569519
138   1.396702527999878
139   1.1622170209884644
140   1.2674651145935059
141   1.2365162372589111
142   1.4403249025344849
143   1.3980534076690674
144   1.4006446599960327
145   1.2699342966079712
146   1.287032961845398
147   1.2028342485427856
148   1.0390121936798096
149   1.0888108015060425
150   1.192301630973816
151   1.443182349205017
152   1.1130177974700928
153   1.3502118587493896
154   1.3445712327957153
155   1.4448472261428833
156   1.4560819864273071
157   1.500524640083313
158   1.2517794370651245
159   1.4029220342636108
160   1.1274572610855103
161   1.1691120862960815
162   1.1530215740203857
163   1.3446494340896606
164   1.1879963874816895
165   1.2874951362609863
166   1.1841577291488647
167   1.1852421760559082
168   1.4123591184616089
169   1.2959836721420288
170   1.177039623260498
171   1.178885579109192
172   1.0548796653747559
173   0.939382791519165
174   0.8726810812950134
175   1.1347190141677856
176   1.0638947486877441
177   1.4068419933319092
178   1.0979702472686768
179   1.068426489830017
180   1.1646147966384888
181   1.1890649795532227
182   1.2103378772735596
183   1.290960669517517
184   1.2790801525115967
185   1.3219420909881592
186   1.249923586845398
187   1.338161587715149
188   1.025244951248169
189   1.194172739982605
190   1.2550773620605469
191   1.3117446899414063
192   1.182145595550537
193   1.1103922128677368
194   1.2814987897872925
195   1.1974142789840698
196   1.4604833126068115
197   1.3299243450164795
198   1.1847130060195923
199   1.1601499319076538
200   1.2891756296157837
201   1.1817430257797241
202   1.2015355825424194
203   1.3788197040557861
204   1.0561860799789429
205   1.0979933738708496
206   1.2430446147918701
207   1.1095352172851563
208   1.137887716293335
1   1.1689218282699585
2   1.200827717781067
3   1.2461624145507813
4   1.3417878150939941
5   1.3322725296020508
6   1.364259123802185
7   1.358599305152893
8   1.2914307117462158
9   1.4011750221252441
10   1.2318334579467773
11   1.2287886142730713
12   1.4096215963363647
13   1.348752737045288
14   1.6429070234298706
15   1.5362581014633179
16   1.2993230819702148
17   1.6000704765319824
18   1.3522542715072632
19   1.4848129749298096
20   1.5085111856460571
1   1.2532986402511597
2   1.476140022277832
3   1.3709286451339722
4   1.3434808254241943
5   1.4688712358474731
6   1.488128662109375
7   1.3748687505722046
8   1.4553757905960083
9   1.1845906972885132
10   1.0967739820480347
11   1.2624872922897339
12   1.0311362743377686
13   1.2791117429733276
14   1.3675931692123413
15   1.4159594774246216
16   1.3173578977584839
17   1.3338801860809326
18   1.2745295763015747
19   1.497635841369629
20   1.4545022249221802
21   1.3476237058639526
22   1.2415813207626343
23   1.3469387292861938
24   1.3723623752593994
25   1.4743728637695313
26   1.3361555337905884
27   1.3680795431137085
28   1.450150966644287
29   1.5205328464508057
30   1.5608305931091309
31   1.3325121402740479
32   1.2897577285766602
33   1.4027055501937866
34   1.2695221900939941
35   1.2377066612243652
36   1.3355975151062012
37   1.456681489944458
38   1.4419970512390137
39   1.399369478225708
40   1.2988704442977905
41   1.5010641813278198
42   1.3594143390655518
43   1.1056441068649292
44   1.5510728359222412
45   1.1591514348983765
46   1.3899376392364502
47   1.3957914113998413
48   1.371873378753662
49   1.3038102388381958
50   1.3029130697250366
51   1.115747332572937
52   1.4045840501785278
53   1.3249329328536987
54   1.7169824838638306
55   1.4446226358413696
56   1.3572598695755005
57   1.4236009120941162
58   1.425957441329956
59   1.389614224433899
60   1.4230142831802368
61   1.3700462579727173
62   1.3722573518753052
63   1.4578086137771606
64   1.222303867340088
65   1.3847770690917969
66   1.2180423736572266
67   1.5372289419174194
68   1.3730162382125854
69   1.233984112739563
70   1.5211615562438965
71   1.3157774209976196
72   1.6678695678710938
73   1.4232397079467773
74   1.4567677974700928
75   1.4294971227645874
76   1.587634801864624
77   1.375970721244812
78   1.5694180727005005
79   1.5310139656066895
80   1.629062294960022
81   1.4250929355621338
82   1.365889549255371
83   1.2540628910064697
84   1.3862645626068115
85   1.4227789640426636
86   1.3282277584075928
87   1.4638354778289795
88   1.3716089725494385
89   1.4076035022735596
90   1.3931267261505127
91   1.1997143030166626
92   1.4779119491577148
93   1.5782880783081055
94   1.3987833261489868
95   1.507913589477539
96   1.3777520656585693
97   1.288771390914917
98   1.3564152717590332
99   1.3158562183380127
100   1.3720616102218628
101   1.4650858640670776
102   1.277972936630249
103   1.4315714836120605
104   1.340448260307312
105   1.5250765085220337
106   1.4798145294189453
107   1.3732479810714722
108   1.2825881242752075
109   1.4679193496704102
110   1.3651076555252075
111   1.246263027191162
112   1.333951473236084
113   1.5118027925491333
114   1.64722740650177
115   1.3402377367019653
116   1.4278013706207275
117   1.257503867149353
118   1.348270297050476
119   1.5491834878921509
120   1.5232592821121216
121   1.2128820419311523
122   1.4799611568450928
123   1.2267415523529053
124   1.2781363725662231
125   1.2670109272003174
126   1.2935701608657837
127   1.35951828956604
128   1.2989484071731567
129   1.2740490436553955
130   1.272278070449829
131   1.4977487325668335
132   1.3637138605117798
133   1.3123422861099243
134   1.5687456130981445
135   1.5099153518676758
136   1.3419771194458008
137   1.3717381954193115
138   1.3823810815811157
139   1.2129240036010742
140   1.435595989227295
141   1.307818055152893
142   1.3989341259002686
143   1.2527934312820435
144   1.365479588508606
145   1.2601169347763062
146   1.3991776704788208
147   1.4122730493545532
148   1.4584102630615234
149   1.3235841989517212
150   1.4207284450531006
151   1.2321280241012573
152   1.3717776536941528
153   1.2899831533432007
154   1.3387686014175415
155   1.3276450634002686
156   1.1885912418365479
157   1.2661638259887695
158   1.510298728942871
159   1.224853515625
160   1.4079917669296265
1   1.1507312059402466
2   1.3210272789001465
3   1.2599804401397705
4   1.2963917255401611
5   1.347537636756897
6   1.381528615951538
7   1.4109386205673218
8   1.3132678270339966
9   1.35808265209198
10   1.1388061046600342
11   1.378532886505127
12   1.4601958990097046
13   1.7202763557434082
14   1.5051661729812622
15   1.3466050624847412
16   1.345603108406067
17   1.4418952465057373
18   1.4856685400009155
19   1.331391453742981
20   1.442116379737854
21   1.5191041231155396
22   1.863631248474121
23   1.711386799812317
24   1.340242862701416
25   1.83884859085083
26   1.6372864246368408
27   1.6060240268707275
28   1.6932685375213623
29   1.6421726942062378
30   1.4466149806976318
31   1.508680820465088
32   1.569171667098999
33   1.8400310277938843
34   1.6120765209197998
35   1.9396551847457886
36   1.699196696281433
37   1.8752530813217163
38   1.699588418006897
39   1.7359071969985962
40   1.857749342918396
41   1.499671459197998
42   1.7993366718292236
43   1.584725022315979
44   1.7212761640548706
45   1.6794688701629639
46   1.8463762998580933
47   1.6112308502197266
48   1.5832633972167969
49   1.8407871723175049
50   1.9751847982406616
51   1.514427661895752
52   2.0154082775115967
53   1.6316256523132324
54   1.8506596088409424
55   2.337738275527954
56   1.5653353929519653
57   1.7588529586791992
58   1.8541258573532104
59   1.8700482845306396
60   1.6078468561172485
61   2.1747753620147705
62   1.623947262763977
63   1.7816346883773804
64   1.913957953453064
65   1.7536015510559082
66   1.6365681886672974
67   1.9023512601852417
68   1.4819670915603638
69   1.9462461471557617
70   2.3251945972442627
71   1.8894131183624268
72   2.0119059085845947
73   2.1932475566864014
74   2.244368553161621
75   2.1225645542144775
76   2.3939931392669678
77   1.7595171928405762
78   2.010885238647461
79   2.0823097229003906
80   1.924354910850525
81   1.8258616924285889
82   1.6331614255905151
83   1.7052351236343384
84   1.6422691345214844
85   2.0613198280334473
86   1.701574683189392
87   1.5761934518814087
88   1.5689756870269775
89   1.6629208326339722
90   1.7137056589126587
91   2.3347582817077637
92   2.180859327316284
93   1.6059640645980835
94   2.0233185291290283
95   1.9965057373046875
96   1.842939853668213
97   2.0305802822113037
98   1.780725121498108
99   1.8118009567260742
100   1.980153203010559
101   1.9242366552352905
102   2.2176358699798584
103   1.8955053091049194
104   2.0746307373046875
105   1.4502359628677368
106   1.6068614721298218
107   1.9020918607711792
108   2.0610599517822266
109   1.582624077796936
110   1.7483205795288086
111   1.9571136236190796
112   1.9129444360733032
113   1.6426513195037842
114   1.797440528869629
115   2.084909677505493
116   2.097386360168457
117   1.6595851182937622
118   2.101578950881958
119   1.8136510848999023
120   1.850656509399414
121   1.6922355890274048
122   2.171279191970825
123   2.1223835945129395
124   1.8646928071975708
125   1.7899820804595947
126   1.62485671043396
127   1.8350800275802612
128   1.8194721937179565
129   1.455138921737671
130   1.7316584587097168
131   1.6973292827606201
132   1.857603907585144
133   1.685462236404419
134   1.6295431852340698
135   1.7859164476394653
136   1.7176721096038818
137   1.4363125562667847
138   1.5959866046905518
139   1.4831408262252808
140   1.7010416984558105
141   1.750376582145691
142   2.0713043212890625
143   1.654371976852417
144   1.3311927318572998
145   1.6985169649124146
146   1.5402437448501587
147   1.5238747596740723
148   1.5501408576965332
149   1.4320788383483887
150   1.488718867301941
151   1.2386314868927002
152   1.7337706089019775
153   1.4819327592849731
154   1.289651870727539
155   1.395761251449585
156   1.6158329248428345
157   1.4764277935028076
158   1.3619400262832642
159   1.6960936784744263
160   1.4799375534057617
161   1.4860330820083618
162   1.399433970451355
163   1.3708112239837646
164   1.254762053489685
