0   15.798117637634277
1   15.794562339782715
2   15.799328804016113
3   15.791129112243652
4   15.81662368774414
5   15.798645973205566
6   15.806941986083984
7   15.792363166809082
8   15.79853343963623
9   15.835076332092285
10   15.49254322052002
11   15.615436553955078
12   15.596488952636719
13   15.551669120788574
14   15.671920776367188
15   15.769317626953125
16   15.744909286499023
17   15.63632869720459
18   15.78569507598877
19   15.793018341064453
20   15.503775596618652
21   15.628463745117188
22   15.920315742492676
23   15.738298416137695
24   15.816341400146484
25   15.727807998657227
26   15.752079963684082
27   15.638237953186035
28   15.729169845581055
29   15.48783016204834
30   15.507075309753418
31   15.551811218261719
32   15.540915489196777
33   15.397543907165527
34   15.486662864685059
35   15.729471206665039
36   15.615384101867676
37   15.774981498718262
38   15.688334465026855
39   15.702442169189453
40   15.526015281677246
41   15.71827220916748
42   15.65306282043457
43   15.699932098388672
44   15.691104888916016
45   15.846074104309082
46   15.648454666137695
47   15.991966247558594
48   15.966631889343262
49   15.786382675170898
50   15.801767349243164
51   15.816400527954102
52   15.461150169372559
53   15.661931991577148
54   15.672310829162598
55   15.762736320495605
56   15.660122871398926
57   15.734180450439453
58   15.91439437866211
59   15.691638946533203
60   15.844839096069336
61   15.558370590209961
62   15.75042724609375
63   15.652153015136719
64   15.742918014526367
65   15.739830017089844
66   15.712539672851563
67   15.745840072631836
68   15.926279067993164
69   16.01614761352539
70   15.750128746032715
71   15.861943244934082
72   15.77540111541748
73   15.722896575927734
74   15.753551483154297
75   15.635722160339355
76   15.700194358825684
77   15.822148323059082
78   15.663723945617676
79   15.832168579101563
80   15.609691619873047
81   15.716668128967285
82   15.680937767028809
83   15.924307823181152
84   15.882059097290039
85   15.663145065307617
86   15.909880638122559
87   15.873329162597656
88   15.830803871154785
89   15.798853874206543
90   15.677945137023926
91   15.982038497924805
92   15.783348083496094
93   15.725613594055176
94   15.91440486907959
95   15.873119354248047
96   15.783407211303711
97   15.79747200012207
98   15.837685585021973
99   15.793256759643555
100   15.517227172851563
101   15.616534233093262
102   15.743651390075684
103   15.635629653930664
104   15.911783218383789
105   15.854681968688965
106   15.701976776123047
107   15.531046867370605
108   15.705135345458984
109   15.767118453979492
110   15.743827819824219
111   15.925639152526855
112   15.628206253051758
113   15.79323673248291
114   15.586438179016113
115   15.536707878112793
116   15.520987510681152
117   15.640865325927734
118   15.74633502960205
119   15.625177383422852
120   15.659872055053711
121   15.6430025100708
122   15.628833770751953
123   15.775142669677734
124   15.814397811889648
125   15.734996795654297
126   15.586941719055176
127   15.652756690979004
128   15.688417434692383
129   15.658270835876465
130   15.833131790161133
131   15.800288200378418
132   15.811655044555664
133   15.786133766174316
134   15.74932861328125
135   15.906929016113281
136   15.615838050842285
137   15.64540958404541
138   15.79900074005127
139   15.608342170715332
140   15.824398040771484
141   15.67706298828125
142   15.703150749206543
143   15.651789665222168
144   15.613499641418457
145   15.700695991516113
146   16.043123245239258
147   15.753196716308594
148   15.780712127685547
149   15.566568374633789
150   15.696836471557617
151   15.896256446838379
152   15.74532699584961
153   15.76923656463623
154   15.806520462036133
155   15.874686241149902
156   15.708200454711914
157   15.597603797912598
158   15.583943367004395
159   15.714704513549805
160   15.648283958435059
161   15.626914024353027
162   15.888692855834961
163   15.687225341796875
164   15.720219612121582
165   15.69943618774414
166   15.737879753112793
167   15.78107738494873
168   15.796977996826172
169   15.837348937988281
170   15.727347373962402
171   15.809666633605957
172   15.841299057006836
173   15.653947830200195
174   15.723634719848633
175   15.704802513122559
176   15.763168334960938
177   15.814806938171387
178   15.679055213928223
179   15.859061241149902
180   15.553762435913086
181   15.775487899780273
182   15.699599266052246
183   15.700350761413574
184   15.85075569152832
185   15.791068077087402
186   15.58563232421875
187   15.715189933776855
188   15.59259033203125
189   15.815718650817871
190   15.833769798278809
191   15.658698081970215
192   15.785506248474121
193   15.769425392150879
194   15.931175231933594
195   15.811464309692383
196   15.697809219360352
197   15.68941879272461
198   15.281841278076172
199   15.729846954345703
200   15.625103950500488
201   15.788103103637695
202   15.63615894317627
203   15.762433052062988
204   15.823196411132813
205   15.702359199523926
206   15.70183277130127
207   15.858413696289063
208   15.90190315246582
