1   15.67247200012207
2   15.614822387695313
3   15.679162979125977
4   15.58541488647461
5   15.64414119720459
6   15.484151840209961
7   15.681857109069824
8   15.577178001403809
9   15.679953575134277
10   15.710801124572754
11   15.44443416595459
12   15.536802291870117
13   15.487167358398438
14   15.55001449584961
15   15.637228012084961
16   15.546259880065918
17   15.741128921508789
18   15.70467758178711
19   15.610387802124023
20   15.519392013549805
21   15.671875
22   15.619635581970215
23   15.526769638061523
24   15.535237312316895
25   15.672788619995117
26   15.727511405944824
27   15.426753997802734
28   15.672609329223633
29   15.579819679260254
30   15.723428726196289
31   15.39122200012207
32   15.52758502960205
33   15.564543724060059
34   15.515595436096191
35   15.578620910644531
36   15.678932189941406
37   15.585753440856934
38   15.500256538391113
39   15.427565574645996
40   15.258517265319824
41   15.532919883728027
42   15.590832710266113
43   15.5523042678833
44   15.48149299621582
45   15.732486724853516
46   15.886590957641602
47   15.659232139587402
48   15.642293930053711
49   15.619370460510254
50   15.581117630004883
51   15.709965705871582
52   15.593077659606934
53   15.549888610839844
54   15.623345375061035
55   15.480696678161621
56   15.564231872558594
57   15.624214172363281
58   15.581212043762207
59   15.413961410522461
60   15.445169448852539
61   15.411028861999512
62   15.464730262756348
63   15.22441291809082
64   15.502419471740723
65   15.380759239196777
66   15.680486679077148
67   15.667123794555664
68   15.456646919250488
69   15.592146873474121
70   15.61137580871582
71   15.530963897705078
72   15.564586639404297
73   15.63624382019043
74   15.383943557739258
75   15.613882064819336
76   15.552427291870117
77   15.676328659057617
78   15.388172149658203
79   15.751012802124023
80   15.657075881958008
81   15.64775562286377
82   15.54918098449707
83   15.535614967346191
84   15.42818546295166
85   15.729259490966797
86   15.73106861114502
87   15.993322372436523
88   15.651815414428711
89   15.61624813079834
90   15.398603439331055
91   15.551785469055176
92   15.519750595092773
93   15.635327339172363
94   15.37704086303711
95   15.46214485168457
96   15.438794136047363
97   15.592601776123047
98   15.399568557739258
99   15.61147689819336
100   15.514540672302246
101   15.823427200317383
102   15.52432918548584
103   15.701312065124512
104   15.471632957458496
105   15.568769454956055
106   15.594970703125
107   15.414058685302734
108   15.639528274536133
109   15.396218299865723
110   15.395922660827637
111   15.56714153289795
112   15.630946159362793
113   15.625365257263184
114   15.605961799621582
115   15.846156120300293
116   15.488800048828125
117   15.63951301574707
118   15.588223457336426
119   15.706790924072266
120   15.769917488098145
121   15.520262718200684
122   15.665218353271484
123   15.667845726013184
124   15.552083969116211
125   15.593998908996582
126   15.542695999145508
127   15.369789123535156
128   15.66862964630127
129   15.658354759216309
130   15.657538414001465
131   15.671258926391602
132   15.422065734863281
133   15.53642749786377
134   15.391698837280273
135   15.687477111816406
136   15.75357437133789
137   15.371581077575684
138   15.739679336547852
139   15.45336627960205
140   15.609683990478516
141   15.715744018554688
142   15.708693504333496
143   15.75040054321289
144   15.498428344726563
145   15.602322578430176
146   15.61213207244873
147   15.563761711120605
148   15.360607147216797
149   15.536600112915039
150   15.563612937927246
151   15.46969985961914
152   15.526001930236816
153   15.60049819946289
154   15.591031074523926
155   15.64672565460205
156   15.769131660461426
157   15.670177459716797
158   15.61131477355957
159   15.442227363586426
160   15.529460906982422
