1   15.531271934509277
2   15.494338035583496
3   15.711004257202148
4   15.5568265914917
5   15.584992408752441
6   15.380447387695313
7   15.660402297973633
8   15.649422645568848
9   15.626774787902832
10   15.690878868103027
11   15.5872163772583
12   15.501309394836426
13   15.443086624145508
14   15.624963760375977
15   15.413546562194824
16   15.393200874328613
17   15.657857894897461
18   15.709775924682617
19   15.559601783752441
20   15.738236427307129
21   15.410553932189941
22   15.63571834564209
23   15.601155281066895
24   15.59524154663086
25   15.480081558227539
26   15.521004676818848
27   15.607710838317871
28   15.558056831359863
29   15.612060546875
30   15.501380920410156
31   15.667204856872559
32   15.378143310546875
33   15.532063484191895
34   15.537213325500488
35   15.674260139465332
36   15.94080638885498
37   15.480469703674316
38   16.117794036865234
39   15.902629852294922
40   16.16791534423828
41   15.725686073303223
42   15.607268333435059
43   15.54742431640625
44   15.613127708435059
45   15.41238021850586
46   15.396738052368164
47   15.47793197631836
48   15.381640434265137
49   15.596590042114258
50   15.647928237915039
51   15.537604331970215
52   15.412518501281738
53   15.421027183532715
54   15.449227333068848
55   15.4505033493042
56   15.53097152709961
57   15.806584358215332
58   15.823769569396973
59   15.622540473937988
60   15.646011352539063
61   15.711898803710938
62   16.16632843017578
63   15.736051559448242
64   15.7202787399292
65   15.3514404296875
66   15.622682571411133
67   15.4768705368042
68   15.544649124145508
69   15.734827041625977
70   15.578210830688477
71   15.585016250610352
72   15.472522735595703
73   15.432909965515137
74   15.407599449157715
75   15.624059677124023
76   15.499874114990234
77   15.49892807006836
78   15.461285591125488
79   15.467830657958984
80   15.451091766357422
81   15.65388011932373
82   15.680463790893555
83   15.657429695129395
84   15.658011436462402
85   15.562177658081055
86   15.595235824584961
87   15.44668197631836
88   15.700773239135742
89   15.570466995239258
90   15.598214149475098
91   15.657434463500977
92   15.657597541809082
93   15.501561164855957
94   15.441117286682129
95   15.220443725585938
96   15.263676643371582
97   15.717146873474121
98   15.658587455749512
99   15.64091968536377
100   15.6122407913208
101   15.574671745300293
102   15.53352165222168
103   15.382164001464844
104   15.581077575683594
105   15.937481880187988
106   15.843494415283203
107   15.776690483093262
108   15.647248268127441
109   15.762131690979004
110   15.463330268859863
111   15.264260292053223
112   15.660477638244629
113   15.673332214355469
114   15.380330085754395
115   15.36063289642334
116   15.571831703186035
117   15.423073768615723
118   15.495652198791504
119   15.543661117553711
120   15.379290580749512
121   15.512925148010254
122   15.210180282592773
123   15.363704681396484
124   15.57209587097168
125   15.562788009643555
126   15.657771110534668
127   15.454894065856934
128   15.409107208251953
129   15.457685470581055
130   15.619935989379883
131   15.869193077087402
132   16.042911529541016
133   15.803404808044434
134   15.655102729797363
135   15.646827697753906
136   15.58460521697998
137   15.481406211853027
138   15.308710098266602
139   15.443440437316895
140   15.4521484375
141   15.554865837097168
142   15.489446640014648
143   15.482958793640137
144   15.644360542297363
145   15.460618019104004
146   15.514206886291504
147   15.584052085876465
148   15.52962589263916
149   15.525298118591309
150   15.480642318725586
151   15.52812671661377
152   15.689240455627441
153   15.694039344787598
154   15.835299491882324
155   15.70586109161377
156   15.754254341125488
157   15.746916770935059
158   15.501949310302734
159   15.68940544128418
160   15.76309585571289
161   15.517050743103027
162   15.464080810546875
163   15.558988571166992
164   15.524333953857422
