0   0.0
1   2.1713693141937256
2   1.6611647605895996
3   0.9012229442596436
4   1.1384671926498413
5   1.8022137880325317
6   1.6465117931365967
7   1.3100305795669556
8   1.452118992805481
9   1.5916194915771484
10   2.438929319381714
11   1.1281284093856812
12   1.7687492370605469
13   0.9628909230232239
14   0.8955547213554382
15   1.3873822689056396
16   2.3225584030151367
17   0.8380535840988159
18   0.6318625807762146
19   1.1201703548431396
20   0.5780554413795471
21   0.6805490255355835
22   0.9628905057907104
23   1.0553034543991089
24   1.3874692916870117
25   1.3695151805877686
26   1.2708473205566406
27   0.9728124737739563
28   1.1875866651535034
29   1.4340468645095825
30   1.2528812885284424
31   0.9415212273597717
32   0.681770384311676
33   1.2332696914672852
34   1.1688404083251953
35   1.2339686155319214
36   1.1645299196243286
37   0.7289499640464783
38   1.0623762607574463
39   1.674390196800232
40   0.8980619311332703
41   0.7388485670089722
42   1.860872507095337
43   1.3105838298797607
44   0.9175806045532227
45   0.8598502278327942
46   1.3526027202606201
47   0.7574187517166138
48   1.0418853759765625
49   1.323873519897461
50   1.6758753061294556
51   0.9710404872894287
52   0.8718227744102478
53   1.415578842163086
54   0.7839701175689697
55   0.7798779606819153
56   0.9084504842758179
57   1.1306778192520142
58   1.2950165271759033
59   1.0636082887649536
60   1.0320934057235718
61   1.8825740814208984
62   1.5358936786651611
63   1.6095653772354126
64   1.6809216737747192
65   1.396317720413208
66   1.5312367677688599
67   1.0809916257858276
68   1.1113073825836182
69   1.342806100845337
70   0.9475873708724976
71   1.780577301979065
72   1.6263550519943237
73   1.6960275173187256
74   0.9304409623146057
75   0.9494825005531311
76   0.9425647854804993
77   1.006308913230896
78   1.3143608570098877
79   1.2728323936462402
80   1.596617579460144
81   1.0280473232269287
82   1.5386595726013184
83   1.1982275247573853
84   1.2292985916137695
85   1.903720498085022
86   1.5213884115219116
87   1.2928500175476074
88   1.1517910957336426
89   0.7461646199226379
90   1.0154634714126587
91   1.5131677389144897
92   0.9791456460952759
93   1.0758817195892334
94   1.020967960357666
95   2.1657721996307373
96   0.9978007078170776
97   1.9036462306976318
98   1.2481623888015747
99   1.4153131246566772
100   1.149013876914978
101   0.888797402381897
102   1.3517764806747437
103   1.1591228246688843
104   1.107141375541687
105   1.287929892539978
106   1.096771478652954
107   0.756644606590271
108   0.937715470790863
109   0.9919325709342957
110   1.0700325965881348
111   0.6417137980461121
112   1.0432345867156982
113   1.493696928024292
114   1.5540722608566284
115   1.1788287162780762
116   0.8113428354263306
117   0.8395311832427979
118   0.7879841923713684
119   0.7586432099342346
120   1.4266928434371948
121   1.0899937152862549
122   1.2088305950164795
123   1.3377619981765747
124   0.6328844428062439
125   1.3199374675750732
126   1.396736979484558
127   1.0751508474349976
128   1.000939130783081
129   1.0012530088424683
130   1.0477137565612793
131   0.8557423949241638
132   0.9540231227874756
133   1.045871615409851
134   1.4272888898849487
135   1.6221394538879395
136   0.9411318898200989
137   1.120537281036377
138   0.8141404986381531
139   1.0556330680847168
140   1.2560720443725586
141   1.3227206468582153
142   1.125593900680542
143   1.103383183479309
144   1.2918987274169922
145   1.06336510181427
146   1.2510377168655396
147   1.128173589706421
148   1.5139907598495483
149   1.5309979915618896
150   0.9853431582450867
151   0.6502301692962646
152   1.0626332759857178
153   1.4465628862380981
154   0.8622397780418396
155   0.9501939415931702
156   0.9376781582832336
157   1.1090737581253052
158   1.3814269304275513
159   1.1386213302612305
160   1.0646533966064453
161   1.4043195247650146
162   1.341553807258606
163   2.005641460418701
164   1.199238657951355
165   1.0233616828918457
166   1.3141918182373047
167   1.3673946857452393
168   1.3756803274154663
169   0.7260856628417969
170   1.5801178216934204
171   1.5101021528244019
172   1.0130460262298584
173   1.010231614112854
174   1.3003087043762207
175   1.3449684381484985
176   1.6754746437072754
177   1.1511369943618774
178   0.5585785508155823
179   1.4361790418624878
180   1.9277942180633545
181   0.7030723690986633
182   0.9514009952545166
183   2.735485315322876
184   1.147413969039917
185   1.459442377090454
186   1.0584652423858643
187   0.9996416568756104
188   1.4720131158828735
189   1.264396071434021
190   1.2951242923736572
191   1.3704842329025269
192   1.4716103076934814
193   1.145003318786621
194   1.256412386894226
195   1.6334967613220215
196   1.479277491569519
197   2.2917838096618652
198   1.316848874092102
199   1.9589860439300537
200   1.8803563117980957
201   1.7238526344299316
202   1.0495491027832031
203   1.2848864793777466
204   1.6405603885650635
205   1.6788647174835205
206   1.8297897577285767
207   0.9142321944236755
208   1.0588979721069336
209   2.0285744667053223
210   1.1675522327423096
211   1.5097020864486694
212   1.494297981262207
213   1.2402963638305664
214   1.2707551717758179
215   1.4531527757644653
216   2.230821371078491
217   1.2874107360839844
218   2.1336255073547363
219   1.226080060005188
220   1.1635137796401978
221   1.5846583843231201
222   1.113423228263855
223   1.6131203174591064
224   1.7664759159088135
225   0.9401376247406006
226   2.2462244033813477
227   1.2990455627441406
228   1.3093886375427246
229   1.639992117881775
230   1.2483487129211426
231   1.227957010269165
232   2.1909167766571045
233   1.296059250831604
234   2.3176021575927734
235   1.4664193391799927
236   1.5052211284637451
237   1.4500079154968262
238   1.7818938493728638
239   1.7500380277633667
240   1.4367473125457764
241   1.1107933521270752
242   1.4882147312164307
243   1.0122507810592651
244   0.8060849905014038
245   1.8161309957504272
246   1.3669220209121704
247   2.2026875019073486
248   1.4356878995895386
249   1.5828293561935425
250   1.4442676305770874
251   1.500174880027771
252   1.4574693441390991
253   1.3678354024887085
254   1.409655213356018
255   1.6246373653411865
256   1.227722406387329
257   1.0931010246276855
258   1.2331101894378662
259   1.2375483512878418
260   1.7541414499282837
261   1.878216028213501
262   1.5121126174926758
263   1.3805068731307983
264   1.604946494102478
265   1.4607830047607422
266   1.697049617767334
267   1.9600214958190918
268   0.879027247428894
269   1.3530209064483643
270   2.2131102085113525
271   2.184318780899048
272   2.079267740249634
273   1.7843883037567139
274   2.0255613327026367
275   1.7912061214447021
276   1.6406174898147583
277   2.2940149307250977
278   2.2533435821533203
279   1.0874736309051514
280   1.7463995218276978
281   1.872504711151123
282   1.1913586854934692
283   2.188962936401367
284   1.343993902206421
285   0.9266795516014099
286   1.7185858488082886
287   0.7088322043418884
288   1.3373725414276123
289   0.7554111480712891
290   1.0168110132217407
291   1.1126481294631958
292   1.067462682723999
293   1.0811289548873901
294   0.9402637481689453
295   1.4576846361160278
296   1.2146958112716675
297   1.4826561212539673
298   0.8709495067596436
299   1.6898610591888428
300   1.2741219997406006
301   2.396683692932129
302   0.555191695690155
303   0.777032732963562
304   1.0534898042678833
305   1.043328881263733
306   0.8933039903640747
307   1.1012837886810303
308   0.704072117805481
309   1.2047388553619385
310   1.1762290000915527
311   1.0235859155654907
312   0.7157924771308899
313   0.9859551787376404
314   1.0599348545074463
315   1.3457748889923096
316   0.853794515132904
317   0.7836251854896545
318   1.1823081970214844
319   1.125468373298645
320   1.3777966499328613
321   1.0825008153915405
322   1.005759358406067
323   0.7491514086723328
324   1.0822830200195313
325   1.16969895362854
326   1.841366171836853
327   1.2739442586898804
328   1.683774709701538
329   1.7322999238967896
330   1.7055128812789917
331   1.824550747871399
332   1.7351528406143188
333   2.052401065826416
334   1.5527012348175049
335   0.9532897472381592
336   2.4311070442199707
337   1.4765596389770508
338   2.03975772857666
339   1.5876156091690063
340   1.330004096031189
341   1.1528793573379517
342   1.522505760192871
343   1.8535858392715454
344   1.7230470180511475
345   2.3111350536346436
346   2.2616231441497803
347   1.983798623085022
348   2.206979274749756
349   1.307596206665039
350   2.4600443840026855
351   1.8934326171875
352   2.123260974884033
353   1.4694280624389648
354   1.722603440284729
355   1.4566935300827026
356   2.49150013923645
357   1.9689582586288452
358   2.8127593994140625
359   1.9216930866241455
360   2.1645467281341553
361   1.8879146575927734
362   1.1225425004959106
363   1.1353672742843628
364   1.0016721487045288
365   1.7996865510940552
366   1.5104572772979736
367   1.1163328886032104
368   1.655663251876831
369   1.2672514915466309
370   1.296661138534546
371   1.2949045896530151
372   0.9306784272193909
373   1.2978953123092651
374   1.6958502531051636
375   1.2179628610610962
376   1.4895254373550415
377   1.0469902753829956
378   1.1183477640151978
379   0.8436070084571838
380   1.2625508308410645
381   1.521867275238037
382   1.0332285165786743
383   1.1501845121383667
384   0.9278233647346497
385   1.6224884986877441
386   1.1318403482437134
387   1.6793913841247559
388   1.428672432899475
389   1.2490544319152832
390   1.0081251859664917
391   0.8444415330886841
392   1.2017967700958252
393   0.8824664354324341
394   1.5968199968338013
395   1.073522925376892
396   1.286511778831482
397   1.926758885383606
398   2.4759161472320557
399   2.987156629562378
400   2.7292678356170654
401   1.6010645627975464
402   2.657766819000244
403   1.5975103378295898
404   1.2024922370910645
405   2.9733431339263916
406   2.237823009490967
407   2.206946611404419
408   2.6321330070495605
409   3.0528080463409424
410   2.7063217163085938
411   3.355980396270752
412   2.8124804496765137
413   2.504019260406494
414   2.202427864074707
415   1.6609272956848145
416   1.7041707038879395
417   1.747759461402893
418   2.246823310852051
419   1.5216413736343384
420   2.2371633052825928
421   1.959655523300171
422   1.2583752870559692
423   1.8416359424591064
424   2.6329293251037598
425   1.9793627262115479
426   2.6370911598205566
427   3.554765462875366
428   2.6828157901763916
429   2.102747678756714
430   2.780695676803589
431   2.4338417053222656
432   1.7447926998138428
433   1.6652766466140747
434   2.6145777702331543
435   2.3926758766174316
436   2.4281458854675293
437   2.287813425064087
438   1.4927440881729126
439   1.6087379455566406
440   2.2086071968078613
441   2.117145538330078
442   1.2287591695785522
443   1.7922675609588623
444   1.4691768884658813
445   1.423721432685852
446   1.9001765251159668
447   1.2323882579803467
448   1.9087467193603516
449   1.5242379903793335
450   1.2368851900100708
451   1.327210783958435
452   1.7223951816558838
453   1.4611928462982178
454   1.1264370679855347
455   1.747392177581787
456   3.2963573932647705
457   1.7461286783218384
458   2.7318897247314453
459   1.5861937999725342
460   1.9447110891342163
461   2.754032611846924
462   1.7600290775299072
463   2.363544225692749
464   2.1230509281158447
465   1.270585536956787
466   2.0216217041015625
467   2.043766975402832
468   1.1010173559188843
469   1.490209937095642
470   3.123037338256836
471   1.5777469873428345
472   1.5244648456573486
473   1.3837040662765503
474   1.716316819190979
475   1.8984088897705078
476   1.334632396697998
477   1.8310887813568115
478   1.3940565586090088
479   1.5169018507003784
480   1.5172077417373657
481   1.5839873552322388
482   2.3225526809692383
483   1.7653440237045288
484   1.5279366970062256
485   1.3720591068267822
486   1.3483787775039673
487   0.8303446173667908
488   1.524165153503418
489   1.0715382099151611
490   1.0724806785583496
491   1.680825114250183
492   1.0290390253067017
493   1.0003032684326172
494   2.014802932739258
495   1.2002304792404175
496   1.2434574365615845
497   1.117848515510559
498   1.1845262050628662
499   2.2123706340789795
500   1.726444125175476
