0   0.0
1   1.2600523233413696
2   1.9462796449661255
3   1.5335752964019775
4   2.1914830207824707
5   1.3403311967849731
6   1.405311942100525
7   1.3885440826416016
8   1.1941484212875366
9   1.2811070680618286
10   1.6912038326263428
11   1.5082896947860718
12   1.3963232040405273
13   1.5079900026321411
14   1.3286755084991455
15   1.2846072912216187
16   2.1975889205932617
17   1.4029570817947388
18   1.305472493171692
19   1.3186650276184082
20   1.5485073328018188
21   1.819097638130188
22   1.8918555974960327
23   1.8673429489135742
24   1.5466132164001465
25   1.712281584739685
26   1.344218373298645
27   1.2354507446289063
28   1.4189423322677612
29   1.307839274406433
30   2.021878957748413
31   1.4115140438079834
32   1.4578787088394165
33   1.6423115730285645
34   1.7385698556900024
35   1.8352590799331665
36   2.184507369995117
37   1.7283880710601807
38   2.4399406909942627
39   2.245476722717285
40   1.7185429334640503
41   1.7515480518341064
42   2.025528907775879
43   2.2665226459503174
44   1.5353715419769287
45   1.8770744800567627
46   1.706630825996399
47   1.2567893266677856
48   1.6030749082565308
49   1.6739557981491089
50   1.4278676509857178
51   1.4271585941314697
52   1.8223326206207275
53   1.685235857963562
54   1.4462510347366333
55   1.7971882820129395
56   1.9400527477264404
57   1.9671494960784912
58   1.4369592666625977
59   2.183619260787964
60   1.9257737398147583
61   1.5834671258926392
62   1.7709910869598389
63   1.8366949558258057
64   1.69016695022583
65   1.5857007503509521
66   1.6080008745193481
67   1.4679771661758423
68   1.9010286331176758
69   2.0168700218200684
70   1.7473783493041992
71   1.731666922569275
72   1.70945143699646
73   1.7104065418243408
74   1.442295789718628
75   1.603837251663208
76   2.008741617202759
77   1.5062823295593262
78   1.7229013442993164
79   1.8607820272445679
80   1.3833093643188477
81   2.0363807678222656
82   1.6219713687896729
83   1.6919739246368408
84   2.137115001678467
85   1.788637638092041
86   1.9992973804473877
87   1.8351367712020874
88   2.101330041885376
89   1.7721576690673828
90   1.8150266408920288
91   2.150496006011963
92   1.5334136486053467
93   2.130915880203247
94   1.7590904235839844
95   2.6812186241149902
96   1.7459205389022827
97   2.1280694007873535
98   1.9350382089614868
99   1.6005396842956543
100   1.881319522857666
101   1.5915594100952148
102   1.8975722789764404
103   1.9479107856750488
104   1.847692847251892
105   1.8761156797409058
106   2.2180471420288086
107   1.4200081825256348
108   1.8755372762680054
109   1.7340359687805176
110   1.6318875551223755
111   1.5473979711532593
112   2.0906033515930176
113   2.072023391723633
114   2.1195452213287354
115   1.4738744497299194
116   1.9476382732391357
117   1.7991406917572021
118   1.512598991394043
119   1.2852617502212524
120   1.7790831327438354
121   1.7066279649734497
122   1.7289851903915405
123   1.702823281288147
124   2.0058999061584473
125   2.135195732116699
126   1.840790033340454
127   2.1154255867004395
128   1.5921812057495117
129   1.8402444124221802
130   1.8761881589889526
131   1.7287535667419434
132   1.6468250751495361
133   1.9452484846115112
134   2.7236216068267822
135   1.6039814949035645
136   1.6396293640136719
137   1.8257893323898315
138   1.7078012228012085
139   1.8681082725524902
140   1.898784875869751
141   2.757791042327881
142   1.8258066177368164
143   1.7962051630020142
144   1.859717845916748
145   1.930181860923767
146   2.2359654903411865
147   2.009378671646118
148   2.244213581085205
149   1.7333548069000244
150   1.6804592609405518
151   1.2614316940307617
152   1.370382308959961
153   1.6983827352523804
154   1.8848129510879517
155   1.7652760744094849
156   2.189393997192383
157   1.7718470096588135
158   1.948945164680481
159   2.012470245361328
160   2.1387441158294678
161   2.13344144821167
162   1.9098126888275146
163   2.2554657459259033
164   1.9597386121749878
165   1.6970974206924438
166   1.973660945892334
167   1.8804250955581665
168   1.8926537036895752
169   1.9509817361831665
170   1.9407017230987549
171   2.155672311782837
172   1.7241603136062622
173   1.7413088083267212
174   1.912064790725708
175   1.564591884613037
176   1.996748924255371
177   1.8597944974899292
178   1.5926837921142578
179   2.1759533882141113
180   1.5683221817016602
181   1.555600881576538
182   1.735130786895752
183   2.0745439529418945
184   1.1872658729553223
185   1.3964887857437134
186   1.3988237380981445
187   1.244232177734375
188   1.8723654747009277
189   1.3078927993774414
190   1.2287921905517578
191   1.3100574016571045
192   1.4141201972961426
193   1.2794209718704224
194   1.4004952907562256
195   1.8740644454956055
196   1.56715726852417
197   1.9965200424194336
198   1.5706143379211426
199   1.551557183265686
200   1.548954963684082
201   1.50348699092865
202   1.1927545070648193
203   1.5519624948501587
204   1.417575478553772
205   1.7533066272735596
206   1.4717384576797485
207   1.7344233989715576
208   1.5865648984909058
209   1.5702342987060547
210   1.6992908716201782
211   1.5022944211959839
212   1.5480782985687256
213   1.6060181856155396
214   1.5008025169372559
215   1.2811046838760376
216   1.8474969863891602
217   1.4235868453979492
218   1.8745238780975342
219   1.717198371887207
220   1.1846776008605957
221   1.2397704124450684
222   1.2955816984176636
223   1.452858805656433
224   1.7648063898086548
225   1.3750535249710083
226   1.5705292224884033
227   1.6377955675125122
228   1.4593968391418457
229   1.1785197257995605
230   1.349824070930481
231   1.4343042373657227
232   1.7158730030059814
233   1.959432601928711
234   1.9950432777404785
235   1.8795523643493652
236   1.7695163488388062
237   1.5762966871261597
238   1.7674078941345215
239   1.5326484441757202
240   1.8581880331039429
241   1.5792750120162964
242   1.5773509740829468
243   1.4602411985397339
244   1.390733242034912
245   1.6778324842453003
246   1.416306972503662
247   1.7980670928955078
248   1.4224305152893066
249   1.6810758113861084
250   1.2752273082733154
251   1.424213171005249
252   1.1869055032730103
253   1.5937951803207397
254   1.2132078409194946
255   1.4559162855148315
256   1.5189353227615356
257   1.6537559032440186
258   1.643462896347046
259   1.7232078313827515
260   1.716299057006836
261   1.7702820301055908
262   1.9505740404129028
263   1.4996260404586792
264   2.183000087738037
265   1.685615062713623
266   2.023010492324829
267   2.55092716217041
268   1.6000086069107056
269   1.7340927124023438
270   2.133065938949585
271   1.5955866575241089
272   1.6486750841140747
273   1.8012393712997437
274   1.677694320678711
275   1.9176628589630127
276   1.7045220136642456
277   1.8407566547393799
278   2.0355403423309326
279   1.178583025932312
280   1.360997200012207
281   1.654811143875122
282   1.6546874046325684
283   1.8287855386734009
284   1.5882269144058228
285   1.5813751220703125
286   1.6534847021102905
287   2.029085397720337
288   2.0177719593048096
289   1.920536756515503
290   2.3015973567962646
291   1.9506235122680664
292   2.035156726837158
293   1.978892207145691
294   1.978748083114624
295   1.701028823852539
296   1.5825423002243042
297   2.3160197734832764
298   2.0181350708007813
299   1.799026608467102
300   2.091542959213257
301   2.7719826698303223
302   1.8542263507843018
303   1.5724560022354126
304   1.8375848531723022
305   1.953373908996582
306   1.5850712060928345
307   1.9634003639221191
308   1.7028474807739258
309   1.7742527723312378
310   1.689136028289795
311   1.8623466491699219
312   1.605790615081787
313   1.629597783088684
314   1.5367138385772705
315   2.1807050704956055
316   1.4522970914840698
317   1.6128939390182495
318   1.7878590822219849
319   2.1210007667541504
320   1.9308781623840332
321   2.3293375968933105
322   1.8723715543746948
323   1.7563878297805786
324   1.7852903604507446
325   1.9933240413665771
326   2.0602266788482666
327   1.6080641746520996
328   1.6309489011764526
329   1.7700324058532715
330   1.645294427871704
331   1.902942180633545
332   1.8373435735702515
333   1.8796285390853882
334   1.9070414304733276
335   1.7130566835403442
336   1.8012360334396362
337   1.9063690900802612
338   1.9134690761566162
339   1.7969253063201904
340   1.5900304317474365
341   1.571876883506775
342   1.8631274700164795
343   1.8876652717590332
344   1.8710938692092896
345   2.494779586791992
346   3.1749954223632813
347   4.0243682861328125
348   3.628140449523926
349   3.2895493507385254
350   4.456082344055176
351   3.4539260864257813
352   3.316634178161621
353   3.3383371829986572
354   2.801584243774414
355   3.2482423782348633
356   3.3313817977905273
357   2.8034913539886475
358   3.0143771171569824
359   2.700208902359009
360   2.99940824508667
361   2.6605234146118164
362   1.8065317869186401
363   1.7752904891967773
364   1.647160291671753
365   1.9455103874206543
366   1.9957308769226074
367   2.1446657180786133
368   1.8427432775497437
369   1.8192424774169922
370   1.695933222770691
371   1.6646066904067993
372   1.3958847522735596
373   1.5964667797088623
374   1.8360081911087036
375   1.8931777477264404
376   1.3291336297988892
377   1.3922840356826782
378   2.035947561264038
379   1.7221088409423828
380   1.747191071510315
381   1.416028380393982
382   1.7402976751327515
383   1.6418867111206055
384   1.9160723686218262
385   1.5245373249053955
386   1.722182273864746
387   1.6756070852279663
388   1.4726201295852661
389   1.845729947090149
390   2.012592077255249
391   1.7049270868301392
392   1.980403184890747
393   1.8683617115020752
394   1.413436770439148
395   1.6906572580337524
396   1.641411304473877
397   1.7062702178955078
398   2.174067735671997
399   2.603868246078491
400   2.1806085109710693
401   1.705069661140442
402   1.5398733615875244
403   1.6033375263214111
404   1.448143482208252
405   2.11655592918396
406   2.4817700386047363
407   1.5767470598220825
408   2.6491456031799316
409   2.8989615440368652
410   3.8802168369293213
411   2.9117414951324463
412   2.8344831466674805
413   2.7478110790252686
414   2.7241404056549072
415   2.274467945098877
416   2.6143739223480225
417   2.221275568008423
418   2.309532642364502
419   2.365154981613159
420   1.8328320980072021
421   2.293623208999634
422   2.55635929107666
423   2.748492956161499
424   2.806185722351074
425   2.2420690059661865
426   3.2476394176483154
427   3.7321600914001465
428   2.8365302085876465
429   2.592716693878174
430   2.8807151317596436
431   3.1032590866088867
432   2.5227012634277344
433   2.4742743968963623
434   2.8318142890930176
435   3.1207339763641357
436   2.7958076000213623
437   2.7734572887420654
438   2.2446517944335938
439   1.9111186265945435
440   1.8102489709854126
441   1.7347697019577026
442   1.7511547803878784
443   1.837842345237732
444   1.5900981426239014
445   1.9315636157989502
446   2.2352488040924072
447   1.9143762588500977
448   2.0624845027923584
449   1.7335714101791382
450   1.5903531312942505
451   1.814988136291504
452   1.5273776054382324
453   1.6048475503921509
454   1.5646693706512451
455   1.6303449869155884
456   2.0030717849731445
457   1.4897408485412598
458   2.005803108215332
459   1.4367485046386719
460   2.3750717639923096
461   2.022937536239624
462   2.1217291355133057
463   2.1648380756378174
464   1.684200644493103
465   1.7581859827041626
466   1.3641235828399658
467   1.6616830825805664
468   1.6558564901351929
469   1.5613335371017456
470   1.8530263900756836
471   1.611748456954956
472   1.667192816734314
473   1.7377959489822388
474   1.6063518524169922
475   1.817683458328247
476   1.6475129127502441
477   1.6482020616531372
478   1.45163893699646
479   1.6417304277420044
480   1.6324788331985474
481   1.5136820077896118
482   2.2584245204925537
483   2.202066421508789
484   1.7166130542755127
485   1.5516635179519653
486   1.6655923128128052
487   1.9211223125457764
488   1.4920622110366821
489   1.7581852674484253
490   1.9939663410186768
491   1.9067147970199585
492   1.7121273279190063
493   1.5844831466674805
494   1.6915713548660278
495   1.67824125289917
496   1.4722627401351929
497   1.5773913860321045
498   1.520906686782837
499   1.7502412796020508
500   1.6881824731826782
