# 1
#        -90         1       180  0

 -89.5  0
 -88.5  0
 -87.5  0
 -86.5  0
 -85.5  0
 -84.5  0
 -83.5  0
 -82.5  0
 -81.5  0
 -80.5  0
 -79.5  0
 -78.5  0
 -77.5  0
 -76.5  0
 -75.5  0
 -74.5  0
 -73.5  0
 -72.5  0
 -71.5  0
 -70.5  0
 -69.5  0
 -68.5  0
 -67.5  0
 -66.5  0
 -65.5  0
 -64.5  0
 -63.5  0
 -62.5  0
 -61.5  0
 -60.5  0
 -59.5  0
 -58.5  0
 -57.5  0
 -56.5  0
 -55.5  0
 -54.5  0
 -53.5  0
 -52.5  0
 -51.5  0
 -50.5  0
 -49.5  0
 -48.5  0
 -47.5  0
 -46.5  0
 -45.5  0
 -44.5  0
 -43.5  0
 -42.5  0
 -41.5  0
 -40.5  0
 -39.5  0
 -38.5  0
 -37.5  0
 -36.5  0
 -35.5  0
 -34.5  0
 -33.5  0
 -32.5  0
 -31.5  0
 -30.5  0
 -29.5  0
 -28.5  0
 -27.5  0
 -26.5  0
 -25.5  55
 -24.5  41
 -23.5  125
 -22.5  224
 -21.5  514
 -20.5  747
 -19.5  1119
 -18.5  1903
 -17.5  3074
 -16.5  4899
 -15.5  7041
 -14.5  10214
 -13.5  15587
 -12.5  22673
 -11.5  31892
 -10.5  44053
 -9.5  61083
 -8.5  78431
 -7.5  102840
 -6.5  133420
 -5.5  167622
 -4.5  203899
 -3.5  238571
 -2.5  270818
 -1.5  299184
 -0.5  320921
 0.5  339898
 1.5  345367
 2.5  342191
 3.5  322750
 4.5  297180
 5.5  267182
 6.5  232940
 7.5  196410
 8.5  163815
 9.5  132197
 10.5  102688
 11.5  76753
 12.5  53649
 13.5  37918
 14.5  25876
 15.5  17573
 16.5  11560
 17.5  6256
 18.5  3789
 19.5  1828
 20.5  835
 21.5  380
 22.5  223
 23.5  116
 24.5  106
 25.5  48
 26.5  24
 27.5  0
 28.5  0
 29.5  0
 30.5  0
 31.5  0
 32.5  0
 33.5  0
 34.5  0
 35.5  0
 36.5  0
 37.5  0
 38.5  0
 39.5  0
 40.5  0
 41.5  0
 42.5  0
 43.5  0
 44.5  0
 45.5  0
 46.5  0
 47.5  0
 48.5  0
 49.5  0
 50.5  0
 51.5  0
 52.5  0
 53.5  0
 54.5  0
 55.5  0
 56.5  0
 57.5  0
 58.5  0
 59.5  0
 60.5  0
 61.5  0
 62.5  0
 63.5  0
 64.5  0
 65.5  0
 66.5  0
 67.5  0
 68.5  0
 69.5  0
 70.5  0
 71.5  0
 72.5  0
 73.5  0
 74.5  0
 75.5  0
 76.5  0
 77.5  0
 78.5  0
 79.5  0
 80.5  0
 81.5  0
 82.5  0
 83.5  0
 84.5  0
 85.5  0
 86.5  0
 87.5  0
 88.5  0
 89.5  0
