0   0.0
1   0.16025599837303162
2   0.21464474499225616
3   0.17383599281311035
4   0.21567484736442566
5   0.20573078095912933
6   0.2599555552005768
7   0.18134577572345734
8   0.1609720140695572
9   0.208760067820549
10   0.30656492710113525
11   0.6854116320610046
12   0.755420982837677
13   1.7189233303070068
14   1.5110650062561035
15   1.2831768989562988
16   1.9466859102249146
17   1.478041410446167
18   1.9931727647781372
19   2.0637834072113037
20   1.4689055681228638
21   1.2419935464859009
22   1.1583503484725952
23   1.3990858793258667
24   1.4960927963256836
25   1.8844157457351685
26   0.6446009874343872
27   1.2123759984970093
28   1.2283984422683716
29   1.2002754211425781
30   1.2765142917633057
31   1.6299999952316284
32   1.054843544960022
33   1.7058625221252441
34   1.5461233854293823
35   1.9187721014022827
36   1.165328025817871
37   1.4114588499069214
38   1.1013214588165283
39   1.1267509460449219
40   0.9956347346305847
41   1.0762749910354614
42   1.2468361854553223
43   1.726313829421997
44   1.780135989189148
45   0.9856352806091309
46   1.141879677772522
47   1.4493075609207153
48   1.0839552879333496
49   1.2682892084121704
50   1.460289716720581
51   1.3155654668807983
52   1.2690690755844116
53   1.2586157321929932
54   1.7523243427276611
55   2.2402145862579346
56   1.3395687341690063
57   0.9745563268661499
58   0.8762198686599731
59   1.253166675567627
60   1.5405793190002441
61   0.7787184119224548
62   1.2584764957427979
63   1.8280330896377563
64   1.3054884672164917
65   1.5670355558395386
66   1.4904825687408447
67   1.1763747930526733
68   1.001531958580017
69   1.0673872232437134
70   1.1876611709594727
71   1.0535578727722168
72   1.3414809703826904
73   1.111556887626648
74   1.3067598342895508
75   1.4572381973266602
76   1.4612787961959839
77   2.107307195663452
78   1.3348692655563354
79   1.4117786884307861
80   1.4105710983276367
81   1.5352648496627808
82   1.5625090599060059
83   1.2428867816925049
84   1.8246105909347534
85   1.615334391593933
86   1.2502375841140747
87   1.519318699836731
88   1.2129747867584229
89   0.9612129330635071
90   1.4733247756958008
91   1.4321202039718628
92   1.0873327255249023
93   1.4034110307693481
94   1.1063952445983887
95   1.6815317869186401
96   1.5004959106445313
97   1.1479800939559937
98   1.2687923908233643
99   1.7635051012039185
100   1.2403723001480103
101   0.9783604145050049
102   0.978655993938446
103   1.0943059921264648
104   0.7983073592185974
105   1.019270896911621
106   1.4114599227905273
107   1.3988957405090332
108   1.100649118423462
109   0.9683128595352173
110   1.9718633890151978
111   1.3598675727844238
112   1.0533721446990967
113   0.9582898616790771
114   1.012539267539978
115   0.8942031264305115
116   1.099452257156372
117   2.4141604900360107
118   1.513515830039978
119   1.3584085702896118
120   1.5723024606704712
121   1.2154344320297241
122   1.0021946430206299
123   1.1771610975265503
124   1.8794739246368408
125   1.575122356414795
126   1.4399539232254028
127   0.9188242554664612
128   0.9585208892822266
129   1.21896493434906
130   1.2703860998153687
131   1.5659726858139038
132   1.3901346921920776
133   1.659622311592102
134   1.8343398571014404
135   1.3529359102249146
136   1.217943549156189
137   1.0561448335647583
138   0.9025428295135498
139   1.0763410329818726
140   1.15776526927948
141   1.225597620010376
142   1.3223165273666382
143   1.0614687204360962
144   1.0588457584381104
145   1.3457329273223877
146   1.5342813730239868
147   0.9644474387168884
148   1.8921270370483398
149   1.09144127368927
150   1.820590853691101
151   1.3983864784240723
152   1.8079240322113037
153   1.57803475856781
154   2.02536940574646
155   1.3315091133117676
156   1.6469333171844482
157   1.5158274173736572
158   1.1411291360855103
159   1.3245283365249634
160   1.76326584815979
161   1.1409953832626343
162   1.4678086042404175
163   1.073091745376587
164   1.9831913709640503
165   0.836473286151886
166   1.9596413373947144
167   1.1887208223342896
168   1.9728374481201172
169   1.342808485031128
170   1.367656946182251
171   1.7604682445526123
172   1.552777886390686
173   1.273978352546692
174   1.2589609622955322
175   1.985474944114685
176   1.1073148250579834
177   1.3279831409454346
178   1.757262945175171
179   1.5878297090530396
180   1.9953423738479614
181   1.4850012063980103
182   1.2158658504486084
183   1.3775649070739746
184   1.8752361536026
185   0.9216899871826172
186   1.236154317855835
187   1.8628937005996704
188   1.7217382192611694
189   1.473323941230774
190   1.9224258661270142
191   1.3843588829040527
192   1.4294254779815674
193   1.4793951511383057
194   1.3244903087615967
195   1.169866919517517
196   0.9046546220779419
197   1.1180294752120972
198   1.1804128885269165
199   0.9604543447494507
200   1.9579124450683594
201   1.758956789970398
202   1.4334986209869385
203   1.260387659072876
204   1.3987034559249878
205   2.112403392791748
206   1.5717811584472656
207   1.4885131120681763
208   1.0352901220321655
209   1.409300446510315
210   1.1875474452972412
211   1.409249186515808
212   2.057568073272705
213   1.0753802061080933
