0   0.0
1   0.17222972214221954
2   0.17760895192623138
3   0.19061243534088135
4   0.18433687090873718
5   0.18837827444076538
6   0.18163412809371948
7   0.18222075700759888
8   0.18218158185482025
9   0.20875447988510132
10   0.2426631599664688
11   0.3755829930305481
12   0.4631521701812744
13   1.056145191192627
14   1.9163050651550293
15   1.7707759141921997
16   2.552262306213379
17   1.8757110834121704
18   1.3617146015167236
19   1.369020700454712
20   1.9325796365737915
21   1.859043002128601
22   1.6342469453811646
23   2.159630060195923
24   2.1942172050476074
25   1.9314701557159424
26   2.0620687007904053
27   1.9951902627944946
28   1.9847215414047241
29   1.9073638916015625
30   2.315180540084839
31   2.954777717590332
32   1.7933690547943115
33   2.3061869144439697
34   1.9162887334823608
35   1.9721261262893677
36   1.902548909187317
37   2.090693473815918
38   1.84298574924469
39   1.9067236185073853
40   1.6711583137512207
41   1.4552254676818848
42   1.8840222358703613
43   2.1754374504089355
44   2.1220571994781494
45   1.9167464971542358
46   2.0393075942993164
47   1.71234130859375
48   1.7731670141220093
49   1.5168379545211792
50   2.06135892868042
51   1.975709080696106
52   1.6287875175476074
53   1.7976710796356201
54   2.2487597465515137
55   2.568171262741089
56   2.036179304122925
57   2.27882719039917
58   2.0442111492156982
59   2.270866632461548
60   1.915520429611206
61   1.808104395866394
62   1.9504749774932861
63   2.4052181243896484
64   2.217066764831543
65   2.569563627243042
66   1.8759669065475464
67   1.9258884191513062
68   2.0892066955566406
69   2.1494953632354736
70   1.8260283470153809
71   1.8972969055175781
72   2.064727783203125
73   1.771610140800476
74   2.0192551612854004
75   2.1837170124053955
76   1.8433270454406738
77   2.6205661296844482
78   2.326294422149658
79   1.8660823106765747
80   2.161682367324829
81   2.1620960235595703
82   2.007542610168457
83   1.7924529314041138
84   2.298152208328247
85   2.7595326900482178
86   1.9330285787582397
87   2.2111668586730957
88   2.4421284198760986
89   1.881881594657898
90   1.8968178033828735
91   2.008776903152466
92   1.9764236211776733
93   1.9336793422698975
94   1.929608941078186
95   2.0346486568450928
96   1.9365460872650146
97   1.9792633056640625
98   1.8320605754852295
99   1.8235818147659302
100   1.517320990562439
101   2.1197736263275146
102   1.8857413530349731
103   1.5084705352783203
104   1.9552741050720215
105   1.9297096729278564
106   2.0456786155700684
107   1.635743260383606
108   2.2517454624176025
109   1.6429418325424194
110   2.4978456497192383
111   2.1033785343170166
112   2.4136435985565186
113   2.0326051712036133
114   2.414299726486206
115   2.7014224529266357
116   2.2586328983306885
117   3.311846971511841
118   1.9878262281417847
119   2.1810967922210693
120   2.188819646835327
121   2.551614761352539
122   2.3809449672698975
123   2.5322210788726807
124   2.591001510620117
125   2.4958865642547607
126   2.610891103744507
127   2.3093807697296143
128   2.436155080795288
129   2.275517463684082
130   2.396087169647217
131   1.973926067352295
132   2.278085708618164
133   2.3383030891418457
134   2.771028518676758
135   2.2059309482574463
136   2.6857669353485107
137   2.106628656387329
138   2.1090188026428223
139   1.788454532623291
140   2.15641450881958
141   2.4765987396240234
142   2.3132822513580322
143   2.339325428009033
144   1.924914836883545
145   2.5779190063476563
146   2.438782215118408
147   1.9589557647705078
148   2.3669676780700684
149   2.520949602127075
150   2.7200136184692383
151   2.505474805831909
152   2.465471029281616
153   2.296539068222046
154   2.800077438354492
155   2.614166498184204
156   1.9030500650405884
157   2.338611602783203
158   2.5097897052764893
159   2.493687868118286
160   2.462705612182617
161   2.6248955726623535
162   2.844595432281494
163   2.3017046451568604
164   2.794314384460449
165   1.951424241065979
166   2.5454254150390625
167   2.2500598430633545
168   3.171143054962158
169   2.0442054271698
170   2.272036552429199
171   2.4236159324645996
172   2.2064156532287598
173   2.4168574810028076
174   2.545767307281494
175   2.7581989765167236
176   2.409888505935669
177   2.5404891967773438
178   2.4140098094940186
179   2.2662620544433594
180   2.4446535110473633
181   2.351839780807495
182   1.9741191864013672
183   2.7573184967041016
184   2.7268314361572266
185   2.001443386077881
186   2.0979256629943848
187   2.5895562171936035
188   2.639023542404175
189   2.5705058574676514
190   2.8483691215515137
191   2.320680856704712
192   2.377415180206299
193   2.6141319274902344
194   2.47652530670166
195   2.062011241912842
196   2.188549757003784
197   2.4069273471832275
198   2.4393255710601807
199   2.4386279582977295
200   2.9636378288269043
201   2.6574888229370117
202   2.6018383502960205
203   2.5720043182373047
204   2.6101081371307373
205   3.102570056915283
206   2.6033806800842285
207   1.9837106466293335
208   2.6621367931365967
209   2.119220018386841
210   2.29599928855896
211   2.2278339862823486
212   2.492762804031372
213   2.2251858711242676
