1   1.2135881185531616
2   1.080987811088562
3   0.9281333684921265
4   0.8847818374633789
5   1.0424628257751465
6   1.0459567308425903
7   1.116244912147522
8   1.0192052125930786
9   1.1428579092025757
10   1.1367802619934082
11   1.1334383487701416
12   0.9335845708847046
13   0.9990249872207642
14   1.1101325750350952
15   0.8782353401184082
16   1.0937373638153076
17   0.9734091758728027
18   0.9917571544647217
19   0.9790528416633606
20   1.1288491487503052
21   0.9236982464790344
22   0.9012657999992371
23   1.0077159404754639
24   1.051191806793213
25   0.8330590128898621
26   0.9500061273574829
27   1.0054879188537598
28   1.0248695611953735
29   0.8407450318336487
30   0.8914109468460083
31   1.2296336889266968
32   0.7934903502464294
33   1.3483620882034302
34   0.8249161839485168
35   1.0996628999710083
36   0.8682959675788879
37   1.0217523574829102
38   0.9689399600028992
39   1.088572382926941
40   1.1501904726028442
41   1.0825544595718384
42   1.1202322244644165
43   1.0403635501861572
44   1.0072981119155884
45   1.0112435817718506
46   1.0475704669952393
47   1.0585110187530518
48   1.1025023460388184
49   1.0292202234268188
50   0.9440369009971619
51   0.7854568362236023
52   0.9411798119544983
53   0.9925807118415833
54   1.2126325368881226
55   1.1018788814544678
56   1.1809076070785522
57   1.1774929761886597
58   0.8800222873687744
59   0.9439737796783447
60   1.0009783506393433
61   1.1061564683914185
62   0.9645443558692932
63   1.164043664932251
64   1.0759449005126953
65   0.8763501644134521
66   1.0642077922821045
67   1.2766358852386475
68   1.1009074449539185
69   0.9898300170898438
70   1.056873083114624
71   1.157178282737732
72   0.8840312361717224
73   1.2515370845794678
74   0.9837211966514587
75   1.0199134349822998
76   1.0255820751190186
77   1.1542911529541016
78   1.198767900466919
79   1.219496726989746
80   1.1881823539733887
81   0.8700207471847534
82   0.9799095988273621
83   1.0028268098831177
84   0.9874823689460754
85   1.0611776113510132
86   1.2740247249603271
87   1.124456524848938
88   1.2246458530426025
89   1.3695216178894043
90   1.1529277563095093
91   1.2983683347702026
92   1.1608521938323975
93   1.4088748693466187
94   1.2666114568710327
95   1.1036744117736816
96   1.3318606615066528
97   1.2205474376678467
98   1.2090539932250977
99   1.3634727001190186
100   1.307322382926941
101   1.2310330867767334
102   1.377210021018982
103   1.0145212411880493
104   1.162057876586914
105   0.8251816034317017
106   1.391847848892212
107   1.1334043741226196
108   1.2796812057495117
109   1.2404062747955322
110   1.3126589059829712
111   1.245147466659546
112   1.276429533958435
113   0.814186155796051
114   1.0406852960586548
115   0.958022952079773
116   0.9177354574203491
117   1.0770572423934937
118   0.8815711140632629
119   1.044446349143982
120   0.9124733209609985
121   1.1028436422348022
122   0.9756455421447754
123   1.0458483695983887
124   0.838373064994812
125   0.9501248598098755
126   1.160876989364624
127   1.1156649589538574
128   0.7569584250450134
129   1.0462383031845093
130   1.017948031425476
131   1.0538761615753174
132   0.998604953289032
133   1.0461612939834595
134   1.049472451210022
135   0.9616286754608154
136   0.9414985775947571
137   1.001049518585205
138   1.0561769008636475
139   0.9681217074394226
140   1.0695439577102661
141   1.1294043064117432
142   1.0394538640975952
143   0.9775442481040955
144   1.3408743143081665
145   1.048883080482483
146   0.9321845173835754
147   0.8966700434684753
148   0.9229797720909119
149   1.0255582332611084
150   0.9368407726287842
151   1.0690654516220093
152   0.881014883518219
153   1.0615226030349731
154   0.8724992871284485
155   0.9912917017936707
156   0.9955992102622986
157   0.9688968658447266
158   0.8235206007957458
159   1.0951873064041138
160   1.0209052562713623
