1   3.111121416091919
2   2.902311325073242
3   2.6660237312316895
4   2.527128219604492
5   2.9209580421447754
6   2.7059924602508545
7   3.0676887035369873
8   2.727837324142456
9   2.5216052532196045
10   2.5769591331481934
11   3.034775972366333
12   2.7255239486694336
13   3.1988282203674316
14   2.9997127056121826
15   2.898653507232666
16   2.969203472137451
17   2.788663148880005
18   2.964475631713867
19   2.8289413452148438
20   2.7979722023010254
21   3.0729289054870605
22   2.840738296508789
23   2.743741035461426
24   2.7542641162872314
25   2.777193546295166
26   2.728245496749878
27   2.927718162536621
28   2.7254414558410645
29   2.553004264831543
30   2.6947951316833496
31   2.8952584266662598
32   2.7152512073516846
33   2.8718323707580566
34   2.7819156646728516
35   2.7365033626556396
36   2.5875186920166016
37   2.476527690887451
38   2.7521002292633057
39   3.12119722366333
40   2.622108221054077
41   2.4536774158477783
42   2.6277077198028564
43   2.349193811416626
44   2.294126272201538
45   2.452885389328003
46   2.3481733798980713
47   2.230340003967285
48   2.5958361625671387
49   2.3443350791931152
50   2.452526807785034
51   2.3456308841705322
52   2.508716344833374
53   2.73976469039917
54   2.4440863132476807
55   2.5748071670532227
56   2.3688907623291016
57   2.3774397373199463
58   2.5254859924316406
59   2.4424126148223877
60   2.504995107650757
61   2.7937569618225098
62   2.712022304534912
63   2.597022771835327
64   2.4270684719085693
65   2.6451210975646973
66   2.1863725185394287
67   2.5991551876068115
68   2.5538580417633057
69   2.2690868377685547
70   2.0219943523406982
71   2.4769294261932373
72   2.778496503829956
73   2.2575454711914063
74   2.4311342239379883
75   2.392108678817749
76   2.1990888118743896
77   2.718092918395996
78   2.554521083831787
79   2.6697771549224854
80   2.6806836128234863
81   2.5032107830047607
82   2.7268152236938477
83   2.2561049461364746
84   2.1933367252349854
85   2.9470982551574707
86   2.645622491836548
87   2.8534324169158936
88   2.742734670639038
89   2.8871970176696777
90   2.5913853645324707
91   2.574791431427002
92   2.2165589332580566
93   2.361764907836914
94   2.4860079288482666
95   2.471446990966797
96   2.329133987426758
97   2.3889479637145996
98   2.3790667057037354
99   2.2385854721069336
100   1.9769443273544312
101   2.1184744834899902
102   2.287388801574707
103   2.1089701652526855
104   2.630521535873413
105   2.6320550441741943
106   2.4871103763580322
107   2.365039348602295
108   2.716909408569336
109   2.259967565536499
110   2.092519521713257
111   2.4984893798828125
112   2.2680418491363525
113   2.423266887664795
114   2.6420974731445313
115   2.95627760887146
116   2.643404245376587
117   2.4564249515533447
118   2.4435806274414063
119   2.2711522579193115
120   2.3311538696289063
121   2.4241175651550293
122   2.659452438354492
123   2.3166401386260986
124   2.2919297218322754
125   2.148289203643799
126   1.9377589225769043
127   2.541480302810669
128   2.2749290466308594
129   2.231168508529663
130   2.1826295852661133
131   1.8700299263000488
132   2.044456720352173
133   2.075406312942505
134   1.9268178939819336
135   1.9262324571609497
136   1.9488338232040405
137   2.1718363761901855
138   1.8184772729873657
139   2.3667266368865967
140   2.066124200820923
141   2.2544424533843994
142   2.209773063659668
143   2.0549464225769043
144   2.2382614612579346
145   1.945627212524414
146   1.9243043661117554
147   1.9719831943511963
148   2.290898561477661
149   2.2745518684387207
150   2.065711259841919
151   2.2825706005096436
152   2.2393364906311035
153   2.0474605560302734
154   2.056731700897217
155   1.9989935159683228
156   1.9440875053405762
157   1.8723881244659424
158   1.8366068601608276
159   2.034391164779663
160   2.105959892272949
