1   2.978933572769165
2   2.714970350265503
3   2.1536858081817627
4   1.789111852645874
5   2.5604894161224365
6   2.189913272857666
7   2.8295607566833496
8   2.423172950744629
9   1.7926523685455322
10   2.1712937355041504
11   2.8215363025665283
12   2.5273823738098145
13   3.36661696434021
14   2.9543564319610596
15   2.7960197925567627
16   2.903956890106201
17   2.5886874198913574
18   2.9929440021514893
19   2.688323497772217
20   2.6261699199676514
21   3.0146636962890625
22   2.5797879695892334
23   2.5130467414855957
24   2.3469479084014893
25   2.2517592906951904
26   2.3217368125915527
27   2.9292173385620117
28   2.6871821880340576
29   1.9302482604980469
30   2.11022686958313
31   2.7718372344970703
32   2.3503270149230957
33   2.6180596351623535
34   2.553999900817871
35   2.144803762435913
36   2.334268569946289
37   1.9305775165557861
38   2.5851829051971436
39   2.8929636478424072
40   2.3107547760009766
41   2.306549072265625
42   2.3842527866363525
43   2.1866888999938965
44   2.206040859222412
45   2.2747819423675537
46   2.147468090057373
47   2.065161943435669
48   2.5331358909606934
49   2.164163589477539
50   2.170581817626953
51   2.1267056465148926
52   2.263115167617798
53   2.7453794479370117
54   2.3549039363861084
55   2.4150354862213135
56   2.125540256500244
57   2.1936604976654053
58   2.398535966873169
59   2.287792682647705
60   2.3345680236816406
61   2.5962393283843994
62   2.545422315597534
63   2.539433479309082
64   2.3941478729248047
65   2.3917105197906494
66   2.217860698699951
67   2.6140596866607666
68   2.421592950820923
69   2.1340341567993164
70   1.8370407819747925
71   2.3230676651000977
72   2.646536350250244
73   2.028529405593872
74   2.108278274536133
75   2.4310712814331055
76   2.0226945877075195
77   2.5384581089019775
78   2.2961654663085938
79   2.548980236053467
80   2.6574578285217285
81   2.378849744796753
82   2.581275463104248
83   2.0362308025360107
84   2.027296543121338
85   2.805304765701294
86   2.5534491539001465
87   2.6460347175598145
88   2.5485544204711914
89   2.567512035369873
90   2.4230432510375977
91   2.3073935508728027
92   1.9279608726501465
93   2.122819662094116
94   2.1965906620025635
95   2.2837319374084473
96   2.097642660140991
97   2.1521332263946533
98   2.069807291030884
99   2.003674030303955
100   1.7533687353134155
101   1.7724651098251343
102   2.038398027420044
103   1.7334253787994385
104   2.3642303943634033
105   2.3741137981414795
106   1.9838411808013916
107   1.8904426097869873
108   2.1530234813690186
109   1.7204668521881104
110   1.6217894554138184
111   2.188321352005005
112   1.9065302610397339
113   2.136538028717041
114   2.4107730388641357
115   2.711076498031616
116   2.435371160507202
117   2.117142915725708
118   2.075556993484497
119   1.9628286361694336
120   2.0122263431549072
121   2.2030422687530518
122   2.4840080738067627
123   2.0549798011779785
124   1.8660292625427246
125   1.85337233543396
126   1.8462015390396118
127   2.393453359603882
128   2.0788326263427734
129   2.0533530712127686
130   2.062114715576172
131   1.6093839406967163
132   1.7680715322494507
133   1.893924593925476
134   1.834735631942749
135   1.5929878950119019
136   1.663638949394226
137   1.9579429626464844
138   1.571424126625061
139   2.1699228286743164
140   1.917758584022522
141   2.1996514797210693
142   1.8830335140228271
143   1.888793706893921
144   2.1183440685272217
145   1.653281331062317
146   1.6966588497161865
147   1.7793229818344116
148   2.181575298309326
149   1.9426462650299072
150   1.7496743202209473
151   2.015197515487671
152   2.0275752544403076
153   1.816562533378601
154   1.7393110990524292
155   1.8062912225723267
156   1.6877409219741821
157   1.5834091901779175
158   1.5532770156860352
159   1.773447036743164
160   1.8333215713500977
