1   1.038803219795227
2   1.2025607824325562
3   1.2696460485458374
4   0.9974966049194336
5   1.104756474494934
6   0.9098581075668335
7   0.9880937337875366
8   1.1644033193588257
9   1.0481406450271606
10   1.030395746231079
11   1.0579516887664795
12   1.0320261716842651
13   1.0266319513320923
14   1.0199270248413086
15   1.0669220685958862
16   1.1042402982711792
17   1.0365134477615356
18   1.1231104135513306
19   1.1690359115600586
20   1.0125186443328857
21   1.0303668975830078
22   1.0177890062332153
23   0.9293174147605896
24   1.1111186742782593
25   0.9107592105865479
26   1.3149995803833008
27   1.1272321939468384
28   0.926214873790741
29   0.9907962083816528
30   1.0939302444458008
31   0.8434836864471436
32   1.3804395198822021
33   1.2041083574295044
34   0.9589107632637024
35   1.2061686515808105
36   0.9110226035118103
37   1.0439757108688354
38   1.7029093503952026
39   1.1489529609680176
40   0.9720902442932129
41   0.9913818836212158
42   1.1449034214019775
43   0.9897400140762329
44   1.3101484775543213
45   1.4600974321365356
46   1.332556128501892
47   1.3095589876174927
48   1.4022223949432373
49   1.2917733192443848
50   1.2386656999588013
51   1.7272943258285522
52   1.5378742218017578
53   1.3879088163375854
54   1.0927714109420776
55   1.559173583984375
56   1.0190850496292114
57   1.269889235496521
58   1.5398344993591309
59   0.9870234131813049
60   1.6244479417800903
61   1.3855069875717163
62   1.2337207794189453
63   1.3083847761154175
64   1.499078631401062
65   1.467630386352539
66   1.1563756465911865
67   1.4398012161254883
68   1.676360011100769
69   1.3455822467803955
70   1.0957677364349365
71   1.9022607803344727
72   1.6589291095733643
73   1.7418978214263916
74   1.680679202079773
75   1.772934079170227
76   1.9879279136657715
77   1.429465889930725
78   1.5506824254989624
79   1.5247098207473755
80   1.3287999629974365
81   1.3972491025924683
82   1.3644986152648926
83   1.7037516832351685
84   1.6812633275985718
85   1.2294604778289795
86   1.1789780855178833
87   1.2290849685668945
88   0.9189477562904358
89   1.4453469514846802
90   0.981962263584137
91   1.7935158014297485
92   1.3093444108963013
93   1.1891735792160034
94   1.2233508825302124
95   1.8421186208724976
96   2.0899810791015625
97   1.3527644872665405
98   1.546336054801941
99   1.4407742023468018
100   1.1667944192886353
101   1.0763952732086182
102   1.1483200788497925
103   1.8671857118606567
104   1.0934985876083374
105   0.8882234692573547
106   0.634698748588562
107   1.5320079326629639
108   1.082661747932434
109   1.2980214357376099
110   1.2860939502716064
111   1.6956721544265747
112   1.2969352006912231
113   1.5015050172805786
114   1.6097583770751953
115   1.0010385513305664
116   0.851950466632843
117   1.3624097108840942
118   1.674130916595459
119   1.1501808166503906
120   0.960385262966156
121   0.774616003036499
122   1.2251498699188232
123   1.4263267517089844
124   0.9058564901351929
125   1.0686653852462769
126   0.9751048684120178
127   1.3272520303726196
128   0.8397290110588074
129   1.236222267150879
130   1.1259994506835938
131   0.9867698550224304
132   1.0774037837982178
133   0.9673765301704407
134   1.2530150413513184
135   0.9749746322631836
136   1.382439136505127
137   1.2929433584213257
138   1.3117501735687256
139   1.036207914352417
140   1.1312079429626465
141   1.2683736085891724
142   1.1281923055648804
143   1.157330870628357
144   0.9130632281303406
145   0.7446130514144897
146   1.0249689817428589
147   0.8627610206604004
148   1.1444284915924072
149   0.9908890724182129
150   0.9407950639724731
151   1.2295148372650146
152   1.3330985307693481
153   0.9601845741271973
154   1.188094973564148
155   0.9224417209625244
156   1.1542398929595947
157   1.0956445932388306
158   0.9431321024894714
159   1.1991289854049683
160   1.1228610277175903
161   1.1145905256271362
162   0.9053261280059814
163   0.9363123178482056
164   1.0200798511505127
