1   3.262016534805298
2   3.1639864444732666
3   2.7626216411590576
4   2.8298473358154297
5   2.9509999752044678
6   2.857395648956299
7   2.690131664276123
8   2.7003331184387207
9   2.668142318725586
10   2.766103744506836
11   3.0234413146972656
12   3.061453342437744
13   2.858492374420166
14   2.7548961639404297
15   2.61875057220459
16   2.7449095249176025
17   2.644061326980591
18   2.975724458694458
19   3.0204222202301025
20   3.2720491886138916
21   3.074141263961792
22   2.95998477935791
23   2.9211103916168213
24   2.638284683227539
25   2.905580759048462
26   2.9103212356567383
27   2.867000102996826
28   3.169851064682007
29   2.7853214740753174
30   3.024362087249756
31   2.8143551349639893
32   2.8669939041137695
33   3.0003130435943604
34   2.864077568054199
35   2.810422658920288
36   2.923525810241699
37   2.7304563522338867
38   2.637718677520752
39   2.626657485961914
40   2.704233407974243
41   2.8547253608703613
42   2.70590877532959
43   2.7403085231781006
44   2.807584762573242
45   2.9277937412261963
46   3.0631103515625
47   3.1084253787994385
48   3.0970115661621094
49   3.347020387649536
50   3.303229808807373
51   3.370384693145752
52   3.1433632373809814
53   3.481586456298828
54   2.8678622245788574
55   3.1334588527679443
56   2.620304822921753
57   2.895782232284546
58   2.9044606685638428
59   2.871938943862915
60   2.717924118041992
61   2.5686190128326416
62   2.639035701751709
63   2.7139811515808105
64   2.6733651161193848
65   2.6996941566467285
66   2.7775816917419434
67   2.559433937072754
68   2.8452391624450684
69   2.706650495529175
70   2.6546833515167236
71   2.8450541496276855
72   2.7970657348632813
73   2.886389970779419
74   2.6763110160827637
75   2.7604362964630127
76   2.827702283859253
77   2.7238540649414063
78   2.5908703804016113
79   2.682837724685669
80   2.7479825019836426
81   2.6935603618621826
82   2.5893125534057617
83   2.8297348022460938
84   2.7198288440704346
85   2.6185193061828613
86   2.714545488357544
87   2.6289994716644287
88   2.791780948638916
89   2.796966791152954
90   2.970421314239502
91   3.0924129486083984
92   2.8531887531280518
93   2.89436674118042
94   2.8461689949035645
95   2.9888479709625244
96   2.7526016235351563
97   2.8526995182037354
98   3.2514288425445557
99   3.0462589263916016
100   3.0489885807037354
101   2.6732752323150635
102   2.9365854263305664
103   3.1960384845733643
104   3.0190181732177734
105   2.699626922607422
106   2.597975254058838
107   2.969743013381958
108   2.6100316047668457
109   2.7475969791412354
110   2.9590225219726563
111   2.8523173332214355
112   2.4450860023498535
113   2.6575732231140137
114   2.859602451324463
115   2.4307610988616943
116   2.526317596435547
117   3.0174710750579834
118   3.058560609817505
119   2.923306941986084
120   2.6403660774230957
121   2.57871413230896
122   2.5738587379455566
123   2.952483654022217
124   2.7889208793640137
125   2.3999650478363037
126   2.6794307231903076
127   2.5156285762786865
128   2.771188259124756
129   2.665557861328125
130   2.7883541584014893
131   2.5011775493621826
132   2.6888110637664795
133   2.5263893604278564
134   2.7326769828796387
135   2.688781499862671
136   2.769155979156494
137   2.696274757385254
138   2.5075314044952393
139   2.708972454071045
140   2.685764789581299
141   2.8455393314361572
142   2.3294267654418945
143   2.72381329536438
144   2.6077895164489746
145   2.569985866546631
146   2.593960762023926
147   2.440873622894287
148   2.67413330078125
149   2.4915356636047363
150   2.529900550842285
151   2.662358283996582
152   2.763359308242798
153   2.5528407096862793
154   2.6986842155456543
155   2.649685859680176
156   2.5454518795013428
157   2.550060510635376
158   2.516493797302246
159   2.479642868041992
160   2.395519971847534
161   2.2880783081054688
162   2.5554466247558594
163   2.725926160812378
164   2.4391844272613525
