0   0.0
1   0.28506365418434143
2   0.14386893808841705
3   0.2101549506187439
4   0.2764891982078552
5   0.1800222247838974
6   0.18387021124362946
7   0.28208279609680176
8   0.26654961705207825
9   0.2821008265018463
10   0.3871929347515106
11   0.6338420510292053
12   0.789310872554779
13   1.5082138776779175
14   1.910033106803894
15   1.9917384386062622
16   0.8442299962043762
17   0.9205410480499268
18   0.8231493234634399
19   1.1507494449615479
20   2.068895101547241
21   2.711731433868408
22   2.924086093902588
23   2.660043478012085
24   2.328293800354004
25   3.1411752700805664
26   1.3295458555221558
27   1.496834397315979
28   1.2533047199249268
29   1.837473750114441
30   1.463323950767517
31   1.5680577754974365
32   1.4810563325881958
33   2.1353485584259033
34   1.9483275413513184
35   1.5091091394424438
36   1.7443134784698486
37   2.1139214038848877
38   2.5364813804626465
39   1.425844430923462
40   1.416254997253418
41   1.8133172988891602
42   1.5936850309371948
43   1.7038650512695313
44   2.0450189113616943
45   1.7509161233901978
46   1.7436145544052124
47   2.4257774353027344
48   1.6528559923171997
49   2.667888879776001
50   2.226001262664795
51   1.9089244604110718
52   2.0677525997161865
53   1.6106935739517212
54   1.8624067306518555
55   1.650404453277588
56   1.7303582429885864
57   2.332669258117676
58   1.960433006286621
59   2.5682413578033447
60   2.1518075466156006
61   2.249988317489624
62   2.5611026287078857
63   2.4770724773406982
64   1.0184212923049927
65   0.9551621675491333
66   1.08420729637146
67   1.3338381052017212
68   2.305103063583374
69   2.8121860027313232
70   1.831913948059082
71   1.798161506652832
72   2.2128632068634033
73   1.8421623706817627
74   1.7501721382141113
75   1.7856167554855347
76   1.2865023612976074
77   1.4145698547363281
78   1.923669695854187
79   1.109911561012268
80   1.5359877347946167
81   2.7441635131835938
82   1.6118987798690796
83   2.424339771270752
84   2.018369674682617
85   2.6530137062072754
86   1.870235562324524
87   2.0352461338043213
88   2.4263341426849365
89   1.8499876260757446
90   2.398116111755371
91   2.4498777389526367
92   1.6603522300720215
93   2.086198568344116
94   2.2578985691070557
95   2.247676372528076
96   2.4902184009552
97   1.760739803314209
98   1.0586364269256592
99   1.5268906354904175
100   2.905390739440918
101   2.7065958976745605
102   2.2855188846588135
103   2.8428540229797363
104   1.8378455638885498
105   2.3746893405914307
106   2.1978867053985596
107   2.2014102935791016
108   1.4426008462905884
109   2.4669439792633057
110   2.0763862133026123
111   1.8786301612854004
112   2.2373452186584473
113   2.1168806552886963
114   2.1446664333343506
115   2.0970847606658936
116   1.2793149948120117
117   1.455183982849121
118   1.9019439220428467
119   2.353283643722534
120   2.2442827224731445
121   1.8459333181381226
122   1.9797114133834839
123   2.0321059226989746
124   2.1236648559570313
125   1.683419108390808
126   1.4583594799041748
127   1.6693471670150757
128   1.871087908744812
129   2.7393362522125244
130   1.541662573814392
131   1.9340170621871948
132   2.269688367843628
133   1.4980376958847046
134   1.4978066682815552
135   0.9531099796295166
136   1.7414608001708984
137   1.7968493700027466
138   1.8669452667236328
139   0.95399010181427
140   1.1799192428588867
141   1.1791905164718628
142   1.652405023574829
143   2.2169716358184814
144   2.36590838432312
145   2.1296236515045166
146   1.5418647527694702
147   2.517965316772461
148   2.157733678817749
149   2.5279440879821777
150   2.1988511085510254
151   2.5652196407318115
152   2.2666430473327637
153   1.7596051692962646
154   1.4722543954849243
155   1.7786329984664917
156   2.801318645477295
157   0.9855831265449524
158   2.1201159954071045
159   1.3507696390151978
160   1.1195887327194214
161   0.8679597973823547
162   2.0035011768341064
163   1.6276345252990723
164   1.1145840883255005
165   1.251886248588562
166   2.7755286693573
167   1.9341126680374146
168   1.6168900728225708
169   1.7611430883407593
170   2.294175863265991
171   0.9390111565589905
172   1.281357765197754
173   1.5461300611495972
174   0.9669511914253235
175   1.4058778285980225
176   2.7710063457489014
177   1.0816594362258911
178   1.457984209060669
179   1.8106157779693604
180   2.0424551963806152
181   3.0790374279022217
182   2.2952022552490234
183   2.051179885864258
184   1.6802231073379517
185   1.6537222862243652
186   1.4820419549942017
187   1.346104621887207
188   1.788419485092163
189   1.4097076654434204
190   1.664217472076416
191   1.866683006286621
192   1.2324693202972412
193   1.8888639211654663
194   1.9947705268859863
195   1.7351443767547607
196   1.4743971824645996
197   1.114740014076233
198   0.9700710773468018
199   1.3845722675323486
200   1.467942476272583
201   1.024707555770874
202   1.2565271854400635
203   0.9968407154083252
204   0.9928240776062012
205   2.6751303672790527
206   1.842285394668579
207   1.5589969158172607
208   2.1735503673553467
209   1.6059952974319458
210   1.3159759044647217
211   2.248577356338501
212   2.420034170150757
213   2.7404556274414063
