0   0.0
1   1.8965034484863281
2   1.9242743253707886
3   1.864463448524475
4   2.1637701988220215
5   1.827131986618042
6   2.1021084785461426
7   2.052901268005371
8   1.940950870513916
9   2.4163384437561035
10   2.8007373809814453
11   3.1918752193450928
12   3.1381123065948486
13   5.143712997436523
14   4.511926651000977
15   4.915006160736084
16   4.0651631355285645
17   4.363259792327881
18   4.425225257873535
19   5.619313716888428
20   6.272010326385498
21   4.459386825561523
22   3.7802252769470215
23   4.069894790649414
24   3.5422558784484863
25   5.333045959472656
26   3.652064561843872
27   4.472292423248291
28   4.976640224456787
29   2.840023994445801
30   4.860267162322998
31   4.587904453277588
32   4.521735668182373
33   5.003523826599121
34   3.8705365657806396
35   4.531403064727783
36   5.9602484703063965
37   4.965024948120117
38   5.236036777496338
39   5.587189197540283
40   5.11068868637085
41   5.676355361938477
42   5.129080295562744
43   5.801451206207275
44   5.119000434875488
45   5.715099334716797
46   6.341390132904053
47   5.301279544830322
48   5.853047847747803
49   5.440009117126465
50   5.6996893882751465
51   4.8289995193481445
52   4.0222578048706055
53   4.949868679046631
54   5.81436824798584
55   5.3638176918029785
56   4.55882453918457
57   5.846235752105713
58   6.315431594848633
59   5.929811477661133
60   6.72920036315918
61   4.789162635803223
62   5.783263683319092
63   5.985959053039551
64   5.643847942352295
65   5.461863994598389
66   4.1788716316223145
67   4.732325077056885
68   4.890322208404541
69   5.591709613800049
70   6.236207485198975
71   4.870838642120361
72   6.153954982757568
73   4.812317371368408
74   4.461341381072998
75   4.4735941886901855
76   3.9663407802581787
77   4.746218204498291
78   4.104709148406982
79   4.543282508850098
80   3.311163902282715
81   3.3710923194885254
82   4.339625835418701
83   3.6154565811157227
84   4.899984359741211
85   3.258904457092285
86   3.7604033946990967
87   4.378617286682129
88   4.086910724639893
89   3.7104384899139404
90   4.251870632171631
91   3.0541393756866455
92   4.375498294830322
93   4.242641448974609
94   4.396063804626465
95   4.477035045623779
96   3.9706027507781982
97   4.452133655548096
98   5.398714542388916
99   5.763175010681152
100   5.27669620513916
101   3.6118381023406982
102   5.37713098526001
103   4.890756607055664
104   5.586671352386475
105   5.606895923614502
106   5.015992164611816
107   4.025794506072998
108   3.823011875152588
109   5.352571964263916
110   5.61433744430542
111   6.139014720916748
112   5.557693004608154
113   6.0054826736450195
114   5.205467700958252
115   4.244180202484131
116   4.104134559631348
117   4.467039108276367
118   3.729297637939453
119   3.3427467346191406
120   3.860781669616699
121   4.276164531707764
122   4.435211181640625
123   3.936499834060669
124   4.499030590057373
125   3.657405138015747
126   4.716402053833008
127   3.748215436935425
128   4.037863731384277
129   3.5577094554901123
130   3.2171308994293213
131   3.935659170150757
132   3.5667788982391357
133   3.910532236099243
134   3.855592727661133
135   4.181601524353027
136   3.406146287918091
137   3.973059892654419
138   3.6046903133392334
139   5.163487911224365
140   4.992350101470947
141   5.10343074798584
142   4.437503337860107
143   3.8697454929351807
144   3.4811925888061523
145   3.877162218093872
146   4.600264549255371
147   4.134687900543213
148   3.2212765216827393
149   4.3430681228637695
150   4.12833309173584
151   5.55552339553833
152   4.0865159034729
153   5.6357340812683105
154   5.33611536026001
155   3.744101047515869
156   5.2091546058654785
157   6.3700737953186035
158   5.153818607330322
159   4.962951183319092
160   4.999732971191406
161   5.901257514953613
162   5.466719627380371
163   5.861763000488281
164   4.929529190063477
165   5.447237014770508
166   5.59113883972168
167   6.335671901702881
168   4.963378429412842
169   4.29497766494751
170   5.248141288757324
171   4.543445587158203
172   4.877466678619385
173   4.181341648101807
174   4.749278545379639
175   4.8281731605529785
176   6.012528419494629
177   6.003966808319092
178   4.578001499176025
179   5.758521556854248
180   6.203507423400879
181   4.560460090637207
182   3.6640543937683105
183   3.7349557876586914
184   5.133224964141846
185   4.896657943725586
186   5.117587089538574
187   4.795266628265381
188   5.265340328216553
189   4.602415561676025
190   3.5343775749206543
191   4.099294185638428
192   5.201689720153809
193   4.82482385635376
194   3.636979341506958
195   4.235145092010498
196   2.555023193359375
197   3.412403106689453
198   3.7857394218444824
199   3.5184648036956787
200   4.4674787521362305
201   4.202322959899902
202   4.380790710449219
203   3.5702028274536133
204   4.738216400146484
205   6.140416145324707
206   4.0886921882629395
207   3.674726963043213
208   4.404542446136475
209   4.207886695861816
210   3.5241611003875732
211   4.662858009338379
212   3.337879180908203
213   2.784367084503174
