0   0.0
1   1.442104458808899
2   1.3599133491516113
3   1.3421785831451416
4   1.3849360942840576
5   1.4207813739776611
6   1.4304945468902588
7   1.3963075876235962
8   1.2374811172485352
9   1.49848473072052
10   1.399927020072937
11   1.5493944883346558
12   2.4646964073181152
13   2.421663999557495
14   3.6621789932250977
15   1.9839303493499756
16   3.2978436946868896
17   3.05605411529541
18   3.227224111557007
19   3.995288133621216
20   3.2226524353027344
21   3.1177306175231934
22   3.745820999145508
23   3.4925599098205566
24   3.9970176219940186
25   3.465579032897949
26   3.5169780254364014
27   2.801236391067505
28   3.2105281352996826
29   2.8735742568969727
30   2.6935675144195557
31   3.0696516036987305
32   3.0930681228637695
33   2.911486864089966
34   3.3346774578094482
35   3.5948543548583984
36   3.7926509380340576
37   4.208782196044922
38   3.3765788078308105
39   3.4154155254364014
40   3.2911007404327393
41   3.003584384918213
42   3.6386163234710693
43   2.848799467086792
44   3.5307271480560303
45   3.3483457565307617
46   3.8188273906707764
47   3.129991054534912
48   2.844109058380127
49   2.8806674480438232
50   3.2481980323791504
51   2.768824577331543
52   4.303081512451172
53   3.5544893741607666
54   3.4109561443328857
55   2.741154909133911
56   2.9724175930023193
57   3.3824069499969482
58   3.8265249729156494
59   3.3275976181030273
60   3.6828055381774902
61   1.702487826347351
62   3.4990944862365723
63   3.484860897064209
64   3.2255799770355225
65   2.8867011070251465
66   2.842071533203125
67   3.2308664321899414
68   3.1640188694000244
69   2.761542797088623
70   3.509773015975952
71   2.704319477081299
72   2.92750883102417
73   2.7633023262023926
74   3.271676778793335
75   3.4959704875946045
76   2.792863368988037
77   3.0711281299591064
78   2.557307004928589
79   3.8780415058135986
80   3.5122978687286377
81   2.4392566680908203
82   3.3487164974212646
83   3.084230422973633
84   3.31086802482605
85   3.805880308151245
86   3.6580352783203125
87   3.7684426307678223
88   4.055016994476318
89   3.872990846633911
90   4.373295307159424
91   3.4436702728271484
92   3.1343026161193848
93   3.614136219024658
94   3.3292739391326904
95   2.500720262527466
96   3.0276529788970947
97   2.558826208114624
98   3.7957470417022705
99   3.152491569519043
100   3.3092353343963623
101   3.2896227836608887
102   3.3883323669433594
103   2.792036533355713
104   2.9965174198150635
105   2.8337302207946777
106   2.7392375469207764
107   3.3706440925598145
108   3.2866811752319336
109   4.130448341369629
110   3.044706344604492
111   3.5948646068573
112   3.2070891857147217
113   3.49246883392334
114   3.159137725830078
115   3.5565054416656494
116   3.4271297454833984
117   4.003237247467041
118   3.9377453327178955
119   3.7645015716552734
120   2.9875974655151367
121   3.7698662281036377
122   3.971008062362671
123   3.3472490310668945
124   3.7586581707000732
125   3.868938684463501
126   3.425334930419922
127   3.2637124061584473
128   3.5075385570526123
129   2.7067253589630127
130   3.4899423122406006
131   3.974970817565918
132   3.2896728515625
133   4.12133264541626
134   4.1634979248046875
135   3.939767360687256
136   3.4854400157928467
137   4.266109466552734
138   3.8051273822784424
139   4.248129367828369
140   4.028074741363525
141   4.008265018463135
142   3.600266218185425
143   3.8794009685516357
144   3.5095150470733643
145   3.9448373317718506
146   3.0522372722625732
147   4.738618850708008
148   4.702760696411133
149   5.313595771789551
150   5.489281177520752
151   5.0153489112854
152   3.408003091812134
153   4.157477855682373
154   4.220363616943359
155   4.436277389526367
156   3.940598249435425
157   3.7835636138916016
158   4.587311267852783
159   3.853886604309082
160   3.4172871112823486
161   3.8699092864990234
162   3.415867328643799
163   4.035910129547119
164   4.239731311798096
165   3.4428586959838867
166   3.4266419410705566
167   5.475603103637695
168   4.435790061950684
169   3.8472135066986084
170   3.633244752883911
171   3.167130708694458
172   4.373315334320068
173   2.9578843116760254
174   3.368311643600464
175   3.334003210067749
176   4.0467424392700195
177   4.624417304992676
178   3.6145503520965576
179   4.274415969848633
180   4.0188374519348145
181   3.799358367919922
182   2.734539031982422
183   4.377183437347412
184   5.090243339538574
185   4.820631504058838
186   4.936272621154785
187   4.826280117034912
188   5.224004745483398
189   4.070869445800781
190   2.869152069091797
191   3.803805112838745
192   4.004931926727295
193   3.8653197288513184
194   2.5540037155151367
195   3.0515263080596924
196   2.0043060779571533
197   2.070220470428467
198   2.5884652137756348
199   3.1140265464782715
200   4.097287654876709
201   3.7035861015319824
202   3.7794907093048096
203   3.334857940673828
204   3.568378210067749
205   4.7992472648620605
206   2.9587128162384033
207   3.7066125869750977
208   3.864184856414795
209   4.943572044372559
210   4.000097274780273
211   4.284710884094238
212   4.105539798736572
213   3.5543007850646973
