0   0.0
1   0.20542864501476288
2   0.2146720588207245
3   0.2071624994277954
4   0.21290959417819977
5   0.21598251163959503
6   0.20720680058002472
7   0.2074817568063736
8   0.21189282834529877
9   0.2605753242969513
10   0.330532044172287
11   0.4318528175354004
12   0.47313401103019714
13   1.0634753704071045
14   1.5606164932250977
15   1.6253836154937744
16   1.8876844644546509
17   1.662612795829773
18   1.6007400751113892
19   1.7408183813095093
20   2.037205219268799
21   1.4207711219787598
22   2.33017635345459
23   1.8718448877334595
24   2.1271467208862305
25   2.1357364654541016
26   1.429806113243103
27   1.6898846626281738
28   1.468972086906433
29   1.540459156036377
30   1.6197090148925781
31   1.653559684753418
32   1.3262755870819092
33   1.7907105684280396
34   1.773036003112793
35   1.654485821723938
36   1.803167700767517
37   1.9417918920516968
38   1.6187047958374023
39   1.4612609148025513
40   1.7353917360305786
41   1.5251308679580688
42   1.8733171224594116
43   1.5381100177764893
44   1.8939839601516724
45   1.8442904949188232
46   1.779572606086731
47   1.9801908731460571
48   1.6194554567337036
49   1.8493154048919678
50   1.7285521030426025
51   1.5599818229675293
52   1.9256587028503418
53   1.6250118017196655
54   1.5464125871658325
55   1.4781818389892578
56   1.5892740488052368
57   1.5567485094070435
58   1.5337164402008057
59   1.4305784702301025
60   1.5549979209899902
61   1.7660105228424072
62   1.500687599182129
63   1.654690146446228
64   1.6475015878677368
65   1.65292227268219
66   1.7437680959701538
67   1.62140953540802
68   2.107938051223755
69   1.734765887260437
70   1.553374171257019
71   1.7130746841430664
72   1.4228450059890747
73   1.868292212486267
74   1.6482940912246704
75   1.5938254594802856
76   1.619476318359375
77   1.466766357421875
78   1.5708014965057373
79   1.8623230457305908
80   1.7675820589065552
81   1.6672743558883667
82   1.9469233751296997
83   2.0492067337036133
84   1.6998969316482544
85   2.5532193183898926
86   1.8829028606414795
87   1.8725686073303223
88   2.1194238662719727
89   1.9253666400909424
90   2.3757855892181396
91   1.844826579093933
92   1.702047348022461
93   1.7224045991897583
94   1.8742148876190186
95   1.6147890090942383
96   1.5445446968078613
97   1.6324946880340576
98   1.6616955995559692
99   1.718497395515442
100   1.8272966146469116
101   2.2031266689300537
102   2.0946455001831055
103   1.668555498123169
104   1.785120964050293
105   1.770492672920227
106   1.7395577430725098
107   1.6064060926437378
108   1.7825140953063965
109   2.1187028884887695
110   1.5699061155319214
111   1.734248399734497
112   1.8723238706588745
113   1.697015643119812
114   1.89010488986969
115   1.4531131982803345
116   1.5994184017181396
117   1.5405329465866089
118   1.8444613218307495
119   1.8198035955429077
120   2.0184950828552246
121   1.5889077186584473
122   1.9887466430664063
123   1.6850526332855225
124   1.6575374603271484
125   1.9658406972885132
126   1.6227478981018066
127   1.9953806400299072
128   1.7668968439102173
129   1.852832555770874
130   1.6998813152313232
131   2.158940076828003
132   1.94234299659729
133   1.7130534648895264
134   2.0465524196624756
135   1.722343921661377
136   2.1744801998138428
137   2.396623373031616
138   2.2596819400787354
139   1.9629844427108765
140   1.4483271837234497
141   1.7361280918121338
142   1.5328196287155151
143   2.177982807159424
144   2.394397258758545
145   2.244173765182495
146   1.558877944946289
147   2.0653247833251953
148   2.1760988235473633
149   2.3395497798919678
150   2.290466785430908
151   2.1605615615844727
152   1.8066866397857666
153   1.5510156154632568
154   1.5590529441833496
155   1.7297205924987793
156   1.7306894063949585
157   1.5239648818969727
158   1.873291015625
159   1.644657850265503
160   1.658907413482666
161   1.6382408142089844
162   2.2769834995269775
163   1.8021743297576904
164   1.8931270837783813
165   1.6374797821044922
166   1.874571442604065
167   1.9227194786071777
168   1.6495516300201416
169   1.7674946784973145
170   1.620421051979065
171   1.653139591217041
172   1.5084830522537231
173   1.6056462526321411
174   1.6666150093078613
175   2.0492610931396484
176   1.7422707080841064
177   1.7419315576553345
178   2.112086534500122
179   1.5117801427841187
180   2.118910789489746
181   1.669240951538086
182   1.4731887578964233
183   1.8759276866912842
184   1.8220851421356201
185   1.6659690141677856
186   1.7321897745132446
187   1.4937132596969604
188   1.69614577293396
189   1.4395570755004883
190   1.757091760635376
191   1.4815419912338257
192   1.5903524160385132
193   1.4169071912765503
194   2.0530354976654053
195   1.5999330282211304
196   1.772976040840149
197   1.489669680595398
198   1.3893581628799438
199   1.4304920434951782
200   1.5545037984848022
201   1.4877328872680664
202   1.598442792892456
203   1.5157654285430908
204   1.4215965270996094
205   1.9442996978759766
206   1.7487787008285522
207   1.7420200109481812
208   1.5505290031433105
209   1.756637454032898
210   1.6928972005844116
211   1.7103334665298462
212   2.099000930786133
213   1.6632089614868164
