1   0.9305946230888367
2   1.2586110830307007
3   1.4146769046783447
4   1.2448838949203491
5   1.325812816619873
6   1.7630932331085205
7   1.5952553749084473
8   1.1869057416915894
9   1.2334964275360107
10   1.2191475629806519
11   1.5515176057815552
12   1.3650375604629517
13   1.1954905986785889
14   1.4245342016220093
15   1.3841674327850342
16   1.6149388551712036
17   1.5418226718902588
18   1.278536319732666
19   1.4332623481750488
20   1.5212929248809814
21   1.339611530303955
22   1.2941495180130005
23   1.7046070098876953
24   1.2616838216781616
25   1.6597340106964111
26   1.3086292743682861
27   1.50634765625
28   1.7825764417648315
29   1.2877565622329712
30   1.1640238761901855
31   1.5197423696517944
32   1.3730591535568237
33   1.4867948293685913
34   1.3531030416488647
35   1.2795195579528809
36   1.3252075910568237
37   1.4818246364593506
38   1.2286396026611328
39   1.3914998769760132
40   1.015213131904602
41   1.0994232892990112
42   1.7394319772720337
43   1.458454966545105
44   1.0662841796875
45   1.4557476043701172
46   1.171238899230957
47   1.6076023578643799
48   1.400482416152954
49   1.4676644802093506
50   1.3831976652145386
51   1.508634328842163
52   1.2917215824127197
53   1.4243980646133423
54   1.2190743684768677
55   0.9943737983703613
56   1.1220197677612305
57   1.3287509679794312
58   1.2460379600524902
59   1.2027122974395752
60   1.0232727527618408
61   1.3636757135391235
62   1.1731109619140625
63   1.176965355873108
64   1.3700909614562988
65   1.5893157720565796
66   1.088894248008728
67   1.0147582292556763
68   1.276039958000183
69   1.2368738651275635
70   1.3047993183135986
71   1.3286446332931519
72   1.3601758480072021
73   1.4919251203536987
74   1.4442352056503296
75   1.250838041305542
76   1.6305246353149414
77   1.269358515739441
78   1.737308144569397
79   1.3586421012878418
80   1.4503018856048584
81   1.3856325149536133
82   1.966831922531128
83   1.469378113746643
84   1.5410228967666626
85   1.786515235900879
86   1.3476229906082153
87   1.5064815282821655
88   1.2848355770111084
89   1.1981080770492554
90   1.2373753786087036
91   1.266287088394165
92   1.53486168384552
93   1.2063000202178955
94   1.735880732536316
95   1.3631821870803833
96   1.305914282798767
97   1.583505630493164
98   1.0490806102752686
99   1.4689985513687134
100   1.4227209091186523
101   1.2430020570755005
102   1.3285491466522217
103   1.738708734512329
104   1.410764455795288
105   1.391178846359253
106   1.3406933546066284
107   1.4845200777053833
108   1.2305355072021484
109   1.2043228149414063
110   1.7478506565093994
111   1.3754390478134155
112   1.3617461919784546
113   1.318822979927063
114   1.3938945531845093
115   1.781110405921936
116   1.0498946905136108
117   1.0202505588531494
118   1.437272310256958
119   1.6535123586654663
120   1.0920406579971313
121   1.3225492238998413
122   1.1514568328857422
123   1.309191107749939
124   1.729548692703247
125   1.4226698875427246
126   1.5836197137832642
127   1.226944088935852
128   1.1071003675460815
129   1.308492660522461
130   1.182976245880127
131   1.4326622486114502
132   1.4408878087997437
133   1.2450844049453735
134   1.1174184083938599
135   1.5797550678253174
136   1.0565122365951538
137   1.1073635816574097
138   1.2315486669540405
139   1.5679782629013062
140   1.23812997341156
141   1.3903303146362305
142   1.5861518383026123
143   1.4364924430847168
144   1.5654473304748535
145   0.9658663272857666
146   1.242335319519043
147   1.5496294498443604
148   1.5883828401565552
149   1.6348848342895508
150   1.3653078079223633
151   1.0884766578674316
152   1.5229721069335938
153   1.2871901988983154
154   1.4469826221466064
155   1.285665512084961
156   1.1779230833053589
157   1.2830679416656494
158   1.2829495668411255
159   1.0748528242111206
160   1.5232760906219482
