1   3.64284348487854
2   3.2721617221832275
3   3.4074299335479736
4   3.8211779594421387
5   3.2289044857025146
6   2.760073661804199
7   4.348182678222656
8   3.236083984375
9   4.677667140960693
10   5.079587459564209
11   4.858347415924072
12   5.348977088928223
13   3.8048760890960693
14   4.244267463684082
15   3.9101927280426025
16   2.7194337844848633
17   2.665715217590332
18   5.589189052581787
19   5.2469916343688965
20   5.496626853942871
21   5.433630466461182
22   5.818965435028076
23   3.5317893028259277
24   3.5668907165527344
25   3.67134165763855
26   3.607694625854492
27   3.111635208129883
28   4.07881498336792
29   4.215314865112305
30   3.16518497467041
31   3.3592443466186523
32   3.3644306659698486
33   3.2355289459228516
34   3.4667513370513916
35   3.197044849395752
36   3.2059476375579834
37   3.716134548187256
38   2.9371039867401123
39   3.4638419151306152
40   2.8767659664154053
41   4.08377742767334
42   3.164577007293701
43   3.0686469078063965
44   2.8551883697509766
45   2.626127243041992
46   3.266455888748169
47   5.46099328994751
48   5.425307273864746
49   3.824144124984741
50   3.7809219360351563
51   3.7970776557922363
52   3.1241800785064697
53   3.247063398361206
54   4.491996765136719
55   3.5389184951782227
56   3.1633098125457764
57   4.098631858825684
58   4.428907871246338
59   3.6403281688690186
60   3.6274476051330566
61   4.669878959655762
62   4.998222827911377
63   4.0589070320129395
64   4.2451300621032715
65   3.561976432800293
66   3.585632801055908
67   6.380950927734375
68   3.9735381603240967
69   5.882279396057129
70   4.169753551483154
71   4.614398002624512
72   3.756718635559082
73   4.496729850769043
74   4.095933437347412
75   4.736974239349365
76   4.92410945892334
77   5.540649890899658
78   4.965362548828125
79   4.830718517303467
80   3.767652988433838
81   4.607323169708252
82   5.126757621765137
83   5.851769924163818
84   2.947598457336426
85   5.703216552734375
86   5.296022891998291
87   6.237788677215576
88   5.802470684051514
89   6.454341888427734
90   5.432364463806152
91   4.195712089538574
92   5.502649307250977
93   6.195718765258789
94   6.261589527130127
95   4.670076370239258
96   5.951889991760254
97   5.903605937957764
98   5.515439987182617
99   4.680665969848633
100   4.800442695617676
101   4.168634414672852
102   4.704030990600586
103   4.835788726806641
104   5.006099224090576
105   5.9418535232543945
106   5.7700090408325195
107   4.911042213439941
108   5.026425361633301
109   5.054101467132568
110   4.1505513191223145
111   3.953739881515503
112   3.8421130180358887
113   3.371948480606079
114   3.3210957050323486
115   3.373645544052124
116   3.065491199493408
117   4.110837459564209
118   3.3266522884368896
119   3.709104061126709
120   3.635753870010376
121   3.6452298164367676
122   3.429211378097534
123   4.489956378936768
124   3.437242031097412
125   3.655916213989258
126   3.7385268211364746
127   3.8987412452697754
128   3.630255699157715
129   3.7704153060913086
130   5.1847076416015625
131   3.4598779678344727
132   3.5278189182281494
133   4.119907855987549
134   3.635249137878418
135   4.334959506988525
136   4.081005573272705
137   4.042306900024414
138   2.8536465167999268
139   4.3996734619140625
140   3.6184816360473633
141   3.831953287124634
142   3.4141457080841064
143   3.9311087131500244
144   4.456005573272705
145   4.082738399505615
146   3.292771339416504
147   3.551194667816162
148   2.8421597480773926
149   3.9017748832702637
150   3.8101565837860107
151   3.1211204528808594
152   3.8470044136047363
153   3.0831360816955566
154   3.1918036937713623
155   3.7399511337280273
156   4.1140642166137695
157   3.682321786880493
158   3.4144506454467773
159   3.7261312007904053
160   3.26846981048584
