1   4.80789852142334
2   3.6998980045318604
3   2.8434901237487793
4   3.8702805042266846
5   3.3040385246276855
6   3.4670825004577637
7   3.6845836639404297
8   4.439996719360352
9   3.1930832862854004
10   3.2005069255828857
11   3.718860626220703
12   4.2528581619262695
13   4.315312385559082
14   4.7638983726501465
15   4.441004276275635
16   3.648966073989868
17   4.772240161895752
18   4.140756607055664
19   4.477789878845215
20   3.670250177383423
21   4.791943073272705
22   4.302244663238525
23   4.043279647827148
24   4.884893894195557
25   4.921047210693359
26   4.033297061920166
27   3.7633869647979736
28   3.7094414234161377
29   3.92803955078125
30   4.927365779876709
31   4.819368839263916
32   4.158841133117676
33   4.2877631187438965
34   4.449678897857666
35   3.7697505950927734
36   3.717155933380127
37   4.404180526733398
38   3.3850600719451904
39   2.9829049110412598
40   4.442444324493408
41   2.827822208404541
42   4.370513916015625
43   4.346273899078369
44   4.515955448150635
45   3.571690082550049
46   3.5304713249206543
47   4.320387363433838
48   5.127066135406494
49   4.897518634796143
50   3.8540046215057373
51   4.21144962310791
52   4.094601154327393
53   4.147876739501953
54   6.129077911376953
55   6.444151401519775
56   5.132164001464844
57   5.145046710968018
58   6.22976541519165
59   5.922152042388916
60   6.031074047088623
61   5.858757019042969
62   4.80648136138916
63   4.076513767242432
64   5.207176208496094
65   4.32633113861084
66   4.617602825164795
67   4.357293605804443
68   3.3727805614471436
69   4.542564868927002
70   3.571259021759033
71   4.276919364929199
72   2.870138168334961
73   4.096281051635742
74   4.217271327972412
75   3.8190841674804688
76   4.247109413146973
77   6.139460563659668
78   3.9127278327941895
79   4.566564083099365
80   4.772965431213379
81   5.035325050354004
82   4.8271870613098145
83   4.945323944091797
84   4.244632720947266
85   3.1583480834960938
86   5.844820499420166
87   5.641826629638672
88   4.570775032043457
89   5.423006057739258
90   3.785595655441284
91   4.696451187133789
92   3.6092586517333984
93   4.164523601531982
94   4.227467060089111
95   4.357563495635986
96   3.9973762035369873
97   4.746339797973633
98   4.3736066818237305
99   4.569849491119385
100   2.961884021759033
101   5.1618757247924805
102   5.202425003051758
103   5.465493202209473
104   4.927365779876709
105   4.963803768157959
106   4.525796413421631
107   3.8282687664031982
108   3.9711720943450928
109   5.375550270080566
110   6.093470573425293
111   4.308560371398926
112   3.883580446243286
113   4.328948020935059
114   5.21678352355957
115   4.600005149841309
116   4.540215492248535
117   6.41563081741333
118   3.9468424320220947
119   4.6659979820251465
120   5.835779190063477
121   4.363080024719238
122   4.234145641326904
123   3.8817293643951416
124   3.607969284057617
125   4.05654239654541
126   4.244544982910156
127   4.83306884765625
128   3.746596574783325
129   4.853915214538574
130   4.139311790466309
131   4.37371301651001
132   3.4387147426605225
133   3.9169607162475586
134   3.6996397972106934
135   3.628495454788208
136   4.333900451660156
137   4.112663269042969
138   3.443248748779297
139   3.640470504760742
140   4.1808905601501465
141   4.020589351654053
142   4.0228190422058105
143   3.084524154663086
144   4.601823806762695
145   4.109865188598633
146   4.134454250335693
147   4.173147201538086
148   3.392277956008911
149   5.032173156738281
150   4.157257556915283
151   4.056674003601074
152   3.449816942214966
153   3.803830862045288
154   3.889810085296631
155   4.313027381896973
156   4.508816242218018
157   3.779449462890625
158   5.251636981964111
159   4.818243503570557
160   4.435291767120361
