1   1.774196743965149
2   1.9254865646362305
3   1.8605260848999023
4   2.161489725112915
5   2.251493215560913
6   2.4122207164764404
7   1.8951668739318848
8   1.6372525691986084
9   2.0062830448150635
10   2.171491861343384
11   2.319359540939331
12   1.9194475412368774
13   1.9592360258102417
14   1.5919445753097534
15   2.2565665245056152
16   2.1105892658233643
17   1.970431923866272
18   1.82560133934021
19   2.2742691040039063
20   1.9966193437576294
21   1.737560749053955
22   2.0571839809417725
23   2.1070215702056885
24   1.9788373708724976
25   2.237189531326294
26   1.815213680267334
27   2.287968397140503
28   2.724761486053467
29   2.114025831222534
30   2.0875234603881836
31   2.244374990463257
32   1.9206851720809937
33   1.7444239854812622
34   2.1795530319213867
35   1.7570760250091553
36   1.6579062938690186
37   2.1354610919952393
38   1.9630926847457886
39   1.6136893033981323
40   1.9725090265274048
41   1.8474842309951782
42   1.8300260305404663
43   1.812279224395752
44   1.857323408126831
45   1.9024057388305664
46   2.0582916736602783
47   2.6207170486450195
48   2.3009145259857178
49   2.2457804679870605
50   2.169236183166504
51   1.7748196125030518
52   1.7462893724441528
53   2.251675605773926
54   2.079789876937866
55   1.6766469478607178
56   2.0249104499816895
57   2.278287172317505
58   1.75223970413208
59   1.6156834363937378
60   1.9803059101104736
61   2.068312406539917
62   1.8936350345611572
63   2.3672492504119873
64   2.2852249145507813
65   2.19978404045105
66   1.8286161422729492
67   1.6454598903656006
68   1.8171393871307373
69   2.000114917755127
70   2.0564191341400146
71   1.7765733003616333
72   1.952543020248413
73   2.041689872741699
74   1.7730244398117065
75   2.1841025352478027
76   2.112043619155884
77   2.0990183353424072
78   2.089061737060547
79   2.0037388801574707
80   1.8690842390060425
81   1.878422498703003
82   1.8050202131271362
83   1.9916900396347046
84   1.5011497735977173
85   2.4389946460723877
86   2.0058043003082275
87   2.039219379425049
88   1.7493400573730469
89   1.9736355543136597
90   2.4875383377075195
91   1.7673497200012207
92   2.3778398036956787
93   2.1291043758392334
94   2.326096534729004
95   2.184382915496826
96   2.4401912689208984
97   2.1837565898895264
98   1.7838914394378662
99   2.030742645263672
100   2.121058940887451
101   1.9791456460952759
102   1.837839126586914
103   2.500852108001709
104   1.954999327659607
105   2.0718705654144287
106   2.056360960006714
107   2.613067626953125
108   1.7717742919921875
109   1.8541200160980225
110   1.5941352844238281
111   2.2672512531280518
112   2.0545058250427246
113   1.8565990924835205
114   2.1538033485412598
115   2.2348148822784424
116   1.7421435117721558
117   1.6088485717773438
118   1.9571514129638672
119   1.890193223953247
120   1.6852833032608032
121   1.7222803831100464
122   1.845333218574524
123   2.278414487838745
124   2.214599370956421
125   1.8949923515319824
126   2.054840564727783
127   1.8066049814224243
128   1.8023167848587036
129   2.2095723152160645
130   2.392533779144287
131   2.182002544403076
132   2.490478515625
133   2.3389675617218018
134   2.039778470993042
135   2.3782641887664795
136   2.0844616889953613
137   2.229137897491455
138   2.4041314125061035
139   2.375537395477295
140   2.199141025543213
141   2.237638235092163
142   2.4225308895111084
143   2.589554786682129
144   2.426185369491577
145   2.1288490295410156
146   1.7937569618225098
147   2.3404037952423096
148   2.1719515323638916
149   2.193027973175049
150   2.2234086990356445
151   1.8650469779968262
152   2.362621784210205
153   2.2259461879730225
154   1.97309148311615
155   2.140528917312622
156   1.9515767097473145
157   1.771783471107483
158   1.9858322143554688
159   1.6952083110809326
160   2.1021010875701904
