1   1.6183443069458008
2   1.8427677154541016
3   1.6583847999572754
4   2.0507845878601074
5   2.1387624740600586
6   2.2392046451568604
7   1.8027031421661377
8   1.582139015197754
9   1.8950281143188477
10   2.141045093536377
11   2.2399024963378906
12   1.823361873626709
13   1.8494222164154053
14   1.5422546863555908
15   2.1412570476531982
16   2.0660102367401123
17   2.0064830780029297
18   1.7531627416610718
19   2.2155649662017822
20   1.9977285861968994
21   1.8832294940948486
22   1.9574297666549683
23   1.975696086883545
24   1.8550447225570679
25   2.1515352725982666
26   1.711215853691101
27   2.131006956100464
28   2.5193583965301514
29   1.9865915775299072
30   1.9972816705703735
31   2.12674880027771
32   1.8721522092819214
33   1.7150851488113403
34   2.067636489868164
35   1.725046157836914
36   1.5710253715515137
37   1.985174298286438
38   1.7831374406814575
39   1.6265888214111328
40   1.8842010498046875
41   1.7395524978637695
42   1.7283577919006348
43   1.6825499534606934
44   1.816796898841858
45   1.8030189275741577
46   1.9657560586929321
47   2.510209560394287
48   2.201809883117676
49   2.108643054962158
50   2.0512046813964844
51   1.6783907413482666
52   1.761344313621521
53   2.172449827194214
54   2.0248329639434814
55   1.5651462078094482
56   1.8951750993728638
57   2.1902406215667725
58   1.734081745147705
59   1.56639564037323
60   1.9888445138931274
61   2.0003035068511963
62   1.8648993968963623
63   2.243319272994995
64   2.1742992401123047
65   2.099935531616211
66   1.8659284114837646
67   1.7129613161087036
68   1.7733721733093262
69   1.945081114768982
70   1.9778066873550415
71   1.7778913974761963
72   1.8745476007461548
73   1.995417833328247
74   1.6152124404907227
75   2.143634557723999
76   2.027601957321167
77   2.0090301036834717
78   2.0088181495666504
79   1.8256747722625732
80   1.7008564472198486
81   1.829008936882019
82   1.766492247581482
83   1.9535478353500366
84   1.3658827543258667
85   2.2613511085510254
86   1.9832326173782349
87   2.059124708175659
88   1.7116854190826416
89   2.00640606880188
90   2.4391181468963623
91   1.6453919410705566
92   2.279240846633911
93   2.005286931991577
94   2.2471323013305664
95   2.0680460929870605
96   2.3435096740722656
97   2.116363763809204
98   1.7626831531524658
99   1.9521892070770264
100   2.002469301223755
101   1.8266559839248657
102   1.6978590488433838
103   2.3382484912872314
104   1.858711838722229
105   1.9078550338745117
106   1.969937801361084
107   2.3601694107055664
108   1.7683238983154297
109   1.7608277797698975
110   1.4950361251831055
111   2.156564950942993
112   1.9227194786071777
113   1.7256944179534912
114   1.9996211528778076
115   2.1807034015655518
116   1.6070917844772339
117   1.466251015663147
118   1.8895143270492554
119   1.8604066371917725
120   1.5626959800720215
121   1.591518759727478
122   1.7849963903427124
123   2.257244110107422
124   2.100527763366699
125   1.8268039226531982
126   1.9993211030960083
127   1.734145998954773
128   1.6829781532287598
129   2.039402484893799
130   2.183544158935547
131   2.0503320693969727
132   2.3262526988983154
133   2.201446056365967
134   1.8710647821426392
135   2.2266154289245605
136   2.0241379737854004
137   2.079218864440918
138   2.3373255729675293
139   2.2518272399902344
140   2.016023635864258
141   2.156487226486206
142   2.3108701705932617
143   2.5062568187713623
144   2.306220054626465
145   2.0251524448394775
146   1.6859939098358154
147   2.1676669120788574
148   2.0378901958465576
149   2.153287172317505
150   2.121980905532837
151   1.775799036026001
152   2.1622207164764404
153   2.0865345001220703
154   1.9134758710861206
155   2.046689987182617
156   1.8329849243164063
157   1.6354131698608398
158   1.8402507305145264
159   1.5334978103637695
160   1.9407941102981567
