1   0.922889769077301
2   1.4505618810653687
3   1.2949408292770386
4   1.3451482057571411
5   1.6534178256988525
6   1.0942637920379639
7   1.5334891080856323
8   1.1403876543045044
9   1.4657858610153198
10   1.2641210556030273
11   1.3109862804412842
12   1.3959887027740479
13   1.1408820152282715
14   1.6124482154846191
15   1.7105796337127686
16   1.4481515884399414
17   1.2246407270431519
18   1.399031162261963
19   1.2675472497940063
20   1.3419581651687622
21   1.200896978378296
22   1.3351941108703613
23   1.6398957967758179
24   1.2243852615356445
25   1.521950364112854
26   1.272808313369751
27   1.6916202306747437
28   1.2504230737686157
29   1.2065236568450928
30   0.9734142422676086
31   1.0319044589996338
32   1.476167917251587
33   1.5659897327423096
34   1.4851185083389282
35   1.9309929609298706
36   1.4705971479415894
37   1.507414698600769
38   1.219531774520874
39   1.0441198348999023
40   1.3855094909667969
41   1.409582257270813
42   1.4193211793899536
43   1.35232675075531
44   1.4080449342727661
45   1.5156290531158447
46   1.3255219459533691
47   1.0759532451629639
48   1.0982526540756226
49   1.5663375854492188
50   1.5943233966827393
51   0.9510530233383179
52   1.4823546409606934
53   1.0952268838882446
54   1.101559042930603
55   1.257926344871521
56   1.2731143236160278
57   1.1401031017303467
58   1.5757073163986206
59   0.8270822763442993
60   1.5468151569366455
61   1.726025104522705
62   0.7383654117584229
63   1.4289005994796753
64   2.5285797119140625
65   2.4709067344665527
66   0.7943552732467651
67   0.9754622578620911
68   1.000902771949768
69   2.7467808723449707
70   2.2263596057891846
71   2.291632652282715
72   2.1151344776153564
73   2.1786131858825684
74   1.4997060298919678
75   1.5970823764801025
76   0.9371174573898315
77   1.523974061012268
78   1.3998664617538452
79   2.12229061126709
80   1.2256371974945068
81   1.458668828010559
82   2.240180253982544
83   2.1224210262298584
84   1.4225084781646729
85   1.0268208980560303
86   1.4613292217254639
87   1.179470181465149
88   2.5856804847717285
89   2.2874746322631836
90   2.2485673427581787
91   1.7742037773132324
92   1.8355178833007813
93   0.5757770538330078
94   2.5829098224639893
95   1.2586936950683594
96   1.7104448080062866
97   1.3748648166656494
98   1.7848715782165527
99   1.7014961242675781
100   2.9216208457946777
101   2.1355197429656982
102   2.5797085762023926
103   1.7201659679412842
104   1.1094284057617188
105   1.4651756286621094
106   1.3407167196273804
107   1.1210696697235107
108   1.410936951637268
109   1.6155112981796265
110   1.5860189199447632
111   2.054161787033081
112   1.0774933099746704
113   1.470051646232605
114   2.0017666816711426
115   1.8173490762710571
116   0.9805347919464111
117   1.3141896724700928
118   1.4375824928283691
119   1.3095593452453613
120   1.1190029382705688
121   1.2666447162628174
122   1.1595215797424316
123   1.2971559762954712
124   1.226395606994629
125   1.246695637702942
126   1.3223108053207397
127   0.9051396250724792
128   1.7815123796463013
129   0.8573331236839294
130   1.1897834539413452
131   1.4033052921295166
132   1.4920707941055298
133   1.2442049980163574
134   1.0860240459442139
135   1.2084680795669556
136   0.9300787448883057
137   1.3216665983200073
138   1.137284755706787
139   1.3381625413894653
140   1.8296847343444824
141   1.5968246459960938
142   1.684322476387024
143   1.0515501499176025
144   1.0941702127456665
145   1.3760868310928345
146   0.9661027789115906
147   1.2602556943893433
148   1.2222180366516113
149   1.3244702816009521
150   1.6687943935394287
151   1.4575419425964355
152   1.2737902402877808
153   1.224185824394226
154   1.1922895908355713
155   1.2364423274993896
156   1.4371716976165771
157   1.586970567703247
158   1.582764983177185
159   1.4464633464813232
160   1.1565619707107544
161   1.5828622579574585
162   1.045505166053772
163   1.20728600025177
164   1.6290761232376099
