1   3.2533488273620605
2   3.7730624675750732
3   2.675424814224243
4   3.2969865798950195
5   3.377795934677124
6   3.61759877204895
7   3.1514434814453125
8   3.378216505050659
9   3.6127729415893555
10   3.632079839706421
11   4.033633232116699
12   3.2263879776000977
13   3.3692421913146973
14   3.159022331237793
15   3.3067166805267334
16   3.864306926727295
17   3.9838569164276123
18   4.1378679275512695
19   3.5749709606170654
20   3.5482444763183594
21   4.09948205947876
22   3.888852596282959
23   3.8909730911254883
24   3.542142391204834
25   3.5438504219055176
26   3.460749626159668
27   4.220615863800049
28   3.1416425704956055
29   5.33873987197876
30   5.291812419891357
31   6.468342304229736
32   5.35153865814209
33   3.405912160873413
34   5.28517484664917
35   3.3614282608032227
36   2.8171958923339844
37   3.7865684032440186
38   3.255296468734741
39   4.173836708068848
40   3.7120683193206787
41   4.102572441101074
42   4.004654407501221
43   4.098242282867432
44   3.7839834690093994
45   3.318612575531006
46   2.855901002883911
47   2.6732962131500244
48   3.7745258808135986
49   5.7321248054504395
50   3.909990072250366
51   4.396175861358643
52   4.101315975189209
53   3.122973918914795
54   3.4218039512634277
55   4.015331745147705
56   3.6581170558929443
57   3.394469976425171
58   3.221783399581909
59   4.239232063293457
60   4.630457401275635
61   3.861711025238037
62   3.3418169021606445
63   3.2008092403411865
64   2.998887062072754
65   3.7794723510742188
66   4.992545127868652
67   3.0451807975769043
68   3.4732542037963867
69   3.452843427658081
70   2.5415804386138916
71   3.716669797897339
72   2.2289462089538574
73   3.684220790863037
74   3.9507687091827393
75   5.792641639709473
76   6.049149036407471
77   4.599424839019775
78   4.0337066650390625
79   3.536862850189209
80   4.847207546234131
81   4.4729437828063965
82   3.364412784576416
83   3.5656943321228027
84   3.4849627017974854
85   3.542630672454834
86   4.166971206665039
87   3.752380132675171
88   3.715867042541504
89   3.6386842727661133
90   3.98612904548645
91   4.166350841522217
92   3.635230541229248
93   4.070249557495117
94   4.374644756317139
95   5.707772254943848
96   4.488829135894775
97   3.6683175563812256
98   4.3232102394104
99   4.833578109741211
100   3.671579599380493
101   4.073947429656982
102   3.9879443645477295
103   3.425727128982544
104   4.566750526428223
105   5.1871538162231445
106   4.424445152282715
107   3.746307849884033
108   3.995565891265869
109   4.012659549713135
110   4.712167739868164
111   3.632340669631958
112   3.375627040863037
113   4.897387504577637
114   5.018388748168945
115   5.754586696624756
116   3.770381450653076
117   4.557601451873779
118   4.073234558105469
119   3.164552927017212
120   3.7729456424713135
121   4.187066078186035
122   3.8543996810913086
123   4.162829399108887
124   2.9079647064208984
125   3.4754292964935303
126   3.735236644744873
127   3.6816468238830566
128   4.226308345794678
129   3.4132180213928223
130   4.181787490844727
131   4.0939226150512695
132   3.91517972946167
133   3.1455109119415283
134   3.72940731048584
135   3.3656208515167236
136   4.069688320159912
137   4.484711170196533
138   4.815450668334961
139   3.6610496044158936
140   3.3931281566619873
141   3.7003982067108154
142   5.319480895996094
143   3.7112205028533936
144   3.085080146789551
145   3.9096932411193848
146   2.946601152420044
147   3.196368932723999
148   3.622718095779419
149   3.2543981075286865
150   3.398047685623169
151   3.243267059326172
152   4.7019453048706055
153   3.1061456203460693
154   3.4243128299713135
155   3.214977741241455
156   3.319693088531494
157   3.375532388687134
158   2.6751554012298584
159   3.3472087383270264
160   3.4102678298950195
161   3.1645138263702393
162   4.385293960571289
163   3.529473066329956
164   3.2669589519500732
