1   1.955696702003479
2   1.8366566896438599
3   2.047034502029419
4   1.7503947019577026
5   2.1518123149871826
6   1.6507128477096558
7   1.9873584508895874
8   1.7121480703353882
9   1.8978536128997803
10   1.7874940633773804
11   1.8201783895492554
12   1.587267279624939
13   2.0176944732666016
14   2.0250933170318604
15   2.0424933433532715
16   1.8389630317687988
17   2.4995710849761963
18   1.9818899631500244
19   1.8613225221633911
20   2.3785367012023926
21   1.9983376264572144
22   2.412277936935425
23   2.4401700496673584
24   1.9155598878860474
25   2.564006805419922
26   2.6030564308166504
27   2.61456036567688
28   1.9763461351394653
29   2.0055577754974365
30   2.2512240409851074
31   1.8947319984436035
32   2.310570001602173
33   2.0125927925109863
34   1.7495248317718506
35   1.8997600078582764
36   2.2438786029815674
37   1.8768525123596191
38   1.970522165298462
39   1.7827496528625488
40   2.229290246963501
41   2.12943696975708
42   2.0116097927093506
43   1.885961890220642
44   2.0723233222961426
45   1.898008108139038
46   2.162045955657959
47   1.3836016654968262
48   1.7365485429763794
49   1.9765961170196533
50   2.007111072540283
51   1.955051064491272
52   1.6964906454086304
53   1.552180528640747
54   1.8054572343826294
55   1.8600351810455322
56   2.124133825302124
57   1.4505798816680908
58   2.0969600677490234
59   1.7537568807601929
60   1.8629451990127563
61   1.8772834539413452
62   1.6547693014144897
63   1.7695780992507935
64   2.0393078327178955
65   2.6926701068878174
66   1.7554572820663452
67   1.665561318397522
68   1.8807599544525146
69   1.6623059511184692
70   1.560646891593933
71   1.5508575439453125
72   1.6326273679733276
73   1.6130108833312988
74   1.8914483785629272
75   2.1952152252197266
76   2.2044498920440674
77   2.4114646911621094
78   2.1074059009552
79   1.9861774444580078
80   2.0615556240081787
81   1.8106051683425903
82   1.8591055870056152
83   1.8574837446212769
84   1.902779221534729
85   1.5752960443496704
86   1.9724308252334595
87   1.7043229341506958
88   1.8043370246887207
89   1.9111052751541138
90   1.751987338066101
91   1.7192631959915161
92   1.7463748455047607
93   1.9823397397994995
94   1.8903611898422241
95   2.0684168338775635
96   1.8812187910079956
97   1.8073277473449707
98   1.871832251548767
99   1.9216523170471191
100   1.7650511264801025
101   1.9085103273391724
102   2.045064687728882
103   1.532172441482544
104   1.8667750358581543
105   2.335463762283325
106   2.041907787322998
107   1.746699333190918
108   1.508985996246338
109   2.324329376220703
110   2.4525532722473145
111   2.5242035388946533
112   1.8434195518493652
113   2.3964362144470215
114   2.669006824493408
115   2.090723752975464
116   1.873903751373291
117   1.7309815883636475
118   1.6555957794189453
119   1.418161392211914
120   1.653230905532837
121   1.6558563709259033
122   1.4720150232315063
123   2.2708964347839355
124   2.001211643218994
125   1.9430749416351318
126   1.8138960599899292
127   1.5923428535461426
128   2.125201940536499
129   1.4727569818496704
130   1.9623360633850098
131   1.6313258409500122
132   1.9681814908981323
133   1.724250078201294
134   1.7488126754760742
135   1.92435884475708
136   1.5217289924621582
137   1.4643319845199585
138   1.6205204725265503
139   2.128898859024048
140   1.9638245105743408
141   1.9378265142440796
142   2.094050168991089
143   1.7435909509658813
144   2.129661798477173
145   2.1145987510681152
146   1.8404228687286377
147   1.8074439764022827
148   1.9408336877822876
149   2.002765655517578
150   1.8952009677886963
151   1.7760158777236938
152   1.4903576374053955
153   1.835816502571106
154   1.9600896835327148
155   1.8326430320739746
156   1.6968885660171509
157   1.8439686298370361
158   1.8153021335601807
159   1.9480973482131958
160   1.8112890720367432
161   2.2523927688598633
162   1.7688615322113037
163   1.8186362981796265
164   1.8366221189498901
