1   1.7789806127548218
2   1.6861848831176758
3   1.8861901760101318
4   1.6288657188415527
5   2.070885419845581
6   1.6228452920913696
7   1.8672523498535156
8   1.6080464124679565
9   1.8765196800231934
10   1.7630733251571655
11   1.7766811847686768
12   1.5341863632202148
13   1.8502551317214966
14   1.9202768802642822
15   2.0243730545043945
16   1.7546199560165405
17   2.3311703205108643
18   1.8666727542877197
19   1.8146673440933228
20   2.2580606937408447
21   1.891083002090454
22   2.257314920425415
23   2.3214330673217773
24   1.8594638109207153
25   2.46431827545166
26   2.406376838684082
27   2.513864755630493
28   1.884163737297058
29   1.9792369604110718
30   2.2125327587127686
31   2.0404977798461914
32   2.2341291904449463
33   1.8762226104736328
34   1.6990251541137695
35   1.8247120380401611
36   2.15913462638855
37   1.7547671794891357
38   1.8399991989135742
39   1.604630470275879
40   1.9902398586273193
41   1.9118529558181763
42   1.901854395866394
43   1.820773959159851
44   1.8973462581634521
45   1.790529727935791
46   2.04870343208313
47   1.4547356367111206
48   1.6472009420394897
49   1.9390068054199219
50   1.9080095291137695
51   1.7777005434036255
52   1.6362935304641724
53   1.502632975578308
54   1.7247415781021118
55   1.7333641052246094
56   1.9481239318847656
57   1.3701282739639282
58   1.887046217918396
59   1.6063413619995117
60   1.7812566757202148
61   1.7823408842086792
62   1.6001869440078735
63   1.7707160711288452
64   1.9092206954956055
65   2.4568331241607666
66   1.697401762008667
67   1.5776792764663696
68   1.717617392539978
69   1.6252628564834595
70   1.5645077228546143
71   1.6055723428726196
72   1.6231316328048706
73   1.5856196880340576
74   1.7195637226104736
75   2.049576997756958
76   2.2109274864196777
77   2.284209728240967
78   1.925435185432434
79   1.8359800577163696
80   1.957253098487854
81   1.6724201440811157
82   1.7616262435913086
83   1.8190433979034424
84   1.7825270891189575
85   1.523950219154358
86   1.854540228843689
87   1.6389919519424438
88   1.7116519212722778
89   1.8316311836242676
90   1.7764856815338135
91   1.6238818168640137
92   1.5635149478912354
93   1.8310972452163696
94   1.8624922037124634
95   1.9013041257858276
96   1.6622740030288696
97   1.6211551427841187
98   1.8007293939590454
99   1.7621279954910278
100   1.761657476425171
101   1.810935616493225
102   1.967545986175537
103   1.554733157157898
104   1.7670588493347168
105   2.153895616531372
106   1.8893219232559204
107   1.7141083478927612
108   1.44728684425354
109   2.2927260398864746
110   2.286130428314209
111   2.3947513103485107
112   1.75849187374115
113   2.345672130584717
114   2.643613338470459
115   2.0513856410980225
116   1.6509541273117065
117   1.5389165878295898
118   1.5715861320495605
119   1.335719108581543
120   1.6700079441070557
121   1.6923104524612427
122   1.7491167783737183
123   2.198989152908325
124   1.9828159809112549
125   1.8136217594146729
126   1.7296743392944336
127   1.4902592897415161
128   1.9835693836212158
129   1.4390453100204468
130   1.7976130247116089
131   1.5821380615234375
132   1.9903329610824585
133   1.7288721799850464
134   1.6946799755096436
135   1.8575036525726318
136   1.4793118238449097
137   1.4998995065689087
138   1.6282615661621094
139   1.995689034461975
140   1.875333547592163
141   1.8277499675750732
142   2.021538496017456
143   1.7285773754119873
144   1.98836350440979
145   2.036616563796997
146   1.7874647378921509
147   1.724295735359192
148   1.9053480625152588
149   1.862917423248291
150   1.7950032949447632
151   1.6442675590515137
152   1.4678499698638916
153   1.7579903602600098
154   1.8052074909210205
155   1.772797703742981
156   1.649194359779358
157   1.734789490699768
158   1.7242803573608398
159   1.789838433265686
160   1.6559486389160156
161   2.1085610389709473
162   1.6519114971160889
163   1.7417415380477905
164   1.7258343696594238
