0   0.0
1   0.1816437989473343
2   0.14666800200939178
3   0.20178788900375366
4   0.18960435688495636
5   0.2564406991004944
6   0.21494905650615692
7   0.1875143200159073
8   0.24023453891277313
9   0.35112273693084717
10   0.3215130865573883
11   0.659546434879303
12   0.5668122172355652
13   1.896547555923462
14   1.411668300628662
15   1.6519811153411865
16   1.7430543899536133
17   1.4208883047103882
18   1.654077410697937
19   1.3065732717514038
20   1.4786967039108276
21   2.170654535293579
22   1.939500331878662
23   0.8948051333427429
24   2.0967862606048584
25   1.160288691520691
26   1.929610013961792
27   1.7753461599349976
28   1.3009490966796875
29   1.4373958110809326
30   1.4974982738494873
31   1.0261032581329346
32   0.9006518721580505
33   1.04599130153656
34   2.0786943435668945
35   1.394667387008667
36   2.1148481369018555
37   1.512988805770874
38   1.9528577327728271
39   1.3647347688674927
40   1.1598501205444336
41   1.533419132232666
42   1.7060637474060059
43   1.08757483959198
44   1.2155386209487915
45   0.9809975028038025
46   1.2110434770584106
47   1.222936749458313
48   1.0389963388442993
49   1.4967745542526245
50   1.3828270435333252
51   1.4250268936157227
52   1.4576820135116577
53   1.6540932655334473
54   1.193163514137268
55   1.1092438697814941
56   1.9608079195022583
57   1.624144196510315
58   1.1760011911392212
59   0.8221367001533508
60   1.9578521251678467
61   1.4290502071380615
62   1.8229879140853882
63   1.565319299697876
64   1.147810697555542
65   1.0349687337875366
66   0.9780873656272888
67   1.5105401277542114
68   1.1561838388442993
69   1.2153204679489136
70   1.8582324981689453
71   1.4728292226791382
72   1.2185101509094238
73   1.493916392326355
74   1.118149757385254
75   1.3678325414657593
76   1.814408540725708
77   1.2534905672073364
78   1.1075035333633423
79   1.1329119205474854
80   1.5781962871551514
81   1.716355323791504
82   1.6010669469833374
83   0.8131932020187378
84   1.0011675357818604
85   1.7522451877593994
86   1.0015612840652466
87   1.8072131872177124
88   0.5711313486099243
89   2.153141975402832
90   1.8360087871551514
91   1.8960062265396118
92   1.5463345050811768
93   0.871159017086029
94   1.5703425407409668
95   1.5578049421310425
96   1.2649116516113281
97   1.8086446523666382
98   1.3319681882858276
99   1.2915095090866089
100   1.6859462261199951
101   1.8717377185821533
102   1.6034876108169556
103   1.4880963563919067
104   1.8586643934249878
105   1.032662034034729
106   0.9665663242340088
107   2.411190986633301
108   1.162401556968689
109   1.3791638612747192
110   1.2842992544174194
111   1.6771363019943237
112   1.1695269346237183
113   1.0781883001327515
114   1.5528258085250854
115   0.9548028707504272
116   2.1282687187194824
117   1.610527753829956
118   1.4011600017547607
119   1.4314454793930054
120   1.187283992767334
121   1.47684645652771
122   1.9125280380249023
123   1.0839821100234985
124   1.1260294914245605
125   1.400521993637085
126   1.8170864582061768
127   1.1512882709503174
128   1.2517281770706177
129   1.2555514574050903
130   1.6356613636016846
131   1.513619303703308
132   1.9252830743789673
133   1.3351644277572632
134   1.661274790763855
135   0.921195924282074
136   0.8346701860427856
137   1.3915846347808838
138   1.562249779701233
139   1.0137461423873901
140   0.8028478026390076
141   1.6204814910888672
142   1.863065242767334
143   1.7610498666763306
144   1.3214949369430542
145   1.24462890625
146   1.9172453880310059
147   1.6501736640930176
148   1.8098249435424805
149   1.2270011901855469
150   2.07431697845459
151   1.227164387702942
152   0.9928461313247681
153   1.2210557460784912
154   1.3432146310806274
155   0.8472965955734253
156   1.554962158203125
157   1.3325544595718384
158   1.904456377029419
159   1.6154789924621582
160   1.6032987833023071
161   1.958794116973877
162   0.8461317420005798
163   1.7812234163284302
164   1.3641585111618042
165   2.1776347160339355
166   1.695662021636963
167   1.5684444904327393
168   1.2506651878356934
169   1.7192554473876953
170   1.6448458433151245
171   1.9720728397369385
172   1.1550500392913818
173   1.5625196695327759
174   1.2304970026016235
175   1.283189058303833
176   2.061143636703491
177   1.2726038694381714
178   1.3595629930496216
179   0.6945549249649048
180   1.2832268476486206
181   1.5274205207824707
182   1.1794230937957764
183   1.5443776845932007
184   1.8023918867111206
185   1.1869049072265625
186   1.1885045766830444
187   1.548039436340332
188   1.1235663890838623
189   1.7272977828979492
190   1.1838289499282837
191   1.6393789052963257
192   1.4383410215377808
193   1.4469707012176514
194   1.1641045808792114
195   1.3603427410125732
196   1.0541558265686035
197   1.5509895086288452
198   1.0833123922348022
199   1.089674472808838
200   1.1621099710464478
201   1.2298847436904907
202   1.3137325048446655
203   0.8414336442947388
204   0.694167971611023
205   1.5542854070663452
206   1.3290882110595703
207   1.1787713766098022
208   1.051283597946167
209   1.351456642150879
210   1.0024083852767944
211   1.6201428174972534
212   0.5571655035018921
213   1.2800686359405518
