0   0.0
1   0.17973490059375763
2   0.18006201088428497
3   0.17819079756736755
4   0.17455582320690155
5   0.18287746608257294
6   0.17442335188388824
7   0.17361554503440857
8   0.18467280268669128
9   0.2226828783750534
10   0.26328015327453613
11   0.3799839913845062
12   0.516382098197937
13   1.168652892112732
14   1.8205100297927856
15   1.7556089162826538
16   1.5581079721450806
17   1.905859351158142
18   1.4316049814224243
19   2.304478645324707
20   2.3146872520446777
21   2.0692927837371826
22   2.142848014831543
23   1.6050057411193848
24   1.5773229598999023
25   1.8605059385299683
26   1.9315063953399658
27   1.452134132385254
28   1.9216846227645874
29   1.5514899492263794
30   1.865227222442627
31   1.470677375793457
32   1.317275047302246
33   1.3321034908294678
34   2.457345485687256
35   1.5706751346588135
36   1.6656978130340576
37   1.687691330909729
38   1.845146656036377
39   1.6603673696517944
40   1.3450676202774048
41   1.661433219909668
42   1.8978043794631958
43   1.3772308826446533
44   1.6038153171539307
45   1.3776557445526123
46   1.7391232252120972
47   1.673862338066101
48   1.4501564502716064
49   1.6310679912567139
50   1.7512378692626953
51   1.7286291122436523
52   1.4920746088027954
53   2.2516708374023438
54   1.504635214805603
55   2.36745548248291
56   1.7914432287216187
57   2.067169666290283
58   1.5714164972305298
59   1.7547324895858765
60   1.8423173427581787
61   1.6454899311065674
62   1.715883493423462
63   1.372806429862976
64   2.1275577545166016
65   1.3984739780426025
66   1.718235731124878
67   1.8852158784866333
68   1.992817759513855
69   1.7603306770324707
70   1.6660001277923584
71   1.7556915283203125
72   1.6674884557724
73   1.6723170280456543
74   1.8607357740402222
75   2.04032564163208
76   2.257314682006836
77   1.6946858167648315
78   2.0245988368988037
79   1.8376175165176392
80   1.8528965711593628
81   2.0781259536743164
82   1.6015805006027222
83   2.105386972427368
84   1.475352168083191
85   1.8201103210449219
86   1.9860037565231323
87   2.2455477714538574
88   1.4919506311416626
89   1.8343585729599
90   1.9328972101211548
91   1.913603663444519
92   1.683089256286621
93   1.6742607355117798
94   1.9418058395385742
95   1.698169231414795
96   1.4971590042114258
97   1.737290382385254
98   1.7430999279022217
99   1.8616541624069214
100   1.9497244358062744
101   1.912011742591858
102   1.565306544303894
103   1.9285937547683716
104   2.0468015670776367
105   1.8917819261550903
106   1.9838447570800781
107   1.8568552732467651
108   1.5207738876342773
109   1.7777999639511108
110   1.5165824890136719
111   1.8489742279052734
112   1.6253126859664917
113   1.7489609718322754
114   1.7317302227020264
115   1.517325520515442
116   1.9601428508758545
117   1.9861183166503906
118   1.5538156032562256
119   1.8081085681915283
120   1.6430585384368896
121   2.22349214553833
122   2.144927740097046
123   1.8661231994628906
124   1.5766842365264893
125   1.9430721998214722
126   1.8156983852386475
127   1.5684493780136108
128   1.7634506225585938
129   1.716591477394104
130   2.0307412147521973
131   1.3978277444839478
132   2.1123130321502686
133   1.8853152990341187
134   2.160550832748413
135   1.5604387521743774
136   1.4117289781570435
137   1.7205612659454346
138   1.7913075685501099
139   1.512162685394287
140   1.2213398218154907
141   1.7828564643859863
142   1.730075478553772
143   1.570471167564392
144   1.7026045322418213
145   1.7302368879318237
146   1.8972405195236206
147   1.6059263944625854
148   2.075819730758667
149   1.6558728218078613
150   2.018948554992676
151   1.4437693357467651
152   1.6449989080429077
153   1.9467796087265015
154   1.4773340225219727
155   1.488524079322815
156   1.7311632633209229
157   2.03969669342041
158   2.324955701828003
159   1.8813804388046265
160   1.5808826684951782
161   2.08148455619812
162   1.8174371719360352
163   1.7307871580123901
164   1.8822098970413208
165   1.9478298425674438
166   1.7154591083526611
167   1.9019795656204224
168   1.5821977853775024
169   1.5070827007293701
170   1.2804663181304932
171   1.8339123725891113
172   1.6882975101470947
173   1.7419828176498413
174   1.3791505098342896
175   1.6688770055770874
176   1.8048447370529175
177   1.3705503940582275
178   1.2289581298828125
179   1.9553871154785156
180   1.4969844818115234
181   1.4739288091659546
182   1.379529595375061
183   1.3222817182540894
184   1.6333750486373901
185   1.51399564743042
186   1.6540024280548096
187   1.7155929803848267
188   1.4275885820388794
189   1.9395859241485596
190   1.5957053899765015
191   1.707628607749939
192   1.84653639793396
193   1.8122615814208984
194   1.54025137424469
195   1.873626708984375
196   1.6958012580871582
197   1.6269030570983887
198   1.4195020198822021
199   1.542871117591858
200   1.7511998414993286
201   1.8639764785766602
202   2.0749590396881104
203   1.7639261484146118
204   1.5990047454833984
205   1.8825504779815674
206   2.2109436988830566
207   2.2553141117095947
208   1.8889939785003662
209   1.9195088148117065
210   1.9538744688034058
211   1.9082261323928833
212   1.8114978075027466
213   1.828587532043457
