0   0.0
1   0.2055797278881073
2   0.19741441309452057
3   0.19168393313884735
4   0.19670560956001282
5   0.21060487627983093
6   0.20159772038459778
7   0.189825177192688
8   0.20459866523742676
9   0.2587398588657379
10   0.31050142645835876
11   0.40869471430778503
12   0.5265304446220398
13   1.0629435777664185
14   1.8606321811676025
15   1.751159429550171
16   1.3855897188186646
17   1.9138067960739136
18   1.4177078008651733
19   2.1461455821990967
20   2.3945865631103516
21   2.0618200302124023
22   1.9592268466949463
23   1.6838382482528687
24   1.421307921409607
25   1.6094865798950195
26   1.7128971815109253
27   1.3544343709945679
28   1.8343664407730103
29   1.5504417419433594
30   1.7701705694198608
31   1.4130709171295166
32   1.2365926504135132
33   1.3146600723266602
34   2.2996065616607666
35   1.46940016746521
36   1.5350581407546997
37   1.5837123394012451
38   1.6835261583328247
39   1.5727038383483887
40   1.2773253917694092
41   1.5741701126098633
42   1.7831021547317505
43   1.3034603595733643
44   1.518813133239746
45   1.2981610298156738
46   1.6421030759811401
47   1.5248167514801025
48   1.4175233840942383
49   1.542639136314392
50   1.5595990419387817
51   1.6403813362121582
52   1.3683277368545532
53   2.079798460006714
54   1.3841419219970703
55   2.2737953662872314
56   1.759016752243042
57   2.0486745834350586
58   1.458318829536438
59   1.6560577154159546
60   1.6429057121276855
61   1.5131211280822754
62   1.598439335823059
63   1.3232134580612183
64   2.0107760429382324
65   1.3118942975997925
66   1.6204545497894287
67   1.8053007125854492
68   1.7246956825256348
69   1.6848129034042358
70   1.5689263343811035
71   1.7383403778076172
72   1.7870217561721802
73   1.5469292402267456
74   1.9331142902374268
75   2.025825262069702
76   2.26505446434021
77   1.6412370204925537
78   2.029865264892578
79   1.7290414571762085
80   1.8876159191131592
81   1.9941372871398926
82   1.5391368865966797
83   1.8973402976989746
84   1.6613126993179321
85   1.8568280935287476
86   1.9087120294570923
87   2.352998971939087
88   1.555301547050476
89   1.6899387836456299
90   1.8162033557891846
91   1.813660979270935
92   1.7421859502792358
93   1.5116667747497559
94   1.821170687675476
95   1.6374547481536865
96   1.4428528547286987
97   1.5860718488693237
98   1.648817539215088
99   1.7258869409561157
100   1.777087688446045
101   1.7752039432525635
102   1.5268492698669434
103   1.9590474367141724
104   2.3259122371673584
105   1.8062412738800049
106   1.8679810762405396
107   1.6825348138809204
108   1.4124058485031128
109   1.6031086444854736
110   1.47006356716156
111   1.7820935249328613
112   1.5941758155822754
113   1.6484496593475342
114   1.6515103578567505
115   1.3835769891738892
116   1.9154424667358398
117   1.8311430215835571
118   1.6451969146728516
119   1.8087432384490967
120   1.6172863245010376
121   2.214548349380493
122   2.135430097579956
123   1.7006099224090576
124   1.4021482467651367
125   1.7644816637039185
126   1.6700438261032104
127   1.4656003713607788
128   1.6302119493484497
129   1.6248021125793457
130   1.9444196224212646
131   1.3373675346374512
132   1.955543875694275
133   1.7470990419387817
134   2.148660659790039
135   1.4440720081329346
136   1.333943486213684
137   1.594928503036499
138   1.5789439678192139
139   1.4793998003005981
140   1.3317780494689941
141   1.6556092500686646
142   1.608490228652954
143   1.4850343465805054
144   1.591537594795227
145   1.6280933618545532
146   1.828259825706482
147   1.5232113599777222
148   2.0741820335388184
149   1.5584765672683716
150   1.9688700437545776
151   1.351293683052063
152   1.7394497394561768
153   1.9755874872207642
154   1.4580875635147095
155   1.3569085597991943
156   1.6330736875534058
157   1.9933764934539795
158   2.191957950592041
159   1.7034316062927246
160   1.4409656524658203
161   1.9506343603134155
162   1.7171106338500977
163   1.6623773574829102
164   1.6867698431015015
165   1.8689699172973633
166   1.794111728668213
167   1.8740140199661255
168   1.5646322965621948
169   1.385501503944397
170   1.2059667110443115
171   1.7461186647415161
172   1.582667589187622
173   1.682758092880249
174   1.2725491523742676
175   1.5874356031417847
176   1.6321014165878296
177   1.3169487714767456
178   1.067738652229309
179   1.8315808773040771
180   1.3997185230255127
181   1.3383418321609497
182   1.3263511657714844
183   1.1944559812545776
184   1.544913649559021
185   1.3991122245788574
186   1.5912716388702393
187   1.624679446220398
188   1.3332711458206177
189   1.8703163862228394
190   1.4996862411499023
191   1.6702852249145508
192   1.7458871603012085
193   1.725483775138855
194   1.5088789463043213
195   1.8289073705673218
196   1.521402359008789
197   1.5011998414993286
198   1.2863718271255493
199   1.5259816646575928
200   1.7280770540237427
201   1.7618651390075684
202   2.1644668579101563
203   1.8662424087524414
204   1.559027910232544
205   1.7718515396118164
206   2.1802988052368164
207   2.2129323482513428
208   1.908634901046753
209   1.8461021184921265
210   1.9999885559082031
211   1.7957067489624023
212   1.5814040899276733
213   1.718445897102356
