1   1.277854084968567
2   1.4199162721633911
3   1.2200987339019775
4   1.5724157094955444
5   1.4377224445343018
6   1.1780530214309692
7   1.4988441467285156
8   1.2299425601959229
9   1.5069918632507324
10   1.3310636281967163
11   1.3514035940170288
12   1.6146308183670044
13   1.4136992692947388
14   1.2326903343200684
15   1.3355170488357544
16   1.4032930135726929
17   1.3807499408721924
18   1.2823213338851929
19   1.4553760290145874
20   1.3929753303527832
21   1.2942599058151245
22   1.4201483726501465
23   1.4914733171463013
24   1.321480631828308
25   1.39533269405365
26   1.430066704750061
27   1.4900047779083252
28   1.4005908966064453
29   1.6532446146011353
30   1.4836958646774292
31   1.3577234745025635
32   1.391433596611023
33   1.3017890453338623
34   1.4799375534057617
35   1.3253331184387207
36   1.183057188987732
37   1.343292236328125
38   1.5112566947937012
39   1.291927695274353
40   1.442286491394043
41   1.4269496202468872
42   1.3165518045425415
43   1.3363436460494995
44   1.6566911935806274
45   1.4067752361297607
46   1.430176019668579
47   1.3962962627410889
48   1.3810596466064453
49   1.3184316158294678
50   1.2349755764007568
51   1.493862509727478
52   1.1528743505477905
53   1.2932162284851074
54   1.3276728391647339
55   1.337965965270996
56   1.4180171489715576
57   1.4017094373703003
58   1.4993537664413452
59   1.2356674671173096
60   1.4935450553894043
61   1.1245536804199219
62   1.4374847412109375
63   1.3855992555618286
64   1.3372398614883423
65   1.2846367359161377
66   1.6181323528289795
67   1.328236699104309
68   1.3622381687164307
69   1.2282522916793823
70   1.5031101703643799
71   1.481187343597412
72   1.4063632488250732
73   1.2487881183624268
74   1.2845677137374878
75   1.4089919328689575
76   1.4523526430130005
77   1.2591179609298706
78   1.2101178169250488
79   1.2262283563613892
80   1.4875319004058838
81   1.4090179204940796
82   1.3259198665618896
83   1.3320127725601196
84   1.5504778623580933
85   1.4755527973175049
86   1.322574496269226
87   1.2704813480377197
88   1.3145772218704224
89   1.1847541332244873
90   1.1561015844345093
91   1.4432262182235718
92   1.402505874633789
93   1.5478651523590088
94   1.6261996030807495
95   1.548555612564087
96   1.4248003959655762
97   1.6267683506011963
98   1.4989405870437622
99   1.5780420303344727
100   1.4174612760543823
101   1.3423314094543457
102   1.3115766048431396
103   1.3712396621704102
104   1.6961253881454468
105   1.376761794090271
106   1.6026649475097656
107   1.621003270149231
108   1.5772786140441895
109   1.4098025560379028
110   1.5709514617919922
111   1.2212698459625244
112   1.331615924835205
113   1.3986706733703613
114   1.6581852436065674
115   1.6089529991149902
116   1.477124810218811
117   1.4083173274993896
118   1.4228184223175049
119   1.4476252794265747
120   1.521612286567688
121   1.3832480907440186
122   1.372185468673706
123   1.5135806798934937
124   1.3873385190963745
125   1.4656352996826172
126   1.4913320541381836
127   1.2382904291152954
128   1.2815935611724854
129   1.3730067014694214
130   1.29475736618042
131   1.2779313325881958
132   1.3888862133026123
133   1.155226707458496
134   1.1869441270828247
135   1.1826472282409668
136   1.2137811183929443
137   1.2142869234085083
138   1.6218270063400269
139   1.44907546043396
140   1.3614321947097778
141   1.368572473526001
142   1.4543001651763916
143   1.3619778156280518
144   1.3941991329193115
145   1.1608911752700806
146   1.2066638469696045
147   1.284134030342102
148   1.2466700077056885
149   1.1668463945388794
150   1.0011231899261475
151   1.233412265777588
152   1.4503179788589478
153   1.4677294492721558
154   1.2002214193344116
155   1.1337250471115112
156   1.2096308469772339
157   1.197344422340393
158   1.2970678806304932
159   1.1344267129898071
160   1.2100352048873901
