1   1.6027740240097046
2   1.803829550743103
3   1.880994200706482
4   1.8607865571975708
5   1.632986307144165
6   1.5292561054229736
7   1.903963327407837
8   2.1059303283691406
9   1.5615774393081665
10   1.3238204717636108
11   1.61348295211792
12   1.9846946001052856
13   1.562857747077942
14   1.3699088096618652
15   1.516479253768921
16   1.465802550315857
17   1.7991538047790527
18   1.5285745859146118
19   1.6468807458877563
20   1.7238600254058838
21   1.5473352670669556
22   1.4446747303009033
23   1.7563393115997314
24   1.5349620580673218
25   1.6112302541732788
26   1.7966911792755127
27   1.702629566192627
28   1.7233548164367676
29   1.924265742301941
30   2.2047126293182373
31   1.766697883605957
32   1.7803581953048706
33   1.710165023803711
34   1.5742653608322144
35   1.440367341041565
36   1.8751848936080933
37   1.8995946645736694
38   1.8442368507385254
39   1.6912226676940918
40   1.8488664627075195
41   1.7463101148605347
42   2.0111398696899414
43   1.7143733501434326
44   2.403576374053955
45   1.8493233919143677
46   1.8898783922195435
47   1.9778804779052734
48   2.2160472869873047
49   2.1299474239349365
50   1.539027452468872
51   1.6921840906143188
52   2.318481683731079
53   2.201212167739868
54   1.864047884941101
55   1.6850218772888184
56   2.029026985168457
57   2.0223937034606934
58   1.478638768196106
59   1.4304872751235962
60   1.8749074935913086
61   1.6168147325515747
62   1.5854167938232422
63   1.9162300825119019
64   1.8060303926467896
65   1.5225048065185547
66   1.7757104635238647
67   1.9583282470703125
68   1.7776570320129395
69   1.7253953218460083
70   1.6589676141738892
71   2.158806085586548
72   2.177150011062622
73   2.223233461380005
74   2.055349588394165
75   1.90529203414917
76   1.9547460079193115
77   1.6527011394500732
78   2.1548004150390625
79   2.113039970397949
80   1.9387431144714355
81   1.9714970588684082
82   1.680970549583435
83   1.67008376121521
84   1.9379712343215942
85   2.135302782058716
86   1.7925916910171509
87   1.9675792455673218
88   2.259860038757324
89   1.7562109231948853
90   1.8363757133483887
91   2.2276194095611572
92   2.5599119663238525
93   2.712876319885254
94   2.2171595096588135
95   3.5146989822387695
96   2.848292112350464
97   2.3145155906677246
98   2.5587961673736572
99   2.363767385482788
100   2.438870668411255
101   2.3505325317382813
102   2.50669002532959
103   2.551179885864258
104   2.6693167686462402
105   2.4138712882995605
106   2.404154062271118
107   2.563620090484619
108   3.020277261734009
109   2.6297123432159424
110   3.328057289123535
111   2.938527822494507
112   2.5157737731933594
113   2.6754984855651855
114   2.5552000999450684
115   2.1933014392852783
116   2.9531493186950684
117   2.883566379547119
118   2.7990572452545166
119   2.2962398529052734
120   2.8701741695404053
121   2.4084889888763428
122   2.200650453567505
123   2.5882387161254883
124   3.293771266937256
125   3.191119432449341
126   3.368351697921753
127   3.9206154346466064
128   3.2854421138763428
129   3.40997052192688
130   3.4096522331237793
131   3.10123872756958
132   3.234473705291748
133   3.9311585426330566
134   3.6897778511047363
135   3.495224952697754
136   3.6159496307373047
137   3.4390976428985596
138   2.872931480407715
139   3.1319825649261475
140   3.4861950874328613
141   2.739957094192505
142   2.9073967933654785
143   3.398958206176758
144   2.879823923110962
145   3.6254050731658936
146   2.9167401790618896
147   3.326319694519043
148   3.0866782665252686
149   3.366180419921875
150   3.2559940814971924
151   3.7906880378723145
152   3.2279436588287354
153   2.8205809593200684
154   3.1746606826782227
155   3.2031939029693604
156   3.0314815044403076
157   3.2456893920898438
158   3.2692270278930664
159   3.367065668106079
160   2.916081428527832
