1   1.3360689878463745
2   1.4535411596298218
3   1.4195425510406494
4   1.207922101020813
5   1.6218358278274536
6   1.232999324798584
7   1.2063926458358765
8   1.5615965127944946
9   1.5686836242675781
10   1.321081519126892
11   1.2093809843063354
12   1.5592479705810547
13   1.495255947113037
14   1.3048948049545288
15   1.3919692039489746
16   1.3768973350524902
17   1.3434592485427856
18   1.3526692390441895
19   1.1636184453964233
20   1.6352556943893433
21   1.4506070613861084
22   1.3863784074783325
23   1.4015709161758423
24   1.4967271089553833
25   1.3282520771026611
26   1.506898283958435
27   1.2524491548538208
28   1.2252153158187866
29   1.1203001737594604
30   1.5831786394119263
31   1.6434686183929443
32   1.1571736335754395
33   1.3088661432266235
34   1.3043239116668701
35   0.9623664617538452
36   1.3637415170669556
37   1.3453881740570068
38   1.349367618560791
39   0.9838171005249023
40   1.6045589447021484
41   1.4275203943252563
42   1.1883893013000488
43   1.4713973999023438
44   1.7567391395568848
45   1.2110180854797363
46   0.8395569324493408
47   1.0943019390106201
48   1.2450315952301025
49   1.119873285293579
50   1.2523125410079956
51   1.2841160297393799
52   1.6498653888702393
53   1.4872039556503296
54   1.4639642238616943
55   0.5571815967559814
56   1.5180511474609375
57   1.0715702772140503
58   1.6074392795562744
59   1.8472501039505005
60   1.1740056276321411
61   1.5542654991149902
62   1.252601981163025
63   0.8359863758087158
64   1.889876365661621
65   1.4003146886825562
66   0.8070961833000183
67   1.0645995140075684
68   0.9489415884017944
69   0.87986159324646
70   0.9501097798347473
71   1.1093039512634277
72   0.6885381937026978
73   1.370119571685791
74   1.0694446563720703
75   0.8266840577125549
76   1.351474642753601
77   0.6733735203742981
78   0.8183763027191162
79   1.3850491046905518
80   0.9214219450950623
81   0.6896646022796631
82   0.8363886475563049
83   1.3917577266693115
84   1.2209296226501465
85   0.9022918939590454
86   1.1515586376190186
87   0.9524269700050354
88   1.3983747959136963
89   1.017399787902832
90   1.325615644454956
91   1.1862819194793701
92   1.6589763164520264
93   1.180877923965454
94   1.2850650548934937
95   1.9050723314285278
96   1.5674033164978027
97   1.5494673252105713
98   1.5556652545928955
99   1.2930715084075928
100   0.7381107211112976
101   0.8713991045951843
102   1.0622166395187378
103   1.0186572074890137
104   0.982067346572876
105   1.2609589099884033
106   1.342680811882019
107   1.6207932233810425
108   0.982670783996582
109   2.1468088626861572
110   0.7781475782394409
111   1.1966396570205688
112   1.5045310258865356
113   1.8166300058364868
114   1.1914715766906738
115   1.4899264574050903
116   1.1133495569229126
117   1.205430030822754
118   1.4701769351959229
119   1.2399823665618896
120   2.3837316036224365
121   1.6804229021072388
122   2.160456895828247
123   0.8954986929893494
124   1.6927664279937744
125   1.7411643266677856
126   1.1706154346466064
127   0.7703822255134583
128   1.249611258506775
129   1.5168942213058472
130   1.5933581590652466
131   1.3594015836715698
132   1.291654109954834
133   1.1536763906478882
134   1.0990345478057861
135   1.4040918350219727
136   1.0790951251983643
137   1.4033141136169434
138   0.8252107501029968
139   1.3369866609573364
140   1.1636617183685303
141   1.5558909177780151
142   1.5362753868103027
143   1.3914542198181152
144   1.2602933645248413
145   1.2031002044677734
146   1.2494157552719116
147   1.2186386585235596
148   1.4515095949172974
149   1.2992351055145264
150   1.2815366983413696
151   1.282963514328003
152   1.2756074666976929
153   1.4713364839553833
154   1.500577688217163
155   1.5192407369613647
156   1.1793649196624756
157   1.3584535121917725
158   1.4663605690002441
159   1.2731151580810547
160   1.3146119117736816
161   1.5722801685333252
162   1.384060025215149
163   1.4104821681976318
164   1.5259636640548706
