1   1.717866063117981
2   1.8451838493347168
3   2.3433403968811035
4   2.0680150985717773
5   1.976725459098816
6   1.7860348224639893
7   1.8797948360443115
8   1.7886079549789429
9   1.5313252210617065
10   1.576256275177002
11   1.6846853494644165
12   1.9224066734313965
13   1.5506556034088135
14   1.6790162324905396
15   1.5642222166061401
16   1.4295241832733154
17   1.775937557220459
18   1.4627537727355957
19   1.4769946336746216
20   1.7876150608062744
21   1.6066930294036865
22   1.2535550594329834
23   2.135241746902466
24   1.8105120658874512
25   1.8866796493530273
26   1.6365671157836914
27   1.6190842390060425
28   1.7609572410583496
29   1.5425344705581665
30   1.6205452680587769
31   1.6258094310760498
32   1.6252448558807373
33   1.6081886291503906
34   1.57966148853302
35   2.271939754486084
36   1.8821593523025513
37   1.6100263595581055
38   1.6507518291473389
39   1.444930911064148
40   1.981368064880371
41   1.5939202308654785
42   1.5879158973693848
43   1.57671320438385
44   2.5393035411834717
45   1.3006505966186523
46   1.324170708656311
47   1.5440281629562378
48   1.8542920351028442
49   2.0907318592071533
50   1.7125300168991089
51   2.2450461387634277
52   1.4678561687469482
53   1.7441565990447998
54   1.812166690826416
55   1.73954176902771
56   1.7049846649169922
57   1.6951936483383179
58   1.6460974216461182
59   1.7137627601623535
60   1.2799359560012817
61   1.2962641716003418
62   1.5315037965774536
63   1.685468316078186
64   1.7595521211624146
65   1.6377933025360107
66   1.7508337497711182
67   1.6951779127120972
68   2.153080701828003
69   2.0214664936065674
70   1.9228094816207886
71   1.7039557695388794
72   2.2332563400268555
73   2.1811110973358154
74   1.9456794261932373
75   1.731006383895874
76   1.9546623229980469
77   2.3852412700653076
78   1.9482980966567993
79   1.7194879055023193
80   1.7177072763442993
81   1.9837828874588013
82   1.990604281425476
83   1.8793054819107056
84   1.5905629396438599
85   1.211100697517395
86   1.3889960050582886
87   1.3661141395568848
88   1.5887571573257446
89   1.4050498008728027
90   1.3982821702957153
91   2.030056953430176
92   1.8991018533706665
93   2.161081314086914
94   1.5018497705459595
95   2.2498881816864014
96   2.8672235012054443
97   2.397247314453125
98   2.765181064605713
99   1.7083802223205566
100   1.6582757234573364
101   1.6554826498031616
102   2.0439093112945557
103   2.0767319202423096
104   1.8944460153579712
105   2.2450170516967773
106   1.8641552925109863
107   2.0402092933654785
108   1.612265944480896
109   1.7907674312591553
110   1.278739333152771
111   1.4571011066436768
112   1.679303765296936
113   2.0608577728271484
114   1.867538571357727
115   1.8901011943817139
116   2.0810420513153076
117   2.0438098907470703
118   1.8181504011154175
119   2.0172677040100098
120   2.3904967308044434
121   2.2159104347229004
122   3.0586025714874268
123   2.1874709129333496
124   2.485507011413574
125   1.80658757686615
126   2.0013725757598877
127   1.7115410566329956
128   1.8893858194351196
129   1.618528127670288
130   1.853704810142517
131   1.734798789024353
132   1.4667457342147827
133   1.9837924242019653
134   2.2285304069519043
135   1.7488878965377808
136   1.8728564977645874
137   2.1954193115234375
138   1.5625752210617065
139   1.8537691831588745
140   1.5989575386047363
141   1.632768154144287
142   1.7528033256530762
143   1.699484944343567
144   1.3066787719726563
145   1.638193964958191
146   1.7647429704666138
147   1.4072620868682861
148   2.148343324661255
149   1.8598272800445557
150   1.7539666891098022
151   1.621247410774231
152   1.5920748710632324
153   1.8194471597671509
154   1.8920385837554932
155   1.6241954565048218
156   1.7140569686889648
157   1.4985766410827637
158   1.9386905431747437
159   1.8775359392166138
160   2.023792266845703
161   1.8979851007461548
162   1.5998897552490234
163   2.251979351043701
164   1.6555386781692505
