1   1.72532057762146
2   1.8727319240570068
3   2.244971513748169
4   1.9571603536605835
5   1.8551216125488281
6   1.7434873580932617
7   1.8124364614486694
8   1.681412696838379
9   1.5029455423355103
10   1.5416793823242188
11   1.5197333097457886
12   1.7968604564666748
13   1.4412003755569458
14   1.7295104265213013
15   1.4631118774414063
16   1.4101306200027466
17   1.7044965028762817
18   1.4575064182281494
19   1.4173263311386108
20   1.675148606300354
21   1.4877440929412842
22   1.186621904373169
23   2.0118966102600098
24   1.8092410564422607
25   1.8624308109283447
26   1.6905707120895386
27   1.5819463729858398
28   1.7082127332687378
29   1.5401884317398071
30   1.4807970523834229
31   1.53135085105896
32   1.5924808979034424
33   1.5487815141677856
34   1.4025747776031494
35   2.021252393722534
36   1.7086771726608276
37   1.563225269317627
38   1.5041178464889526
39   1.4178375005722046
40   1.7869150638580322
41   1.6251194477081299
42   1.5266273021697998
43   1.5012842416763306
44   2.2661635875701904
45   1.3392112255096436
46   1.1862965822219849
47   1.4015774726867676
48   1.831295132637024
49   1.926526665687561
50   1.5356333255767822
51   2.1353726387023926
52   1.3383311033248901
53   1.7265290021896362
54   1.6524981260299683
55   1.5098240375518799
56   1.6219102144241333
57   1.5787369012832642
58   1.4873489141464233
59   1.5555298328399658
60   1.2831370830535889
61   1.2061103582382202
62   1.3340165615081787
63   1.5473803281784058
64   1.716211199760437
65   1.5560146570205688
66   1.7296478748321533
67   1.541201114654541
68   2.0171360969543457
69   1.811252474784851
70   1.9083168506622314
71   1.7314279079437256
72   2.1614768505096436
73   1.9068819284439087
74   1.8176815509796143
75   1.7342619895935059
76   1.7173314094543457
77   2.1171772480010986
78   1.8431395292282104
79   1.7433524131774902
80   1.6658298969268799
81   1.9782177209854126
82   1.9307630062103271
83   1.846901535987854
84   1.5939950942993164
85   1.195789098739624
86   1.3504774570465088
87   1.2570098638534546
88   1.565173625946045
89   1.3395887613296509
90   1.363665223121643
91   1.7707875967025757
92   1.7433578968048096
93   2.033527135848999
94   1.4391745328903198
95   2.114250421524048
96   2.5826070308685303
97   2.1299307346343994
98   2.4075992107391357
99   1.8633055686950684
100   1.8914084434509277
101   1.6669695377349854
102   2.0693438053131104
103   1.9376877546310425
104   1.7374821901321411
105   2.1919870376586914
106   1.8665322065353394
107   1.963707447052002
108   1.6165084838867188
109   1.6417508125305176
110   1.1639446020126343
111   1.3646587133407593
112   1.4890596866607666
113   1.9700652360916138
114   1.8017717599868774
115   1.8542455434799194
116   2.0632381439208984
117   1.93944251537323
118   1.8531657457351685
119   2.083120346069336
120   2.327390193939209
121   2.186943531036377
122   3.0436654090881348
123   1.9331557750701904
124   2.4275715351104736
125   1.6686179637908936
126   1.9169095754623413
127   1.5940349102020264
128   1.7451988458633423
129   1.5709192752838135
130   1.7172456979751587
131   1.6740293502807617
132   1.5452178716659546
133   1.9429112672805786
134   2.1023271083831787
135   1.7274225950241089
136   1.7437005043029785
137   2.0277369022369385
138   1.5342596769332886
139   1.6792900562286377
140   1.466360330581665
141   1.6547703742980957
142   1.7475961446762085
143   1.4744908809661865
144   1.2978235483169556
145   1.6027339696884155
146   1.7242705821990967
147   1.323415994644165
148   2.068432331085205
149   1.9505856037139893
150   1.7399506568908691
151   1.6246269941329956
152   1.463783860206604
153   1.6364299058914185
154   1.8006328344345093
155   1.4968600273132324
156   1.6426130533218384
157   1.3973308801651
158   1.8652821779251099
159   1.8078334331512451
160   1.8195610046386719
161   1.8127343654632568
162   1.5589529275894165
163   2.0703070163726807
164   1.6476540565490723
