0   0.0
1   0.17424771189689636
2   0.2293817549943924
3   0.23770634829998016
4   0.20204050838947296
5   0.1999189555644989
6   0.2083824723958969
7   0.15467537939548492
8   0.14687447249889374
9   0.3706173002719879
10   0.3840891122817993
11   0.6302873492240906
12   0.6156965494155884
13   1.0684269666671753
14   1.258258581161499
15   1.9980586767196655
16   0.9529151916503906
17   0.9537519216537476
18   1.4790250062942505
19   1.5104740858078003
20   1.4070971012115479
21   1.5510050058364868
22   1.1861764192581177
23   2.0287606716156006
24   1.4426090717315674
25   1.2205172777175903
26   1.2470245361328125
27   1.0969547033309937
28   1.4322928190231323
29   1.4717239141464233
30   1.1280163526535034
31   1.5399540662765503
32   0.8371286988258362
33   1.3149322271347046
34   1.503627896308899
35   1.4714995622634888
36   1.7247226238250732
37   1.359840750694275
38   1.650691032409668
39   1.856063723564148
40   1.2629746198654175
41   0.8680344223976135
42   1.8139809370040894
43   1.5269399881362915
44   1.7606713771820068
45   1.360909104347229
46   1.4132767915725708
47   1.4898834228515625
48   1.7581690549850464
49   2.691361427307129
50   1.3811465501785278
51   1.4101064205169678
52   1.0536062717437744
53   1.2088702917099
54   1.7253303527832031
55   1.0721296072006226
56   1.9051828384399414
57   1.8885971307754517
58   1.6035434007644653
59   1.5771524906158447
60   1.680484414100647
61   2.299591541290283
62   1.5110160112380981
63   1.0897446870803833
64   1.0079584121704102
65   1.4540916681289673
66   0.9005565643310547
67   1.1922001838684082
68   1.773761510848999
69   1.2578039169311523
70   1.155050277709961
71   1.9975087642669678
72   1.6776107549667358
73   1.306461215019226
74   1.636312484741211
75   1.183040976524353
76   1.7470911741256714
77   1.2746938467025757
78   1.0386555194854736
79   1.2486779689788818
80   1.4437403678894043
81   1.2800778150558472
82   1.6409274339675903
83   1.5663453340530396
84   1.0235894918441772
85   1.6817086935043335
86   1.7988299131393433
87   1.3745145797729492
88   1.3399347066879272
89   1.2779161930084229
90   1.3573698997497559
91   1.8443937301635742
92   1.6113313436508179
93   1.4571161270141602
94   1.6967860460281372
95   1.2882332801818848
96   1.3844846487045288
97   1.8769474029541016
98   1.5305414199829102
99   1.3518134355545044
100   1.5270020961761475
101   1.855296015739441
102   0.8348675966262817
103   1.4083921909332275
104   1.3955334424972534
105   2.13600492477417
106   2.122396230697632
107   1.4942495822906494
108   1.12877357006073
109   1.1501753330230713
110   1.2635440826416016
111   1.5360207557678223
112   1.2675460577011108
113   1.6169739961624146
114   1.6781009435653687
115   0.9897578954696655
116   1.3438838720321655
117   1.1553889513015747
118   1.2857935428619385
119   1.1754639148712158
120   1.3683992624282837
121   1.4274755716323853
122   1.180544376373291
123   0.7766961455345154
124   0.4688042998313904
125   1.1676584482192993
126   0.8319203853607178
127   1.376463532447815
128   1.4474506378173828
129   0.9149746894836426
130   1.2153120040893555
131   1.5544180870056152
132   2.1074063777923584
133   1.720008373260498
134   1.9162958860397339
135   1.3252731561660767
136   1.8310209512710571
137   1.2335076332092285
138   0.9401828646659851
139   1.238824725151062
140   1.243679404258728
141   1.9731029272079468
142   1.624342679977417
143   1.425641655921936
144   1.4414873123168945
145   1.123835802078247
146   1.3310635089874268
147   1.5476418733596802
148   1.5567851066589355
149   1.1373717784881592
150   1.5040974617004395
151   1.3933396339416504
152   1.131852388381958
153   0.943834125995636
154   1.2258009910583496
155   1.70326566696167
156   1.3456374406814575
157   1.1125171184539795
158   1.4973866939544678
159   1.1296826601028442
160   0.8036693930625916
161   1.2269906997680664
162   0.9808235764503479
163   1.7933964729309082
164   1.3218849897384644
165   1.3171921968460083
166   1.8257360458374023
167   1.1084004640579224
168   1.4777518510818481
169   1.2657746076583862
170   0.9220532178878784
171   1.282921552658081
172   1.3591114282608032
173   1.2220523357391357
174   1.1476277112960815
175   1.549350619316101
176   1.2857519388198853
177   0.9103650450706482
178   1.135237216949463
179   1.7280807495117188
180   1.6220524311065674
181   1.6002806425094604
182   1.605528473854065
183   1.5881402492523193
184   1.376369833946228
185   1.530181884765625
186   1.4783525466918945
187   1.2989479303359985
188   1.361070990562439
189   1.679385781288147
190   1.5589674711227417
191   1.4903655052185059
192   1.2671743631362915
193   1.170594334602356
194   1.5829492807388306
195   0.9825125932693481
196   1.307919979095459
197   1.133012056350708
198   1.4610222578048706
199   1.4222819805145264
200   1.7605143785476685
201   1.0798008441925049
202   0.9942823648452759
203   1.2558434009552002
204   0.9965694546699524
205   1.3042993545532227
206   1.7340617179870605
207   1.7847421169281006
208   1.4066311120986938
209   1.1110492944717407
210   1.12510085105896
211   1.5875613689422607
212   1.275475025177002
213   1.4350587129592896
