0   0.0
1   1.2272971868515015
2   1.2081903219223022
3   1.3970800638198853
4   1.3134148120880127
5   1.038533329963684
6   0.9543991684913635
7   1.2432024478912354
8   0.9761579632759094
9   1.4940763711929321
10   1.477363109588623
11   1.5841736793518066
12   1.452688217163086
13   2.9570934772491455
14   2.7807233333587646
15   4.413384437561035
16   3.794111967086792
17   3.363319158554077
18   3.4350221157073975
19   3.1597461700439453
20   5.490753173828125
21   3.6261985301971436
22   4.140570163726807
23   4.571935653686523
24   1.116401195526123
25   1.2137378454208374
26   1.5693944692611694
27   2.2327382564544678
28   2.830759048461914
29   3.8722732067108154
30   3.560204267501831
31   3.69732403755188
32   1.8867501020431519
33   3.3004140853881836
34   2.9669029712677
35   3.790390968322754
36   4.822857856750488
37   3.267435312271118
38   4.027250289916992
39   4.198276519775391
40   3.193986654281616
41   2.9809885025024414
42   4.612555027008057
43   3.4402849674224854
44   4.754863262176514
45   4.177104473114014
46   1.4883990287780762
47   3.0145323276519775
48   3.5367610454559326
49   5.355992794036865
50   3.0474679470062256
51   3.762172222137451
52   2.8203606605529785
53   3.600625991821289
54   4.0154218673706055
55   2.3575990200042725
56   4.1109161376953125
57   3.8619744777679443
58   1.4565904140472412
59   3.3803250789642334
60   3.6010515689849854
61   5.318949222564697
62   3.8420825004577637
63   4.44481897354126
64   2.6146745681762695
65   3.0220062732696533
66   3.1522326469421387
67   3.3184165954589844
68   3.7664780616760254
69   3.6325795650482178
70   3.569059371948242
71   3.431828022003174
72   4.604842662811279
73   3.503626823425293
74   3.3867945671081543
75   4.139127254486084
76   3.3450186252593994
77   4.021055221557617
78   3.6525423526763916
79   3.4631154537200928
80   3.6451027393341064
81   4.490113735198975
82   3.9723970890045166
83   2.3420772552490234
84   1.7992961406707764
85   2.325073003768921
86   5.038238525390625
87   2.5039126873016357
88   2.618368148803711
89   1.2488397359848022
90   2.766068696975708
91   2.022167444229126
92   2.1713521480560303
93   3.4991838932037354
94   2.2022132873535156
95   3.008808135986328
96   3.189655065536499
97   2.6423745155334473
98   3.3102147579193115
99   3.1710245609283447
100   2.52510404586792
101   2.5359063148498535
102   2.043119430541992
103   3.2041003704071045
104   2.6072888374328613
105   4.231288909912109
106   6.591911315917969
107   4.676909446716309
108   3.0707626342773438
109   1.7264173030853271
110   3.049234390258789
111   3.2939252853393555
112   3.7745766639709473
113   2.8099398612976074
114   3.7354485988616943
115   4.078610420227051
116   3.1553966999053955
117   3.572765588760376
118   3.9664862155914307
119   5.009450435638428
120   2.279918909072876
121   2.9770283699035645
122   2.8926427364349365
123   3.852666139602661
124   4.701798915863037
125   0.798366129398346
126   4.409297943115234
127   3.0719292163848877
128   3.519559621810913
129   2.775474786758423
130   3.601741313934326
131   1.7473440170288086
132   2.365898370742798
133   1.7003424167633057
134   2.5051698684692383
135   2.679173231124878
136   2.8968682289123535
137   1.8390913009643555
138   1.6247961521148682
139   3.129908323287964
140   2.684330940246582
141   2.2888994216918945
142   2.492090940475464
143   5.199177265167236
144   2.381248712539673
145   2.1540257930755615
146   2.819638729095459
147   5.5293288230896
148   5.3750691413879395
149   3.590360164642334
150   2.197277069091797
151   1.4719229936599731
152   3.360936403274536
153   3.3323307037353516
154   1.855858325958252
155   2.5391411781311035
156   4.168918132781982
157   4.618163108825684
158   2.1919007301330566
159   1.3336968421936035
160   1.775763988494873
161   2.72066068649292
162   2.1518285274505615
163   3.0603060722351074
164   3.1505422592163086
165   2.9902427196502686
166   1.626737117767334
167   2.528797149658203
168   2.55840802192688
169   2.1814489364624023
170   2.971957206726074
171   3.3588826656341553
172   3.3331496715545654
173   4.028375148773193
174   3.8513994216918945
175   2.9042630195617676
176   2.9907336235046387
177   2.771696090698242
178   3.0221831798553467
179   4.317131042480469
180   2.346862554550171
181   0.5603259205818176
182   1.876857876777649
183   4.11627721786499
184   4.002683162689209
185   4.936075210571289
186   3.1917777061462402
187   4.04195499420166
188   5.7197747230529785
189   1.8846131563186646
190   3.7075042724609375
191   4.141155242919922
192   3.6042885780334473
193   1.3169273138046265
194   3.883843183517456
195   4.077485084533691
196   3.7315266132354736
197   3.3577919006347656
198   3.8475823402404785
199   2.2140603065490723
200   2.095878839492798
201   3.604038953781128
202   3.4218344688415527
203   3.140418767929077
204   2.7729735374450684
205   2.6180777549743652
206   2.7770583629608154
207   2.5393927097320557
208   2.877504348754883
209   2.8902742862701416
210   2.1969754695892334
211   3.287442684173584
212   2.4311587810516357
213   2.160642623901367
