0   0.0
1   0.1949148327112198
2   0.17766918241977692
3   0.1800987720489502
4   0.19484743475914001
5   0.1953486055135727
6   0.20563732087612152
7   0.20805883407592773
8   0.20178057253360748
9   0.22852939367294312
10   0.2591857612133026
11   0.3528235852718353
12   0.5131065249443054
13   0.8773446083068848
14   1.539642572402954
15   1.5085145235061646
16   1.7433545589447021
17   1.6338551044464111
18   2.246469736099243
19   1.923091173171997
20   2.017415761947632
21   1.7466528415679932
22   1.800832986831665
23   2.2906646728515625
24   2.0040650367736816
25   1.828506350517273
26   1.7265946865081787
27   1.71751070022583
28   1.7925305366516113
29   2.18442702293396
30   1.756353735923767
31   2.2592759132385254
32   2.2025864124298096
33   1.7924349308013916
34   1.6490312814712524
35   2.036299705505371
36   2.427385091781616
37   1.6959906816482544
38   1.9658416509628296
39   2.248818874359131
40   1.8710507154464722
41   1.5073689222335815
42   2.6279518604278564
43   2.0818371772766113
44   2.4081242084503174
45   2.142500877380371
46   1.9526625871658325
47   2.1782824993133545
48   1.7002460956573486
49   2.8536159992218018
50   2.2096543312072754
51   1.8755199909210205
52   2.073723316192627
53   1.6921107769012451
54   2.4303932189941406
55   1.7409119606018066
56   2.4375503063201904
57   2.667506694793701
58   1.8430922031402588
59   1.7291237115859985
60   2.206528425216675
61   2.79374623298645
62   2.1992857456207275
63   1.939134955406189
64   1.841293454170227
65   1.7110576629638672
66   1.9746702909469604
67   1.8922556638717651
68   1.9924461841583252
69   1.9972739219665527
70   1.57597017288208
71   2.1557886600494385
72   2.2880859375
73   2.2609543800354004
74   2.076889991760254
75   2.3952414989471436
76   2.1217596530914307
77   2.2544260025024414
78   1.7856652736663818
79   1.78545343875885
80   1.839737892150879
81   2.2548933029174805
82   1.9240309000015259
83   2.044785976409912
84   1.914552092552185
85   1.836439847946167
86   2.5827043056488037
87   1.7895315885543823
88   1.9811912775039673
89   1.7196331024169922
90   2.44757342338562
91   1.9506542682647705
92   2.353572130203247
93   2.53212833404541
94   1.8983184099197388
95   1.79767906665802
96   1.735231876373291
97   2.69686222076416
98   2.226069927215576
99   2.0405538082122803
100   2.2873568534851074
101   1.7084403038024902
102   1.8142309188842773
103   2.387303352355957
104   1.926526665687561
105   2.9313526153564453
106   2.6070635318756104
107   2.2252919673919678
108   1.6810362339019775
109   2.2214808464050293
110   2.2737133502960205
111   2.39951753616333
112   2.737687110900879
113   2.1826043128967285
114   2.645726203918457
115   2.330465793609619
116   2.304185390472412
117   2.0518078804016113
118   2.033803939819336
119   2.1879422664642334
120   2.0221900939941406
121   2.325026512145996
122   2.0801138877868652
123   2.1692776679992676
124   2.211332321166992
125   1.6214148998260498
126   2.1270830631256104
127   1.6677634716033936
128   1.7895803451538086
129   1.851362705230713
130   1.5079115629196167
131   1.8513879776000977
132   1.7721401453018188
133   1.9215474128723145
134   1.8460077047348022
135   2.1954541206359863
136   2.409237861633301
137   1.9517545700073242
138   1.8568147420883179
139   1.9964618682861328
140   1.792022943496704
141   1.9005110263824463
142   1.9303240776062012
143   1.7944493293762207
144   1.762241244316101
145   1.8997652530670166
146   1.8173415660858154
147   2.047999858856201
148   2.188725233078003
149   2.2976913452148438
150   2.166159152984619
151   1.7600760459899902
152   1.9056020975112915
153   1.8584787845611572
154   2.0827908515930176
155   1.7512669563293457
156   1.7474498748779297
157   1.7541760206222534
158   1.67949378490448
159   1.6876541376113892
160   1.4838175773620605
161   1.908504843711853
162   1.7839763164520264
163   2.3928046226501465
164   1.9983958005905151
165   2.0508363246917725
166   1.9147627353668213
167   1.9839357137680054
168   1.8517892360687256
169   1.7166386842727661
170   1.6942811012268066
171   1.7404346466064453
172   2.1814804077148438
173   1.8810449838638306
174   1.746398687362671
175   1.9922975301742554
176   1.6376475095748901
177   1.9028609991073608
178   1.7752313613891602
179   2.217650890350342
180   1.9044705629348755
181   2.2967257499694824
182   1.6757944822311401
183   1.8887465000152588
184   2.015522003173828
185   1.9009467363357544
186   2.117173910140991
187   1.8722972869873047
188   2.0288257598876953
189   2.002713680267334
190   1.8034965991973877
191   2.108293294906616
192   2.0022947788238525
193   2.091949701309204
194   2.2680983543395996
195   1.8301842212677002
196   2.0865700244903564
197   2.106811285018921
198   1.9791609048843384
199   2.101637125015259
200   1.7527185678482056
201   1.818823218345642
202   2.4993598461151123
203   2.3862290382385254
204   1.9244664907455444
205   1.7154005765914917
206   1.9757983684539795
207   1.997214674949646
208   2.0452077388763428
209   1.9139924049377441
210   1.9891445636749268
211   2.052281618118286
212   1.8727270364761353
213   1.9475387334823608
