0   0.0
1   0.21076767146587372
2   0.20850780606269836
3   0.20029102265834808
4   0.20442703366279602
5   0.20732353627681732
6   0.2067793607711792
7   0.2078944742679596
8   0.20480705797672272
9   0.2593494653701782
10   0.3060145080089569
11   0.4203852117061615
12   0.5286506414413452
13   0.8640825748443604
14   1.4995497465133667
15   1.5668926239013672
16   1.6837096214294434
17   1.5852750539779663
18   2.119436740875244
19   1.8517024517059326
20   1.8671305179595947
21   1.6950979232788086
22   1.6283373832702637
23   2.138457775115967
24   1.9543663263320923
25   1.6692575216293335
26   1.5733593702316284
27   1.6595004796981812
28   1.694413661956787
29   2.0438663959503174
30   1.6329736709594727
31   2.0238583087921143
32   1.9180972576141357
33   1.6749378442764282
34   1.5246564149856567
35   1.821419596672058
36   2.258941888809204
37   1.5310131311416626
38   1.854042649269104
39   2.0946245193481445
40   1.71160089969635
41   1.43820059299469
42   2.4147989749908447
43   1.8743667602539063
44   2.1938018798828125
45   1.9644287824630737
46   1.8299593925476074
47   1.9690840244293213
48   1.665108561515808
49   2.6669647693634033
50   2.0824639797210693
51   1.7198232412338257
52   1.8668689727783203
53   1.6590837240219116
54   2.3325321674346924
55   1.5591621398925781
56   2.286072254180908
57   2.4674315452575684
58   1.7142608165740967
59   1.5949938297271729
60   2.218791961669922
61   2.750903844833374
62   2.0372352600097656
63   1.7789596319198608
64   1.7118982076644897
65   1.5230393409729004
66   1.8636647462844849
67   1.686216950416565
68   1.866278052330017
69   1.9470257759094238
70   1.4554450511932373
71   2.0922513008117676
72   2.2552645206451416
73   2.2240748405456543
74   1.9979040622711182
75   2.2782225608825684
76   2.1548261642456055
77   2.0015413761138916
78   1.6625425815582275
79   1.6838558912277222
80   1.7291028499603271
81   2.087670087814331
82   1.7847356796264648
83   1.9210728406906128
84   1.6976953744888306
85   1.7247604131698608
86   2.48793625831604
87   1.6784828901290894
88   1.8556067943572998
89   1.933517575263977
90   2.4968650341033936
91   2.1522457599639893
92   2.4729132652282715
93   2.66874098777771
94   2.322634220123291
95   2.127171754837036
96   2.138913631439209
97   2.7799198627471924
98   2.4561927318573
99   2.30875563621521
100   2.46907639503479
101   2.0738425254821777
102   2.1892752647399902
103   2.5799384117126465
104   2.173463821411133
105   2.9597108364105225
106   2.666349411010742
107   2.4104256629943848
108   2.10787296295166
109   2.2980051040649414
110   2.4294354915618896
111   2.624148368835449
112   2.895336627960205
113   2.4251086711883545
114   2.7856028079986572
115   2.520909309387207
116   2.4895942211151123
117   2.372359275817871
118   2.7693073749542236
119   2.8678739070892334
120   2.5265541076660156
121   2.7743124961853027
122   2.5972745418548584
123   2.6631884574890137
124   2.761199951171875
125   1.9350836277008057
126   2.2654688358306885
127   1.846178412437439
128   1.91929030418396
129   2.1969244480133057
130   1.924263834953308
131   2.1225147247314453
132   2.0786359310150146
133   2.1128334999084473
134   2.121908187866211
135   2.3493564128875732
136   2.5612804889678955
137   2.1303389072418213
138   1.9871373176574707
139   2.122325897216797
140   2.0023317337036133
141   2.1865978240966797
142   2.11930251121521
143   2.090867757797241
144   1.9891610145568848
145   2.225240707397461
146   2.0953431129455566
147   2.2288575172424316
148   2.349074363708496
149   2.442171812057495
150   2.387190103530884
151   2.0873429775238037
152   2.1656813621520996
153   2.018299102783203
154   2.412825345993042
155   2.094998836517334
156   2.0144340991973877
157   1.9835869073867798
158   2.0154404640197754
159   2.007253408432007
160   1.8587852716445923
161   2.1281962394714355
162   1.9733498096466064
163   2.497622013092041
164   2.156135082244873
165   2.2402548789978027
166   2.090468645095825
167   2.2144739627838135
168   2.171262264251709
169   2.025568962097168
170   2.012181520462036
171   1.9893983602523804
172   2.471954584121704
173   2.1163594722747803
174   1.8694144487380981
175   2.109788656234741
176   1.7877061367034912
177   1.966663122177124
178   1.8457006216049194
179   2.297264814376831
180   2.0851643085479736
181   2.322587728500366
182   1.8469557762145996
183   2.038863182067871
184   2.0478549003601074
185   2.139298439025879
186   2.149677038192749
187   1.9688243865966797
188   2.0472066402435303
189   2.061868190765381
190   1.9365838766098022
191   2.2332205772399902
192   2.360217809677124
193   2.296342134475708
194   2.43794322013855
195   2.0379233360290527
196   2.3814516067504883
197   2.5365703105926514
198   2.4885518550872803
199   2.39520263671875
200   2.1941416263580322
201   2.4395062923431396
202   2.8698956966400146
203   2.634594202041626
204   2.4150731563568115
205   2.0421884059906006
206   2.2175817489624023
207   2.279597282409668
208   2.2259085178375244
209   2.1299593448638916
210   2.2209157943725586
211   2.3282055854797363
212   2.036466598510742
213   2.26552414894104
