1   0.8547786474227905
2   1.00691556930542
3   0.9775224924087524
4   1.0163534879684448
5   0.935787558555603
6   1.15163254737854
7   0.9162158370018005
8   0.8518008589744568
9   1.0035407543182373
10   0.7295243740081787
11   0.8295431137084961
12   0.9347460269927979
13   0.9678611755371094
14   0.854194164276123
15   0.7809260487556458
16   0.8896220326423645
17   1.013505220413208
18   1.1867789030075073
19   1.0905847549438477
20   0.9690280556678772
21   0.9137470722198486
22   1.0332192182540894
23   0.8887254595756531
24   1.1391568183898926
25   0.8403058648109436
26   0.6486979722976685
27   1.2991845607757568
28   1.1208120584487915
29   1.259882926940918
30   1.1415776014328003
31   1.0242670774459839
32   1.1642378568649292
33   1.011889100074768
34   0.7884708046913147
35   0.7162293791770935
36   0.8997289538383484
37   0.9239607453346252
38   0.9868739247322083
39   0.8768815994262695
40   1.2034478187561035
41   0.8375168442726135
42   1.0593916177749634
43   0.9670134782791138
44   1.0223493576049805
45   1.0908091068267822
46   0.9845836162567139
47   1.0922236442565918
48   0.9383531212806702
49   0.8977617621421814
50   1.1746675968170166
51   1.0238856077194214
52   0.8995727300643921
53   0.9318480491638184
54   1.025656819343567
55   1.139583706855774
56   0.9727768898010254
57   0.8822179436683655
58   0.9112069010734558
59   1.1507619619369507
60   1.1042460203170776
61   1.0320771932601929
62   1.0355353355407715
63   0.8861091732978821
64   1.23862624168396
65   0.6627110838890076
66   0.9601487517356873
67   1.100075602531433
68   0.89433753490448
69   0.8909856081008911
70   0.9941729307174683
71   0.8980410695075989
72   0.8634734749794006
73   1.1289995908737183
74   0.9924718141555786
75   0.7408321499824524
76   1.0442440509796143
77   0.8942525386810303
78   0.9124014973640442
79   0.8674889206886292
80   1.08844792842865
81   1.0159682035446167
82   0.8418310880661011
83   0.7485435605049133
84   0.8994991779327393
85   0.8446671962738037
86   0.8534565567970276
87   0.8488159775733948
88   0.797193706035614
89   0.9610605835914612
90   0.8750909566879272
91   0.6543437838554382
92   0.8478255271911621
93   0.929108738899231
94   1.0031731128692627
95   0.9046785235404968
96   1.0394002199172974
97   0.8282117247581482
98   0.694452702999115
99   1.0671939849853516
100   0.9596934914588928
101   0.8214634656906128
102   1.3500726222991943
103   0.8313471078872681
104   0.8401235342025757
105   0.7317883968353271
106   0.9428519010543823
107   0.9189328551292419
108   0.9570978283882141
109   1.0227423906326294
110   0.8240547776222229
111   1.237196445465088
112   0.8255578875541687
113   0.942738950252533
114   0.8925154805183411
115   0.9509837031364441
116   0.9782081842422485
117   0.7753519415855408
118   0.8701040148735046
119   1.0986772775650024
120   0.9148437976837158
121   1.0928152799606323
122   0.9090076684951782
123   1.2223118543624878
124   0.7545861601829529
125   1.077087163925171
126   0.8546838164329529
127   1.163495421409607
128   0.950383186340332
129   1.2066527605056763
130   0.8878107666969299
131   0.8211510181427002
132   1.0927850008010864
133   0.9401464462280273
134   1.0764254331588745
135   1.1980255842208862
136   1.0016186237335205
137   1.2693367004394531
138   0.9158012866973877
139   0.9974362254142761
140   0.7949455380439758
141   1.1243425607681274
142   1.021726131439209
143   0.9600399732589722
144   0.7218141555786133
145   0.8072984218597412
146   0.7640158534049988
147   1.093371868133545
148   0.8758589625358582
149   1.0816524028778076
150   0.8385359644889832
151   1.0310755968093872
152   1.0905628204345703
153   1.2112289667129517
154   1.0550132989883423
155   0.9425455927848816
156   1.0414553880691528
157   1.0571680068969727
158   1.079455018043518
159   0.8251622319221497
160   1.1329176425933838
