1   3.08101749420166
2   2.1101958751678467
3   1.9911057949066162
4   2.0685555934906006
5   1.4320484399795532
6   3.3525679111480713
7   3.722336769104004
8   2.874896287918091
9   3.3778281211853027
10   3.8423566818237305
11   2.70447039604187
12   2.7465624809265137
13   1.4420804977416992
14   1.5571891069412231
15   2.831752300262451
16   3.3755881786346436
17   3.099360942840576
18   2.100393772125244
19   2.928860664367676
20   2.2806262969970703
21   2.940352439880371
22   3.4648711681365967
23   3.212580919265747
24   2.357107162475586
25   2.6016619205474854
26   4.363681316375732
27   4.3636088371276855
28   2.5941343307495117
29   2.5231595039367676
30   2.192284107208252
31   3.8430233001708984
32   3.0397257804870605
33   3.486926317214966
34   2.625941753387451
35   3.0040440559387207
36   2.6407363414764404
37   1.3934602737426758
38   2.9874074459075928
39   3.380903482437134
40   2.5054123401641846
41   3.045478582382202
42   2.084197998046875
43   1.9082077741622925
44   4.387617111206055
45   2.3093314170837402
46   2.301058530807495
47   2.660088539123535
48   1.9932509660720825
49   2.6254992485046387
50   2.9202182292938232
51   2.112271308898926
52   2.034381628036499
53   2.27734112739563
54   2.706420660018921
55   3.2096526622772217
56   3.475175619125366
57   2.976771116256714
58   3.3380024433135986
59   2.471813678741455
60   2.202564239501953
61   2.7353649139404297
62   2.0006392002105713
63   3.677097797393799
64   3.2196829319000244
65   1.8934760093688965
66   3.262568473815918
67   3.324145555496216
68   2.5951905250549316
69   1.687077522277832
70   3.4748404026031494
71   3.1888229846954346
72   4.28844690322876
73   3.2978501319885254
74   3.084913492202759
75   2.516295909881592
76   4.784843444824219
77   1.0520962476730347
78   3.2659730911254883
79   2.5817441940307617
80   2.472921133041382
81   3.833341360092163
82   3.8743019104003906
83   3.5795557498931885
84   3.1247029304504395
85   3.9417765140533447
86   2.45993971824646
87   4.509825706481934
88   4.52905797958374
89   3.92566180229187
90   5.043018817901611
91   3.7256052494049072
92   3.6409947872161865
93   4.506067276000977
94   3.631406784057617
95   3.3034956455230713
96   4.226851463317871
97   4.4001545906066895
98   4.098189353942871
99   4.04117488861084
100   4.717909812927246
101   4.259270668029785
102   4.622601509094238
103   3.6520683765411377
104   4.219239711761475
105   2.070455312728882
106   3.9967031478881836
107   3.491351366043091
108   5.478823184967041
109   3.0171172618865967
110   4.667463302612305
111   5.427311420440674
112   3.4498379230499268
113   4.411235809326172
114   3.6607894897460938
115   4.0850749015808105
116   4.051675796508789
117   3.08013653755188
118   3.460336208343506
119   4.027961730957031
120   3.739612102508545
121   2.9853858947753906
122   2.220590353012085
123   2.9782981872558594
124   3.0957205295562744
125   4.403588771820068
126   4.146971225738525
127   4.539241790771484
128   2.3117268085479736
129   4.256269454956055
130   4.667627334594727
131   3.3443374633789063
132   5.421290397644043
133   2.6201930046081543
134   2.5985779762268066
135   5.330641269683838
136   2.4898736476898193
137   3.443218469619751
138   4.748369216918945
139   3.603153705596924
140   3.1291730403900146
141   3.498260021209717
142   2.6430156230926514
143   1.2085576057434082
144   3.3727705478668213
145   2.9275338649749756
146   3.4394562244415283
147   4.4256463050842285
148   4.165673732757568
149   5.049221515655518
150   2.631960153579712
151   4.685163974761963
152   3.798696756362915
153   3.8732411861419678
154   6.836963176727295
155   8.167804718017578
156   5.777711391448975
157   3.693502902984619
158   3.380047082901001
159   3.974524736404419
160   3.8647303581237793
