1   4.062383651733398
2   3.648261785507202
3   3.9678266048431396
4   4.6145195960998535
5   4.696194648742676
6   4.399078369140625
7   3.5589699745178223
8   4.437180995941162
9   4.233315467834473
10   3.591048240661621
11   4.076313018798828
12   3.1196255683898926
13   3.46732759475708
14   3.4946351051330566
15   4.3939619064331055
16   3.8628764152526855
17   5.975015640258789
18   5.058078765869141
19   4.828006744384766
20   3.6510298252105713
21   4.116062641143799
22   2.889050006866455
23   4.168962001800537
24   3.7012922763824463
25   4.028833866119385
26   4.378907680511475
27   3.804943084716797
28   3.8801636695861816
29   4.003456115722656
30   3.0631699562072754
31   4.457803726196289
32   2.5649421215057373
33   5.309637546539307
34   3.7248311042785645
35   4.415740013122559
36   3.4064524173736572
37   3.470194101333618
38   3.7477731704711914
39   3.3804657459259033
40   3.583611011505127
41   3.9002320766448975
42   3.987993001937866
43   3.4394614696502686
44   4.234203338623047
45   3.2237401008605957
46   5.862165451049805
47   6.480523586273193
48   5.47720193862915
49   4.73046875
50   4.224132061004639
51   5.7709269523620605
52   6.168424606323242
53   4.13701868057251
54   4.353996276855469
55   5.5149760246276855
56   4.793252468109131
57   6.220245838165283
58   4.265933036804199
59   5.375964641571045
60   5.690627098083496
61   5.452098369598389
62   4.152395248413086
63   3.645484447479248
64   5.169678688049316
65   4.894901752471924
66   4.337600231170654
67   3.4717719554901123
68   4.391479015350342
69   4.883124828338623
70   4.717814922332764
71   4.6760149002075195
72   4.3269548416137695
73   5.921655178070068
74   6.180757999420166
75   6.322717666625977
76   5.367836952209473
77   3.3491766452789307
78   4.592361927032471
79   3.818700075149536
80   4.094638824462891
81   4.50600528717041
82   3.9761340618133545
83   3.5448830127716064
84   4.970459461212158
85   4.6763691902160645
86   4.6527605056762695
87   3.4733054637908936
88   4.399526119232178
89   4.64495849609375
90   4.036090850830078
91   4.706901550292969
92   3.6053781509399414
93   3.589427947998047
94   4.448940753936768
95   5.7105937004089355
96   4.733272552490234
97   4.596118450164795
98   5.0753560066223145
99   4.632254123687744
100   4.497704029083252
101   4.78002405166626
102   5.473959922790527
103   3.4795095920562744
104   4.000402450561523
105   4.868913650512695
106   4.453181743621826
107   5.722179412841797
108   5.086327075958252
109   4.878332614898682
110   5.821705341339111
111   4.110026836395264
112   4.3205246925354
113   5.1305317878723145
114   5.099210262298584
115   4.583281993865967
116   6.376634120941162
117   5.36135721206665
118   4.576792240142822
119   5.435811996459961
120   5.4014892578125
121   5.533267021179199
122   5.865644931793213
123   5.980227470397949
124   5.76223087310791
125   5.948543071746826
126   5.6211934089660645
127   5.202841281890869
128   5.6250319480896
129   4.837223529815674
130   5.278207302093506
131   5.860555648803711
132   4.754687786102295
133   5.3660736083984375
134   5.332533836364746
135   4.890851974487305
136   5.797902584075928
137   5.607812881469727
138   5.917242050170898
139   4.797176837921143
140   4.4225850105285645
141   4.643069267272949
142   5.746160984039307
143   5.823252201080322
144   5.5424065589904785
145   6.14267110824585
146   6.06516170501709
147   4.336411952972412
148   3.9710440635681152
149   5.482523441314697
150   4.061793804168701
151   4.3533196449279785
152   3.7688629627227783
153   3.5635273456573486
154   4.966460227966309
155   4.296929836273193
156   4.282536506652832
157   3.8448486328125
158   4.719237327575684
159   4.160740375518799
160   4.613609313964844
