1   1.8557111024856567
2   1.8219616413116455
3   2.092095136642456
4   1.9517635107040405
5   1.8677265644073486
6   2.2174301147460938
7   2.0189132690429688
8   2.2783472537994385
9   1.9480962753295898
10   1.9658352136611938
11   2.0948638916015625
12   1.9025293588638306
13   1.8087996244430542
14   1.6990209817886353
15   1.8404467105865479
16   1.952267050743103
17   2.1341049671173096
18   2.2012081146240234
19   1.908705472946167
20   2.073594093322754
21   1.9365110397338867
22   2.047577142715454
23   2.024585247039795
24   1.6880507469177246
25   2.2102160453796387
26   1.849260687828064
27   2.069964647293091
28   1.9479461908340454
29   2.2458765506744385
30   2.2553091049194336
31   2.082186698913574
32   2.3435988426208496
33   1.805643081665039
34   1.5219942331314087
35   1.87822425365448
36   1.9549167156219482
37   2.1084017753601074
38   1.878462314605713
39   1.9127135276794434
40   2.1683576107025146
41   1.9766064882278442
42   1.6231173276901245
43   2.6584677696228027
44   2.3419029712677
45   1.9156053066253662
46   2.1867785453796387
47   2.175863027572632
48   2.374215602874756
49   2.6067841053009033
50   3.081134796142578
51   2.0599684715270996
52   2.1092348098754883
53   2.006884813308716
54   2.509591817855835
55   2.2637734413146973
56   2.009779930114746
57   1.940029501914978
58   2.1586568355560303
59   1.9507083892822266
60   2.120121955871582
61   2.5208587646484375
62   2.4518086910247803
63   2.3008384704589844
64   2.153496026992798
65   1.8149019479751587
66   2.1105289459228516
67   2.940070390701294
68   1.7312006950378418
69   1.8060766458511353
70   2.260068416595459
71   2.356001138687134
72   1.7886837720870972
73   1.981675386428833
74   1.9687883853912354
75   1.8987492322921753
76   2.4990856647491455
77   2.3167781829833984
78   1.8196059465408325
79   1.8778972625732422
80   2.0167236328125
81   1.7691527605056763
82   2.100874662399292
83   2.3840925693511963
84   2.1087281703948975
85   1.7442015409469604
86   1.646494746208191
87   1.709725260734558
88   1.7981568574905396
89   1.9470348358154297
90   2.0813581943511963
91   2.018367052078247
92   1.5687355995178223
93   1.7309075593948364
94   1.923213005065918
95   1.8608553409576416
96   2.0485758781433105
97   2.3792524337768555
98   2.2795066833496094
99   1.782677173614502
100   1.9666320085525513
101   2.1179206371307373
102   1.864416480064392
103   2.001535415649414
104   1.9737175703048706
105   1.712891936302185
106   1.9185429811477661
107   1.941552758216858
108   1.8833532333374023
109   1.968833327293396
110   2.2646257877349854
111   2.437204599380493
112   2.100034236907959
113   2.2129414081573486
114   1.7586568593978882
115   1.8209924697875977
116   1.7685657739639282
117   2.0291929244995117
118   1.728731393814087
119   2.2446274757385254
120   2.0599708557128906
121   2.0758819580078125
122   1.9019134044647217
123   1.9438387155532837
124   1.8532540798187256
125   1.86376953125
126   1.8369921445846558
127   2.3017780780792236
128   1.8894877433776855
129   1.9220008850097656
130   1.99215829372406
131   1.7068935632705688
132   2.0301449298858643
133   2.2532317638397217
134   2.3917064666748047
135   2.29953670501709
136   1.9303597211837769
137   2.0933327674865723
138   2.0198252201080322
139   2.0028913021087646
140   1.963645577430725
141   2.1560590267181396
142   1.9929462671279907
143   1.9964182376861572
144   1.8241056203842163
145   1.6827338933944702
146   1.8955081701278687
147   1.988656997680664
148   1.8824702501296997
149   2.067781448364258
150   2.0372748374938965
151   1.8546422719955444
152   2.2138280868530273
153   1.9497463703155518
154   2.112302303314209
155   2.2785146236419678
156   1.888075351715088
157   1.729244589805603
158   2.166323184967041
159   1.9413142204284668
160   1.9249663352966309
