1   2.009756565093994
2   1.9544874429702759
3   2.106619358062744
4   2.1368134021759033
5   1.9980206489562988
6   2.41666579246521
7   2.3127830028533936
8   2.6706583499908447
9   2.246283531188965
10   2.1126294136047363
11   2.240304708480835
12   2.0868642330169678
13   2.2342259883880615
14   1.9959025382995605
15   1.9827148914337158
16   2.225250720977783
17   2.2086501121520996
18   2.231060028076172
19   2.2445170879364014
20   2.1669750213623047
21   2.1808407306671143
22   2.2290585041046143
23   2.1293530464172363
24   1.9000749588012695
25   2.400301218032837
26   2.1647567749023438
27   2.237043619155884
28   2.1484060287475586
29   2.314969301223755
30   2.2838826179504395
31   2.2681021690368652
32   2.5432472229003906
33   2.085005760192871
34   1.8155879974365234
35   2.0828909873962402
36   2.188413381576538
37   2.200991153717041
38   2.129770278930664
39   2.07917857170105
40   2.250278949737549
41   2.2173736095428467
42   1.8359013795852661
43   2.7151825428009033
44   2.4316749572753906
45   2.069871187210083
46   2.3144776821136475
47   2.4284486770629883
48   2.490544557571411
49   2.6500487327575684
50   3.1581621170043945
51   2.24749493598938
52   2.227890968322754
53   2.127488851547241
54   2.56645131111145
55   2.3843657970428467
56   2.259340524673462
57   2.1456634998321533
58   2.316675901412964
59   2.229775905609131
60   2.4026453495025635
61   2.6735706329345703
62   2.6863064765930176
63   2.4642865657806396
64   2.409695863723755
65   2.0848095417022705
66   2.4143455028533936
67   3.0112173557281494
68   2.0913939476013184
69   2.156639575958252
70   2.4903926849365234
71   2.4566915035247803
72   1.9892935752868652
73   2.0404882431030273
74   2.191417932510376
75   2.015329599380493
76   2.6820785999298096
77   2.3981471061706543
78   2.0070128440856934
79   2.0996530055999756
80   2.1753809452056885
81   2.048698902130127
82   2.280338764190674
83   2.5327837467193604
84   2.2177836894989014
85   2.0314183235168457
86   1.7448620796203613
87   1.8488118648529053
88   1.9377630949020386
89   2.0855138301849365
90   2.081392526626587
91   2.121558666229248
92   1.7579026222229004
93   1.8708864450454712
94   2.0573582649230957
95   2.1259140968322754
96   2.29048752784729
97   2.4962456226348877
98   2.3977484703063965
99   1.9266889095306396
100   2.1741511821746826
101   2.296503782272339
102   1.9722703695297241
103   2.070667028427124
104   2.095364570617676
105   1.9281162023544312
106   2.066484212875366
107   2.079249143600464
108   1.9992234706878662
109   2.1934874057769775
110   2.3051793575286865
111   2.5236527919769287
112   2.1824328899383545
113   2.2410144805908203
114   1.8764697313308716
115   1.9675633907318115
116   1.8554071187973022
117   2.0934391021728516
118   1.7735888957977295
119   2.257866144180298
120   2.2463526725769043
121   2.2125847339630127
122   2.1710195541381836
123   2.155092239379883
124   2.01076078414917
125   1.9628561735153198
126   1.9193933010101318
127   2.3702030181884766
128   1.8740062713623047
129   1.9862768650054932
130   2.2147457599639893
131   1.7085312604904175
132   2.055373191833496
133   2.245457649230957
134   2.479045867919922
135   2.1886587142944336
136   2.2312629222869873
137   2.2640089988708496
138   2.1361491680145264
139   2.060575008392334
140   2.168653964996338
141   2.211301803588867
142   2.097621202468872
143   2.077763795852661
144   1.7975921630859375
145   1.8074312210083008
146   2.014626979827881
147   2.0407397747039795
148   1.9188075065612793
149   2.2085020542144775
150   2.119311809539795
151   1.9073729515075684
152   2.2228221893310547
153   1.9190053939819336
154   2.1106772422790527
155   2.193523645401001
156   1.9920618534088135
157   1.899872899055481
158   2.154728889465332
159   1.9092925786972046
160   2.009788990020752
