1   0.8567607402801514
2   1.0865578651428223
3   0.9378300309181213
4   0.8887128829956055
5   1.2731906175613403
6   0.9912500381469727
7   0.8414573073387146
8   1.0831615924835205
9   1.2848875522613525
10   1.1758049726486206
11   0.9129453301429749
12   0.8188929557800293
13   1.2306499481201172
14   1.251638650894165
15   1.3761036396026611
16   1.0088093280792236
17   1.1294200420379639
18   1.4527314901351929
19   0.9732043147087097
20   0.761876106262207
21   1.0135905742645264
22   0.9596142172813416
23   1.40486741065979
24   0.8191561102867126
25   1.4064445495605469
26   1.0958341360092163
27   1.74405038356781
28   1.1804380416870117
29   1.0842193365097046
30   1.2588611841201782
31   1.2831950187683105
32   1.331417441368103
33   1.5199791193008423
34   1.7224780321121216
35   1.2583541870117188
36   1.8337234258651733
37   1.545322060585022
38   1.203189492225647
39   1.1297355890274048
40   1.1300208568572998
41   1.1466985940933228
42   1.188208818435669
43   0.858405590057373
44   1.092594861984253
45   0.9565628170967102
46   0.8544427156448364
47   0.975692868232727
48   1.2921301126480103
49   1.4566895961761475
50   1.4026000499725342
51   1.0936040878295898
52   0.9199638962745667
53   1.4358186721801758
54   1.27556312084198
55   1.220108151435852
56   1.1563503742218018
57   1.2279516458511353
58   1.1503312587738037
59   2.1082406044006348
60   1.2408390045166016
61   1.9409929513931274
62   1.6572635173797607
63   2.242917060852051
64   1.8771836757659912
65   1.0606577396392822
66   1.9325034618377686
67   1.4778112173080444
68   1.841849684715271
69   2.30346941947937
70   1.2959425449371338
71   0.994005024433136
72   1.6627036333084106
73   1.5201691389083862
74   1.3968610763549805
75   1.3454883098602295
76   1.0656203031539917
77   0.941647469997406
78   1.3184642791748047
79   1.4918445348739624
80   1.1430429220199585
81   1.706403136253357
82   1.0461931228637695
83   1.1242821216583252
84   1.0823898315429688
85   1.2671589851379395
86   1.1003931760787964
87   1.1977821588516235
88   1.5055733919143677
89   1.5695977210998535
90   1.75566828250885
91   1.527571439743042
92   1.5593345165252686
93   1.3887332677841187
94   1.7623035907745361
95   1.8678369522094727
96   1.6350910663604736
97   1.093841314315796
98   1.1796257495880127
99   1.2062976360321045
100   1.6566388607025146
101   1.4166276454925537
102   1.5940113067626953
103   1.4068189859390259
104   1.460715413093567
105   1.164976954460144
106   1.1114833354949951
107   1.3585257530212402
108   1.4626758098602295
109   1.4547176361083984
110   1.3147884607315063
111   1.2109248638153076
112   1.3493708372116089
113   1.6823856830596924
114   1.4506916999816895
115   0.8393036127090454
116   0.8799821734428406
117   1.2610909938812256
118   1.387679934501648
119   1.1290920972824097
120   1.011082649230957
121   1.5243242979049683
122   1.3811784982681274
123   1.5901806354522705
124   1.2231357097625732
125   1.2086669206619263
126   0.9034919142723083
127   0.7199844121932983
128   1.1888362169265747
129   1.2780424356460571
130   0.9803738594055176
131   1.7395035028457642
132   0.9846825003623962
133   0.742059051990509
134   1.0491304397583008
135   1.2548060417175293
136   1.2773934602737427
137   0.9142495393753052
138   1.1220781803131104
139   0.9524691104888916
140   1.3011109828948975
141   1.1242812871932983
142   1.036807894706726
143   0.8817355632781982
144   0.8623051643371582
145   0.8228743672370911
146   1.2205402851104736
147   1.090641975402832
148   0.7766801118850708
149   0.8621782064437866
150   1.2950891256332397
151   0.8287991881370544
152   1.1241909265518188
153   1.135916829109192
154   0.9469350576400757
155   0.9960063099861145
156   0.9757636189460754
157   1.0996428728103638
158   1.049599289894104
159   1.2869197130203247
160   0.7724473476409912
161   0.9741028547286987
162   1.1576601266860962
163   1.1209337711334229
164   1.118638038635254
