1   4.173102378845215
2   5.027127742767334
3   3.833563804626465
4   3.1719870567321777
5   4.252128601074219
6   4.42884635925293
7   4.179970741271973
8   4.119503021240234
9   4.8693718910217285
10   4.62525749206543
11   5.045673847198486
12   4.728248119354248
13   4.931606769561768
14   4.9966721534729
15   3.6164186000823975
16   5.177134990692139
17   4.08221435546875
18   5.596614360809326
19   4.081253528594971
20   4.306873321533203
21   5.539843559265137
22   3.39982008934021
23   3.6815993785858154
24   4.590588092803955
25   4.681759357452393
26   3.227526903152466
27   3.2148287296295166
28   3.301152467727661
29   3.075164794921875
30   3.466395616531372
31   4.5828537940979
32   4.208114147186279
33   3.9923503398895264
34   3.405202865600586
35   4.87330436706543
36   4.258412837982178
37   3.8222367763519287
38   3.5145468711853027
39   3.510798931121826
40   4.192060470581055
41   4.2872209548950195
42   4.1037516593933105
43   4.253398895263672
44   3.389065980911255
45   4.0890092849731445
46   5.00888204574585
47   4.56093168258667
48   3.0746450424194336
49   3.410834550857544
50   3.6654555797576904
51   3.6086251735687256
52   4.525573253631592
53   4.292678356170654
54   4.145451545715332
55   3.616518974304199
56   4.190888404846191
57   3.6450560092926025
58   4.332554340362549
59   3.183589220046997
60   3.6952223777770996
61   3.9547533988952637
62   4.235191345214844
63   4.68212366104126
64   4.6361799240112305
65   4.242620468139648
66   4.522187232971191
67   4.067573547363281
68   3.824854850769043
69   2.857043981552124
70   3.920353651046753
71   4.493433952331543
72   3.5502805709838867
73   3.5363378524780273
74   3.4015979766845703
75   3.631258726119995
76   3.645030975341797
77   3.354729652404785
78   2.900425434112549
79   3.5827269554138184
80   5.343551158905029
81   3.6843531131744385
82   4.570001125335693
83   4.7278056144714355
84   4.394776821136475
85   3.7491977214813232
86   4.387570858001709
87   4.404219627380371
88   4.08036470413208
89   4.002137660980225
90   3.5153143405914307
91   4.32536506652832
92   4.549088478088379
93   4.680235385894775
94   4.2303290367126465
95   4.07315731048584
96   3.298032522201538
97   3.8268754482269287
98   3.8094849586486816
99   4.1837358474731445
100   2.5084035396575928
101   3.280733585357666
102   4.0600080490112305
103   4.486402988433838
104   4.903642654418945
105   4.513662815093994
106   4.505967140197754
107   4.180549621582031
108   4.020802021026611
109   4.501542568206787
110   4.967648029327393
111   5.197497844696045
112   5.281312942504883
113   4.254004001617432
114   5.430046081542969
115   5.400251865386963
116   4.571974277496338
117   5.062672138214111
118   5.3094329833984375
119   4.817911624908447
120   4.2205657958984375
121   3.520484685897827
122   3.9790940284729004
123   4.341745853424072
124   4.879922866821289
125   4.933589458465576
126   6.020657062530518
127   6.1993584632873535
128   4.28362512588501
129   3.0674428939819336
130   4.53529691696167
131   3.5044913291931152
132   3.9482996463775635
133   4.53272819519043
134   4.560257434844971
135   4.799151420593262
136   5.055812835693359
137   6.043515205383301
138   5.621633052825928
139   5.858881950378418
140   5.569385051727295
141   5.016149997711182
142   5.109620571136475
143   5.458726406097412
144   4.438798904418945
145   3.9782907962799072
146   5.621220111846924
147   5.7260541915893555
148   5.481556415557861
149   3.804516315460205
150   4.99428653717041
151   4.862981796264648
152   5.897658348083496
153   4.570733547210693
154   4.335418701171875
155   5.141894340515137
156   4.8518266677856445
157   3.327545166015625
158   3.824448585510254
159   3.582204818725586
160   4.1950201988220215
161   3.5896923542022705
162   3.8622519969940186
163   3.776433229446411
164   3.9120242595672607
