1   1.7314825057983398
2   1.961800217628479
3   2.1008546352386475
4   2.043647527694702
5   1.9679081439971924
6   1.9466806650161743
7   1.937971591949463
8   1.832021713256836
9   2.025677442550659
10   1.8490129709243774
11   1.9941010475158691
12   1.7269668579101563
13   1.5248181819915771
14   1.8637111186981201
15   1.6814372539520264
16   1.9459774494171143
17   2.0481486320495605
18   1.751984715461731
19   1.679570198059082
20   1.9061516523361206
21   1.759706974029541
22   1.6322438716888428
23   2.0845108032226563
24   1.9114763736724854
25   1.9453520774841309
26   2.2754664421081543
27   1.8109925985336304
28   2.0163514614105225
29   1.9161854982376099
30   2.1898887157440186
31   2.1388003826141357
32   2.1456809043884277
33   2.3616697788238525
34   2.336456537246704
35   2.244555711746216
36   2.5447030067443848
37   2.2003087997436523
38   2.4329946041107178
39   1.9650678634643555
40   1.8943628072738647
41   2.1055166721343994
42   2.1667425632476807
43   1.7760908603668213
44   2.2488853931427
45   1.929621696472168
46   1.7649730443954468
47   1.8614341020584106
48   2.349073648452759
49   2.6733291149139404
50   2.1686935424804688
51   1.9757016897201538
52   1.953730821609497
53   1.7883257865905762
54   2.0910990238189697
55   1.8377920389175415
56   1.6726503372192383
57   1.5545663833618164
58   1.3763478994369507
59   2.1564741134643555
60   1.7303040027618408
61   2.2418196201324463
62   2.489039182662964
63   2.4050838947296143
64   1.9422619342803955
65   2.075881242752075
66   2.3173348903656006
67   2.2928314208984375
68   2.15873646736145
69   2.5673203468322754
70   2.287724018096924
71   1.9744071960449219
72   2.170788288116455
73   1.8590608835220337
74   1.8025399446487427
75   2.016899347305298
76   2.019285202026367
77   2.052846908569336
78   1.9559630155563354
79   2.3642735481262207
80   1.8084123134613037
81   2.4499917030334473
82   2.192483901977539
83   2.0424325466156006
84   2.0365002155303955
85   2.20211124420166
86   2.119248390197754
87   1.9814095497131348
88   2.1487724781036377
89   2.3785622119903564
90   2.421769857406616
91   2.3197338581085205
92   1.9072461128234863
93   1.922886848449707
94   2.4631826877593994
95   2.6261587142944336
96   2.4584264755249023
97   2.0341222286224365
98   2.169857978820801
99   1.7043370008468628
100   2.355466842651367
101   2.402602195739746
102   2.265028476715088
103   2.4391324520111084
104   2.5560550689697266
105   1.818105936050415
106   2.060920238494873
107   2.2063052654266357
108   1.7823742628097534
109   1.7000600099563599
110   2.422612190246582
111   1.646419882774353
112   2.320842742919922
113   2.291677713394165
114   1.9693992137908936
115   2.3638722896575928
116   2.515556573867798
117   2.548330783843994
118   2.979595899581909
119   2.679943561553955
120   2.762054204940796
121   3.3381505012512207
122   2.889692783355713
123   3.125098705291748
124   2.2708075046539307
125   2.1866097450256348
126   2.189898729324341
127   1.9755998849868774
128   2.0789923667907715
129   2.6788527965545654
130   2.0706090927124023
131   2.6144580841064453
132   1.946653127670288
133   2.0436229705810547
134   2.028202533721924
135   2.066640853881836
136   2.0552918910980225
137   1.5804122686386108
138   1.6911377906799316
139   1.891080617904663
140   2.427983522415161
141   1.9689311981201172
142   1.909796118736267
143   1.6088987588882446
144   1.9450074434280396
145   2.19044828414917
146   2.1427178382873535
147   1.9434361457824707
148   1.8864891529083252
149   1.5637176036834717
150   2.070152521133423
151   1.8437354564666748
152   2.380648374557495
153   2.0621254444122314
154   2.622467279434204
155   2.0269644260406494
156   1.6077216863632202
157   2.094078779220581
158   1.9019560813903809
159   2.2409253120422363
160   1.9921159744262695
161   2.100829839706421
162   2.1608760356903076
163   2.277830123901367
164   1.8909435272216797
