1   1.2034155130386353
2   1.036023497581482
3   1.1026986837387085
4   1.0492216348648071
5   0.8998278379440308
6   1.0662944316864014
7   0.9761837720870972
8   0.8820660710334778
9   1.008687973022461
10   1.0163402557373047
11   0.9767937064170837
12   1.0222856998443604
13   0.9978865385055542
14   1.2296727895736694
15   1.0458061695098877
16   1.0537937879562378
17   1.053208589553833
18   0.8077712655067444
19   1.019120693206787
20   0.975944995880127
21   1.1097363233566284
22   1.2738815546035767
23   1.1065456867218018
24   0.9720473885536194
25   1.00171959400177
26   1.0452431440353394
27   0.9106971621513367
28   0.9917638897895813
29   1.3297061920166016
30   0.953795850276947
31   1.106775164604187
32   1.0291292667388916
33   1.1150610446929932
34   1.2300364971160889
35   1.106623888015747
36   1.1677812337875366
37   1.0926939249038696
38   0.8925136923789978
39   0.9179391860961914
40   1.0997190475463867
41   0.9185409545898438
42   0.7937934398651123
43   1.0789562463760376
44   1.181451678276062
45   1.1794829368591309
46   0.951734721660614
47   1.064829707145691
48   0.8598902225494385
49   0.967440664768219
50   0.9887171983718872
51   0.9332132935523987
52   0.9543759226799011
53   1.0892815589904785
54   0.9195574522018433
55   0.9575680494308472
56   1.1535987854003906
57   1.300959825515747
58   1.04194974899292
59   0.9979642033576965
60   1.0646510124206543
61   0.7834336757659912
62   0.92015540599823
63   0.9374301433563232
64   1.0367472171783447
65   1.1344071626663208
66   1.0948901176452637
67   1.060422420501709
68   0.9503636956214905
69   0.9722557663917542
70   0.9668453931808472
71   0.805094301700592
72   0.9912176728248596
73   0.9274807572364807
74   0.9808050394058228
75   1.0383614301681519
76   1.1830799579620361
77   0.9175158143043518
78   0.910525381565094
79   0.9687681794166565
80   1.0033198595046997
81   1.1553016901016235
82   0.8182083964347839
83   0.9550736546516418
84   0.9590132832527161
85   0.8871350884437561
86   1.0449281930923462
87   1.0037429332733154
88   0.8756483793258667
89   0.8649254441261292
90   0.8618261814117432
91   0.86732017993927
92   0.921710193157196
93   1.002332091331482
94   1.2201358079910278
95   1.0889532566070557
96   1.1265870332717896
97   0.9205761551856995
98   0.9977846741676331
99   0.8614090085029602
100   1.0079344511032104
101   0.9447798728942871
102   1.0852638483047485
103   1.1359765529632568
104   0.989372968673706
105   1.246585726737976
106   1.1227946281433105
107   1.079540491104126
108   1.068365454673767
109   1.252010703086853
110   1.0077049732208252
111   0.9580779671669006
112   1.2662498950958252
113   1.0556260347366333
114   0.9496259093284607
115   1.0174510478973389
116   1.1697553396224976
117   0.9662535190582275
118   0.8572719097137451
119   1.0251505374908447
120   0.9941745400428772
121   0.8691485524177551
122   1.1205531358718872
123   0.9893792867660522
124   1.1525474786758423
125   1.1414273977279663
126   0.9070720672607422
127   1.0018081665039063
128   0.9195603132247925
129   1.0333187580108643
130   0.9332603216171265
131   0.9549041986465454
132   1.0494933128356934
133   1.017169713973999
134   1.0214731693267822
135   0.9853209853172302
136   1.1083135604858398
137   0.9507847428321838
138   1.0750446319580078
139   0.9307641386985779
140   1.0974748134613037
141   0.8627031445503235
142   1.1327592134475708
143   1.021592378616333
144   1.2681137323379517
145   0.9432839155197144
146   1.077736496925354
147   1.0331851243972778
148   0.8771014213562012
149   1.009830117225647
150   1.012526035308838
151   0.9239023923873901
152   0.9242120385169983
153   0.8442694544792175
154   0.963789165019989
155   1.0127054452896118
156   1.1498522758483887
157   1.0062593221664429
158   0.9187325835227966
159   0.8974697589874268
160   0.9420162439346313
