1   3.046356678009033
2   2.3152318000793457
3   2.7602386474609375
4   2.4675278663635254
5   3.148498296737671
6   2.525526523590088
7   2.2675437927246094
8   2.5076186656951904
9   2.4996790885925293
10   2.694021224975586
11   2.321308135986328
12   2.587552309036255
13   2.286775827407837
14   2.139420986175537
15   2.1366448402404785
16   2.6779181957244873
17   2.688185930252075
18   2.4857337474823
19   2.3550922870635986
20   2.2213780879974365
21   2.4976212978363037
22   2.09617018699646
23   2.451592445373535
24   2.14172625541687
25   2.376934289932251
26   2.359846353530884
27   2.7994022369384766
28   2.5376572608947754
29   2.4993202686309814
30   2.1966207027435303
31   2.1466357707977295
32   2.3930845260620117
33   2.315392255783081
34   2.5365419387817383
35   2.431908369064331
36   2.5657336711883545
37   2.4978389739990234
38   2.309824228286743
39   2.540055751800537
40   2.6562376022338867
41   2.695998191833496
42   2.6748223304748535
43   2.833451986312866
44   3.020530939102173
45   2.559324026107788
46   2.4953720569610596
47   2.8066091537475586
48   2.5177533626556396
49   2.4234976768493652
50   2.5102434158325195
51   2.706341028213501
52   2.338355302810669
53   2.478632926940918
54   2.6751415729522705
55   2.5184407234191895
56   2.7410738468170166
57   3.216419219970703
58   2.756387948989868
59   2.7972662448883057
60   3.061126470565796
61   2.5260281562805176
62   2.2755508422851563
63   2.1758227348327637
64   2.474210739135742
65   2.075535297393799
66   2.253690719604492
67   2.5544629096984863
68   2.8473072052001953
69   2.7771339416503906
70   2.0119845867156982
71   2.029768228530884
72   2.4678773880004883
73   2.667860984802246
74   2.720123291015625
75   2.427438497543335
76   2.4187965393066406
77   2.612375259399414
78   2.522152900695801
79   2.4125900268554688
80   2.4083495140075684
81   2.407214879989624
82   2.21138334274292
83   2.7149133682250977
84   3.0518627166748047
85   2.563314199447632
86   2.5347745418548584
87   2.310969352722168
88   2.5953147411346436
89   2.1818628311157227
90   2.806983232498169
91   2.7371644973754883
92   2.6500422954559326
93   2.4723362922668457
94   2.6804492473602295
95   2.3990159034729004
96   2.5473265647888184
97   2.7664544582366943
98   2.8687314987182617
99   2.906174421310425
100   2.66031813621521
101   3.0608277320861816
102   2.7293946743011475
103   2.793245792388916
104   2.816589117050171
105   2.393613576889038
106   2.5971689224243164
107   2.6677253246307373
108   2.6726949214935303
109   2.850019931793213
110   2.7020251750946045
111   2.912592649459839
112   3.06744384765625
113   2.9295780658721924
114   2.4945571422576904
115   2.432753324508667
116   3.0772337913513184
117   2.202071189880371
118   2.365802764892578
119   2.327794075012207
120   2.560626983642578
121   2.7888941764831543
122   2.413133144378662
123   2.338780641555786
124   2.5136172771453857
125   2.7149507999420166
126   2.6134033203125
127   2.7876482009887695
128   2.585331678390503
129   2.6835310459136963
130   2.624119997024536
131   2.5675227642059326
132   2.3289456367492676
133   2.9502322673797607
134   2.902362585067749
135   2.6437222957611084
136   2.258047342300415
137   2.3473403453826904
138   2.4064667224884033
139   2.114952802658081
140   2.143779993057251
141   1.9484108686447144
142   2.2220518589019775
143   2.2828657627105713
144   2.610241413116455
145   2.4547202587127686
146   1.9842013120651245
147   2.5468695163726807
148   2.0774996280670166
149   2.457376003265381
150   2.5672950744628906
151   2.2197062969207764
152   2.3911826610565186
153   2.4186675548553467
154   2.559051036834717
155   2.6413357257843018
156   2.4760427474975586
157   2.3057217597961426
158   2.4796292781829834
159   2.8535943031311035
160   2.4764418601989746
