0   0.0
1   0.23336085677146912
2   0.25471746921539307
3   0.2432047426700592
4   0.1881175935268402
5   0.16016030311584473
6   0.1676321178674698
7   0.13535350561141968
8   0.17080780863761902
9   0.24818246066570282
10   0.3528423607349396
11   0.44653213024139404
12   0.5279871225357056
13   0.587104856967926
14   0.8668690919876099
15   1.5918217897415161
16   1.8271058797836304
17   0.8690279722213745
18   1.879860758781433
19   4.022853374481201
20   2.9400217533111572
21   2.103074789047241
22   2.286928415298462
23   2.075288772583008
24   2.5879998207092285
25   1.9470598697662354
26   1.742431879043579
27   1.6825884580612183
28   1.8431648015975952
29   2.3219494819641113
30   1.21031653881073
31   2.169149160385132
32   1.5233598947525024
33   2.0821452140808105
34   1.5084587335586548
35   2.3431313037872314
36   2.0034024715423584
37   1.5754735469818115
38   1.938488483428955
39   1.1354331970214844
40   2.2546451091766357
41   1.5857021808624268
42   1.1344406604766846
43   1.1012040376663208
44   1.9494576454162598
45   1.7651950120925903
46   0.947467565536499
47   0.3100641667842865
48   1.5836738348007202
49   1.8856362104415894
50   1.8136279582977295
51   1.7096893787384033
52   1.7150441408157349
53   1.3466167449951172
54   1.2312191724777222
55   1.5160471200942993
56   1.5310972929000854
57   2.618788480758667
58   1.9540988206863403
59   1.9299973249435425
60   1.6407225131988525
61   1.4536155462265015
62   1.9016672372817993
63   1.6854887008666992
64   1.8749383687973022
65   1.3733694553375244
66   1.7678098678588867
67   2.2697064876556396
68   1.88719642162323
69   2.1056087017059326
70   2.222860097885132
71   1.9941823482513428
72   1.247314691543579
73   2.3416404724121094
74   1.3396000862121582
75   2.939129114151001
76   1.6716809272766113
77   2.0107760429382324
78   3.984165668487549
79   3.6512296199798584
80   1.920630931854248
81   3.1643474102020264
82   4.302706241607666
83   4.456441879272461
84   2.3995845317840576
85   1.795039415359497
86   2.0306015014648438
87   2.1832528114318848
88   2.6118364334106445
89   2.1808130741119385
90   2.1642332077026367
91   2.0756213665008545
92   2.087568521499634
93   2.787947177886963
94   2.9963130950927734
95   1.7073204517364502
96   1.7045561075210571
97   2.167311668395996
98   1.3914620876312256
99   1.9265626668930054
100   1.5077178478240967
101   2.273897409439087
102   1.4841384887695313
103   2.351532459259033
104   2.17708158493042
105   1.509014368057251
106   2.1627707481384277
107   1.2040281295776367
108   1.8591995239257813
109   1.6423532962799072
110   1.0591896772384644
111   1.5001968145370483
112   2.031108856201172
113   1.3416281938552856
114   2.2421321868896484
115   1.99925696849823
116   1.7296245098114014
117   2.6217501163482666
118   2.846088409423828
119   1.6852887868881226
120   2.0314719676971436
121   1.446734070777893
122   2.0861010551452637
123   3.587568998336792
124   1.4139418601989746
125   0.6737149953842163
126   1.3461041450500488
127   2.5500247478485107
128   2.7368290424346924
129   2.337510585784912
130   2.1262319087982178
131   2.3522377014160156
132   2.8562679290771484
133   1.865416407585144
134   2.480457305908203
135   2.087399482727051
136   2.126699686050415
137   2.5991504192352295
138   2.064466953277588
139   1.9246848821640015
140   2.463188409805298
141   2.534801483154297
142   1.6186816692352295
143   2.130613088607788
144   2.770345687866211
145   2.3824923038482666
146   1.9341377019882202
147   2.7842442989349365
148   2.0877883434295654
149   1.8736705780029297
150   2.111733913421631
151   2.6591312885284424
152   1.971980333328247
153   2.4056291580200195
154   2.4099550247192383
155   2.0434443950653076
156   2.3026843070983887
157   2.4108383655548096
158   1.688582420349121
159   3.0372817516326904
160   2.205381393432617
161   2.346259593963623
162   2.7106707096099854
163   1.7581366300582886
164   1.6459711790084839
165   2.3719160556793213
166   2.4532241821289063
167   2.446295976638794
168   1.4362796545028687
169   2.641822576522827
170   2.153716802597046
171   2.402294874191284
172   2.414630889892578
173   2.468273401260376
174   2.7556025981903076
175   2.436291456222534
176   1.8705952167510986
177   2.536842107772827
178   2.3503010272979736
179   2.501840591430664
180   2.360846519470215
181   2.0966718196868896
182   1.8269513845443726
183   2.3483927249908447
184   2.667052984237671
185   3.985161542892456
186   3.5815980434417725
187   1.8314497470855713
188   2.359597682952881
189   2.0674426555633545
190   1.4165526628494263
191   2.084486961364746
192   1.8283400535583496
193   1.1697754859924316
194   0.7403095960617065
195   1.8201875686645508
196   1.3339264392852783
197   1.6422556638717651
198   2.0276613235473633
199   2.631396770477295
200   2.435286045074463
201   2.1360576152801514
202   1.6923952102661133
203   2.849189519882202
204   2.605285882949829
205   1.9197689294815063
206   2.207834005355835
207   2.421973705291748
208   1.6406785249710083
209   1.8008229732513428
210   1.6915011405944824
211   1.758180856704712
212   1.7274025678634644
213   1.3778820037841797
