1   1.3354768753051758
2   1.4336376190185547
3   1.6028668880462646
4   1.4220385551452637
5   1.38640296459198
6   1.543541669845581
7   1.2988128662109375
8   1.6776355504989624
9   1.434421181678772
10   1.43095064163208
11   1.7133210897445679
12   1.636726975440979
13   1.582231044769287
14   1.5240514278411865
15   1.4992350339889526
16   1.5699305534362793
17   1.5002853870391846
18   1.4002795219421387
19   1.3134350776672363
20   1.6963025331497192
21   1.5138633251190186
22   1.5927423238754272
23   1.4216190576553345
24   1.4479701519012451
25   1.6595542430877686
26   1.6724454164505005
27   1.6345765590667725
28   1.3983395099639893
29   1.720828890800476
30   1.6156350374221802
31   1.5925569534301758
32   1.3910201787948608
33   1.6653589010238647
34   1.2873746156692505
35   1.6318049430847168
36   1.7566074132919312
37   1.7660971879959106
38   1.6273658275604248
39   1.6317501068115234
40   1.6700266599655151
41   1.6027920246124268
42   1.4780361652374268
43   1.739153265953064
44   1.5662109851837158
45   1.7591543197631836
46   1.28435218334198
47   1.561963438987732
48   1.5913100242614746
49   1.5660614967346191
50   1.7696070671081543
51   1.5738399028778076
52   1.3927174806594849
53   1.4223055839538574
54   1.3455785512924194
55   1.6666291952133179
56   1.5605326890945435
57   1.537164568901062
58   1.4767553806304932
59   1.3990147113800049
60   1.5027010440826416
61   1.5654575824737549
62   1.5277340412139893
63   1.5890508890151978
64   1.5106089115142822
65   1.4816253185272217
66   1.5235223770141602
67   1.5429589748382568
68   1.5161131620407104
69   1.43475341796875
70   1.3726279735565186
71   1.4911893606185913
72   1.5421475172042847
73   1.5979076623916626
74   1.5965887308120728
75   1.4225934743881226
76   1.5280085802078247
77   1.429251790046692
78   1.3842438459396362
79   1.4838417768478394
80   1.3638728857040405
81   1.3977559804916382
82   1.474851131439209
83   1.4772093296051025
84   1.3927860260009766
85   1.3258309364318848
86   1.4825361967086792
87   1.4952563047409058
88   1.3751468658447266
89   1.4038242101669312
90   1.429335117340088
91   1.491100549697876
92   1.6315652132034302
93   1.5262433290481567
94   1.4745579957962036
95   1.4110925197601318
96   1.6536566019058228
97   1.4816222190856934
98   1.6018716096878052
99   1.603732943534851
100   1.709740400314331
101   1.6244295835494995
102   1.5130939483642578
103   1.504954218864441
104   1.5212494134902954
105   1.5359253883361816
106   1.7930431365966797
107   1.4759691953659058
108   1.5627059936523438
109   1.6607270240783691
110   1.523856520652771
111   1.4774665832519531
112   1.3841264247894287
113   1.4515658617019653
114   1.6195166110992432
115   1.5080015659332275
116   1.554549217224121
117   1.514647364616394
118   1.4871271848678589
119   1.435717225074768
120   1.5471240282058716
121   1.306408166885376
122   1.446373462677002
123   1.5345412492752075
124   1.5535733699798584
125   1.4440621137619019
126   1.7061724662780762
127   1.5387364625930786
128   1.4186285734176636
129   1.4070616960525513
130   1.418175458908081
131   1.5143157243728638
132   1.592907190322876
133   1.6085577011108398
134   1.7069318294525146
135   1.5899085998535156
136   1.4064754247665405
137   1.6653469800949097
138   1.6330419778823853
139   1.6163930892944336
140   1.4626421928405762
141   1.4720838069915771
142   1.5284677743911743
143   1.4187124967575073
144   1.5306155681610107
145   1.377506971359253
146   1.4890213012695313
147   1.5566387176513672
148   1.4714049100875854
149   1.5093860626220703
150   1.6077723503112793
151   1.5497850179672241
152   1.691999077796936
153   1.3723516464233398
154   1.3904541730880737
155   1.696859359741211
156   1.676554799079895
157   1.6559531688690186
158   1.476084589958191
159   1.3600094318389893
160   1.4615399837493896
