1   2.060415267944336
2   1.6940021514892578
3   1.5180217027664185
4   1.355769157409668
5   1.5662492513656616
6   1.5035053491592407
7   1.4932434558868408
8   1.680012583732605
9   1.7587096691131592
10   1.5971453189849854
11   1.417197585105896
12   1.628093957901001
13   1.4574912786483765
14   1.5825910568237305
15   1.4291623830795288
16   1.831281065940857
17   1.6488479375839233
18   1.545615792274475
19   1.6332638263702393
20   1.7225250005722046
21   2.211472988128662
22   1.6238361597061157
23   1.6203124523162842
24   1.6683036088943481
25   2.0395405292510986
26   1.882485270500183
27   1.5924104452133179
28   2.3814141750335693
29   1.6250666379928589
30   1.95929753780365
31   1.5932923555374146
32   1.7031147480010986
33   1.5258582830429077
34   2.006420135498047
35   1.4660300016403198
36   1.6944020986557007
37   1.5023194551467896
38   1.5875712633132935
39   1.668747067451477
40   1.5370891094207764
41   1.8993651866912842
42   1.7928078174591064
43   1.437793493270874
44   1.799380898475647
45   1.5287857055664063
46   1.5251837968826294
47   1.5587570667266846
48   1.9004175662994385
49   1.6816633939743042
50   1.926781177520752
51   1.7020093202590942
52   1.5503301620483398
53   1.4931472539901733
54   1.7880516052246094
55   1.630979061126709
56   1.7785451412200928
57   2.1101951599121094
58   1.6805131435394287
59   1.4031089544296265
60   1.421386480331421
61   1.8487329483032227
62   1.8178282976150513
63   1.9950015544891357
64   1.7530934810638428
65   1.8878499269485474
66   1.687233567237854
67   1.543649673461914
68   1.8433860540390015
69   1.6709239482879639
70   1.9311702251434326
71   1.9190857410430908
72   1.7680829763412476
73   1.8982641696929932
74   2.047053337097168
75   2.4153220653533936
76   2.257927894592285
77   1.7689852714538574
78   1.738442301750183
79   1.892444133758545
80   2.0446667671203613
81   1.8900752067565918
82   2.1201462745666504
83   2.2752459049224854
84   1.7291713953018188
85   2.320401430130005
86   1.9773615598678589
87   2.2254204750061035
88   2.3347904682159424
89   1.7091695070266724
90   2.073234796524048
91   2.0588455200195313
92   1.3702778816223145
93   1.8966925144195557
94   2.0343289375305176
95   1.9832481145858765
96   1.7414299249649048
97   1.6820465326309204
98   1.723736047744751
99   1.6620731353759766
100   2.0776424407958984
101   1.9328663349151611
102   1.4941784143447876
103   2.1932802200317383
104   1.6722790002822876
105   1.568905234336853
106   1.8381308317184448
107   2.043887138366699
108   2.0900003910064697
109   1.514565348625183
110   1.7370268106460571
111   1.4636578559875488
112   1.6402361392974854
113   1.4390254020690918
114   1.3938883543014526
115   1.351757526397705
116   1.3325893878936768
117   1.6188074350357056
118   1.5150240659713745
119   2.3356220722198486
120   1.6019823551177979
121   1.5429356098175049
122   1.2962781190872192
123   1.8699886798858643
124   1.5712132453918457
125   1.4529322385787964
126   2.1563358306884766
127   1.9166512489318848
128   1.735015630722046
129   1.7843480110168457
130   1.9500633478164673
131   1.9113729000091553
132   2.149278163909912
133   1.570633888244629
134   2.107895851135254
135   1.5769633054733276
136   1.9551693201065063
137   1.9506711959838867
138   2.1975810527801514
139   1.8220305442810059
140   1.359666109085083
141   1.5726994276046753
142   1.3778780698776245
143   1.5544146299362183
144   1.701779842376709
145   1.313167929649353
146   1.312578558921814
147   1.5314350128173828
148   1.791918158531189
149   1.470455527305603
150   1.6032441854476929
151   1.5166354179382324
152   1.4233754873275757
153   1.3804540634155273
154   1.5643409490585327
155   1.311869502067566
156   1.5385442972183228
157   1.6954941749572754
158   1.7437758445739746
159   1.9053730964660645
160   1.7869679927825928
