1   2.092590808868408
2   1.7601585388183594
3   1.4310871362686157
4   1.4011820554733276
5   1.4782556295394897
6   1.571278691291809
7   1.5590500831604004
8   1.7414097785949707
9   1.7843044996261597
10   1.6524244546890259
11   1.3097690343856812
12   1.5135000944137573
13   1.3569856882095337
14   1.4210561513900757
15   1.399747610092163
16   1.7072833776474
17   1.5863193273544312
18   1.3973112106323242
19   1.6758229732513428
20   1.6997181177139282
21   1.95273756980896
22   1.6552895307540894
23   1.496335506439209
24   1.5659258365631104
25   2.0338521003723145
26   1.8993144035339355
27   1.5497899055480957
28   2.1805412769317627
29   1.5050932168960571
30   2.041057825088501
31   1.6309270858764648
32   1.764057993888855
33   1.6302121877670288
34   2.004072666168213
35   1.5111244916915894
36   1.8334029912948608
37   1.5928113460540771
38   1.670278787612915
39   1.6804124116897583
40   1.5756826400756836
41   1.8124175071716309
42   1.6830341815948486
43   1.4060256481170654
44   1.77785062789917
45   1.5774692296981812
46   1.6204522848129272
47   1.597170114517212
48   1.8821688890457153
49   1.652193307876587
50   1.9163745641708374
51   1.7265263795852661
52   1.6484431028366089
53   1.4992939233779907
54   1.7503962516784668
55   1.7975565195083618
56   1.9421123266220093
57   2.0876736640930176
58   1.620255470275879
59   1.4825081825256348
60   1.4202522039413452
61   1.8243050575256348
62   1.830972671508789
63   1.926951289176941
64   1.7973994016647339
65   1.8829492330551147
66   1.7409915924072266
67   1.5863642692565918
68   1.8428438901901245
69   1.849151849746704
70   2.0772790908813477
71   1.9983962774276733
72   1.8614503145217896
73   1.9838733673095703
74   2.1726763248443604
75   2.3096723556518555
76   2.367514133453369
77   1.9329347610473633
78   1.8034578561782837
79   1.9341000318527222
80   2.005746364593506
81   1.9207216501235962
82   2.171224355697632
83   2.25765061378479
84   1.741356372833252
85   2.4089367389678955
86   2.070742607116699
87   2.1281325817108154
88   2.547522783279419
89   1.8469319343566895
90   2.17569899559021
91   2.166127920150757
92   1.4097909927368164
93   1.9276864528656006
94   2.0967791080474854
95   2.133913040161133
96   1.7288410663604736
97   1.7147107124328613
98   1.8628039360046387
99   1.6142034530639648
100   2.010714530944824
101   1.9356077909469604
102   1.558198094367981
103   2.1618776321411133
104   1.6559267044067383
105   1.5874446630477905
106   1.7448333501815796
107   2.0217983722686768
108   2.1064698696136475
109   1.5420883893966675
110   1.7537751197814941
111   1.4305620193481445
112   1.7276333570480347
113   1.4304693937301636
114   1.4095066785812378
115   1.400884985923767
116   1.426818609237671
117   1.5616683959960938
118   1.5024750232696533
119   2.3006842136383057
120   1.7216109037399292
121   1.5513019561767578
122   1.332558512687683
123   1.9092144966125488
124   1.6614357233047485
125   1.5872340202331543
126   2.221261978149414
127   1.9946290254592896
128   1.7965091466903687
129   1.9125570058822632
130   1.9515305757522583
131   1.917188048362732
132   2.141306161880493
133   1.7021794319152832
134   2.3126699924468994
135   1.8630367517471313
136   1.9255921840667725
137   1.9545165300369263
138   2.219923734664917
139   1.8066658973693848
140   1.4130609035491943
141   1.4907468557357788
142   1.3467358350753784
143   1.499255657196045
144   1.6248046159744263
145   1.2994418144226074
146   1.3819257020950317
147   1.5928865671157837
148   1.7522143125534058
149   1.3651580810546875
150   1.52598237991333
151   1.5386024713516235
152   1.4725754261016846
153   1.405045509338379
154   1.5035679340362549
155   1.411655306816101
156   1.4570412635803223
157   1.6816157102584839
158   1.7806706428527832
159   1.8271201848983765
160   1.8802717924118042
