1   2.9223270416259766
2   3.536508560180664
3   2.5422182083129883
4   3.3199222087860107
5   2.9940967559814453
6   2.832963466644287
7   2.403916835784912
8   4.157348155975342
9   3.4314873218536377
10   2.545846939086914
11   3.0385210514068604
12   2.5629138946533203
13   2.476284980773926
14   2.35853910446167
15   1.7507954835891724
16   3.5816473960876465
17   3.3906378746032715
18   1.540440559387207
19   3.1994402408599854
20   3.190253496170044
21   1.9484171867370605
22   2.0689313411712646
23   2.0010902881622314
24   2.7141499519348145
25   3.9913370609283447
26   4.234272003173828
27   2.4950404167175293
28   2.6846888065338135
29   3.4663071632385254
30   4.3903093338012695
31   3.9206364154815674
32   2.3545212745666504
33   3.5926566123962402
34   2.368598699569702
35   1.2853726148605347
36   2.2783596515655518
37   3.5864694118499756
38   2.9450457096099854
39   2.3607277870178223
40   1.928982138633728
41   1.5367106199264526
42   3.3667709827423096
43   1.4150278568267822
44   1.847140908241272
45   1.6740528345108032
46   2.0845394134521484
47   1.5196305513381958
48   3.395784378051758
49   3.8989779949188232
50   2.2764434814453125
51   1.3760946989059448
52   2.17154860496521
53   3.5896592140197754
54   2.7146520614624023
55   2.68979549407959
56   2.76658034324646
57   3.8154408931732178
58   3.449936866760254
59   4.858715534210205
60   3.2315542697906494
61   3.3849539756774902
62   3.5172696113586426
63   3.453867197036743
64   2.656708002090454
65   3.1547248363494873
66   3.6002607345581055
67   3.6278514862060547
68   2.8141119480133057
69   2.66920804977417
70   2.5266194343566895
71   3.8304073810577393
72   3.5305073261260986
73   3.220252752304077
74   3.755828619003296
75   4.964099884033203
76   2.7362844944000244
77   2.189481496810913
78   2.443615436553955
79   2.266657829284668
80   3.374187469482422
81   2.7295050621032715
82   2.56036376953125
83   3.449880361557007
84   2.982206106185913
85   2.0919556617736816
86   2.2712466716766357
87   2.084486246109009
88   2.0980050563812256
89   2.751328468322754
90   3.209596872329712
91   2.7477681636810303
92   2.2988686561584473
93   1.8591078519821167
94   2.695341110229492
95   3.6606059074401855
96   2.039727210998535
97   1.959041953086853
98   2.670679807662964
99   2.5080761909484863
100   2.2062087059020996
101   2.8696744441986084
102   1.1841230392456055
103   2.782571315765381
104   3.040398120880127
105   3.00653076171875
106   4.460135459899902
107   4.155805587768555
108   4.207123756408691
109   2.9559333324432373
110   3.2041256427764893
111   2.9879446029663086
112   2.0932044982910156
113   3.0476672649383545
114   2.597994327545166
115   2.9827637672424316
116   3.471412420272827
117   3.969212055206299
118   2.8913114070892334
119   3.838526964187622
120   2.830955743789673
121   4.181729316711426
122   3.793180465698242
123   4.510918140411377
124   3.390035390853882
125   4.326519966125488
126   2.642056703567505
127   3.5968246459960938
128   2.6901421546936035
129   3.3431694507598877
130   3.0223276615142822
131   2.3867733478546143
132   2.4945621490478516
133   2.332731246948242
134   4.527172088623047
135   2.806464910507202
136   4.216906547546387
137   3.2218871116638184
138   3.098480701446533
139   4.751540660858154
140   2.4867899417877197
141   2.9896328449249268
142   2.190113067626953
143   2.9863812923431396
144   4.614833831787109
145   4.78691291809082
146   2.4578287601470947
147   2.5235304832458496
148   2.7749710083007813
149   3.194549083709717
150   3.5339419841766357
151   3.1464240550994873
152   2.8032515048980713
153   1.7409005165100098
154   2.589207410812378
155   2.015815258026123
156   2.371375799179077
157   3.75766921043396
158   3.6393556594848633
159   4.677687168121338
160   2.5722827911376953
161   3.789391279220581
162   2.846761703491211
163   3.3518776893615723
164   4.258929252624512
