1   1.5802841186523438
2   1.818057656288147
3   1.7917665243148804
4   1.611537218093872
5   1.605911135673523
6   1.871902346611023
7   1.4948197603225708
8   1.5258501768112183
9   1.8883713483810425
10   1.7458398342132568
11   1.4930471181869507
12   1.4461530447006226
13   1.5320963859558105
14   1.8131407499313354
15   1.8889790773391724
16   1.6902070045471191
17   1.4744701385498047
18   1.5551445484161377
19   1.4919321537017822
20   1.5512304306030273
21   1.6966986656188965
22   1.491641640663147
23   1.7437140941619873
24   1.497198462486267
25   1.2001389265060425
26   1.9774863719940186
27   1.5188632011413574
28   1.4748847484588623
29   1.3028651475906372
30   1.497231364250183
31   1.4718663692474365
32   1.6420347690582275
33   1.5898663997650146
34   1.4783480167388916
35   1.5252727270126343
36   1.6604180335998535
37   1.3570150136947632
38   1.6605150699615479
39   1.6133779287338257
40   1.679123044013977
41   1.6529287099838257
42   1.3346583843231201
43   1.7980164289474487
44   1.7887078523635864
45   1.9892878532409668
46   1.8192830085754395
47   2.20986270904541
48   1.8315869569778442
49   1.9682427644729614
50   2.0275630950927734
51   1.6908988952636719
52   1.9707026481628418
53   1.7284973859786987
54   1.7761883735656738
55   2.0279581546783447
56   1.7043755054473877
57   1.5074443817138672
58   1.6485800743103027
59   1.2290724515914917
60   1.5830018520355225
61   2.05598521232605
62   1.4760663509368896
63   1.7541285753250122
64   1.4983571767807007
65   1.5321952104568481
66   1.6400648355484009
67   1.533786416053772
68   1.3941854238510132
69   1.4856237173080444
70   1.9353927373886108
71   1.5519723892211914
72   1.3827277421951294
73   1.2727174758911133
74   1.239444375038147
75   2.214094400405884
76   1.592157244682312
77   1.5682384967803955
78   1.8658524751663208
79   1.6326366662979126
80   1.329992413520813
81   1.3673958778381348
82   1.3312047719955444
83   1.397883653640747
84   1.7888598442077637
85   1.6831914186477661
86   1.3534436225891113
87   1.921330451965332
88   1.5777859687805176
89   1.8432765007019043
90   1.532559871673584
91   1.3032294511795044
92   1.4119330644607544
93   1.872724175453186
94   1.8849148750305176
95   1.262259840965271
96   1.9032623767852783
97   1.3975611925125122
98   1.6060041189193726
99   2.0765504837036133
100   1.4752576351165771
101   1.8412820100784302
102   2.116661787033081
103   1.6704208850860596
104   1.9507393836975098
105   2.16312313079834
106   1.8034018278121948
107   1.5823254585266113
108   1.9132527112960815
109   1.6216484308242798
110   1.692291498184204
111   2.248887777328491
112   1.9835234880447388
113   1.8082984685897827
114   1.848839521408081
115   1.9585278034210205
116   1.9018640518188477
117   1.3635756969451904
118   1.4560229778289795
119   1.4507099390029907
120   1.9324629306793213
121   1.339609146118164
122   1.9956821203231812
123   1.8477121591567993
124   1.7468469142913818
125   1.6017684936523438
126   1.891819953918457
127   1.8002920150756836
128   2.0764074325561523
129   1.3539787530899048
130   1.4033361673355103
131   1.663102149963379
132   1.4962352514266968
133   1.5762426853179932
134   1.7047446966171265
135   1.9552562236785889
136   1.2688629627227783
137   1.5928024053573608
138   1.6299934387207031
139   1.7070376873016357
140   1.8838354349136353
141   1.5845515727996826
142   1.958221673965454
143   1.9765818119049072
144   1.646681547164917
145   1.722009301185608
146   1.8614916801452637
147   1.3896123170852661
148   1.7009665966033936
149   1.6016452312469482
150   1.9904524087905884
151   1.923017978668213
152   2.181687831878662
153   2.148158311843872
154   1.6029049158096313
155   1.3435050249099731
156   1.8902851343154907
157   1.3617504835128784
158   1.9334183931350708
159   1.8454959392547607
160   1.607265591621399
161   1.6319859027862549
162   1.7403626441955566
163   1.8082149028778076
164   1.8966693878173828
