0   0.0
1   0.1706026941537857
2   0.264034241437912
3   0.1820020079612732
4   0.1903897076845169
5   0.17484596371650696
6   0.12284085154533386
7   0.2426719218492508
8   0.19641821086406708
9   0.2176624983549118
10   0.2782118022441864
11   0.5046973824501038
12   0.9102606773376465
13   1.0230357646942139
14   1.0398494005203247
15   1.380082130432129
16   1.5864301919937134
17   0.8879875540733337
18   1.6196846961975098
19   1.1170412302017212
20   1.3963662385940552
21   1.897882103919983
22   0.9845841526985168
23   1.4482678174972534
24   1.2690552473068237
25   1.4664254188537598
26   1.4379724264144897
27   1.2185457944869995
28   1.5162315368652344
29   1.2783809900283813
30   1.801721215248108
31   1.3282006978988647
32   1.6967949867248535
33   1.3030463457107544
34   0.9872845411300659
35   1.1464098691940308
36   1.14952552318573
37   1.3015058040618896
38   1.8115400075912476
39   0.9363447427749634
40   1.504602074623108
41   1.5089579820632935
42   1.8106114864349365
43   1.4143527746200562
44   1.9110040664672852
45   1.7605488300323486
46   1.6576826572418213
47   1.1514549255371094
48   0.9454049468040466
49   1.2260133028030396
50   1.0663799047470093
51   1.4545915126800537
52   1.2408125400543213
53   1.5465692281723022
54   1.2206979990005493
55   1.1163240671157837
56   1.0204144716262817
57   1.7251482009887695
58   1.4338217973709106
59   1.3318171501159668
60   1.320312261581421
61   1.3677867650985718
62   1.660942792892456
63   1.1846686601638794
64   1.3952956199645996
65   0.9983481764793396
66   1.5925579071044922
67   0.6148696541786194
68   1.7753220796585083
69   1.2924250364303589
70   1.5936943292617798
71   1.452177882194519
72   1.2539607286453247
73   1.586484670639038
74   1.7995210886001587
75   1.4961196184158325
76   1.1669350862503052
77   1.5575954914093018
78   1.5647591352462769
79   0.9224425554275513
80   1.3574120998382568
81   0.9539825320243835
82   1.1873964071273804
83   1.6787254810333252
84   1.97890305519104
85   1.2366958856582642
86   0.913653552532196
87   1.1040117740631104
88   1.1826025247573853
89   1.2340567111968994
90   1.5231742858886719
91   1.1640900373458862
92   2.0975406169891357
93   1.6800200939178467
94   1.574869990348816
95   0.9689902663230896
96   1.4508615732192993
97   1.575912594795227
98   1.2530094385147095
99   1.3928331136703491
100   1.4345405101776123
101   1.3232988119125366
102   1.314340353012085
103   1.490951418876648
104   1.526808261871338
105   1.4625357389450073
106   1.1142659187316895
107   1.8008203506469727
108   1.4641417264938354
109   1.4187992811203003
110   1.5249871015548706
111   1.551358699798584
112   1.610295295715332
113   1.1757750511169434
114   1.3018656969070435
115   1.6173676252365112
116   1.3734439611434937
117   1.2066954374313354
118   1.0617053508758545
119   1.521560788154602
120   1.9792979955673218
121   1.4119644165039063
122   1.3121442794799805
123   1.3319871425628662
124   2.054811954498291
125   1.035163164138794
126   1.2612700462341309
127   1.7598682641983032
128   1.758278250694275
129   1.0351654291152954
130   1.5143299102783203
131   1.5636298656463623
132   1.4369455575942993
133   1.1456899642944336
134   1.6403651237487793
135   1.8528844118118286
136   1.9584091901779175
137   1.9401021003723145
138   1.6808255910873413
139   2.042633533477783
140   1.5050644874572754
141   1.309112548828125
142   1.2651145458221436
143   1.2882460355758667
144   1.425614595413208
145   1.4513500928878784
146   1.6937963962554932
147   1.3491357564926147
148   1.9732624292373657
149   1.8071571588516235
150   1.5670747756958008
151   1.1337214708328247
152   2.1368470191955566
153   1.6129642724990845
154   1.6526126861572266
155   1.393064260482788
156   1.2742655277252197
157   1.2229915857315063
158   2.574953079223633
159   1.1354528665542603
160   2.5216901302337646
161   1.18906569480896
162   1.8525915145874023
163   1.3114550113677979
164   1.7236093282699585
165   2.1485400199890137
166   1.9578310251235962
167   1.3273794651031494
168   1.6392757892608643
169   0.8143512010574341
170   1.1961445808410645
171   1.320205807685852
172   1.4891477823257446
173   0.9759644269943237
174   0.7815608978271484
175   1.0356656312942505
176   0.7549744248390198
177   1.098562240600586
178   1.0360056161880493
179   0.9579315781593323
180   0.8029062151908875
181   0.8790488839149475
182   0.825499951839447
183   1.3484426736831665
184   0.8699251413345337
185   0.8609018921852112
186   0.6718810796737671
187   0.9574474692344666
188   1.3996695280075073
189   0.562123715877533
190   1.0493472814559937
191   1.540798544883728
192   1.2460631132125854
193   2.046273946762085
194   0.9536218047142029
195   1.3574556112289429
196   1.5788179636001587
197   0.9430244565010071
198   1.8117778301239014
199   1.3648271560668945
200   1.951210856437683
201   1.9354159832000732
202   1.5119026899337769
203   1.1622196435928345
204   1.7126491069793701
205   1.1933972835540771
206   1.2743245363235474
207   0.9588653445243835
208   0.8355245590209961
209   1.2055741548538208
210   1.922888159751892
211   1.4625321626663208
212   1.6342815160751343
213   1.5340410470962524
1   1.442334771156311
2   1.0901070833206177
3   1.790144920349121
4   1.057186484336853
5   1.1432901620864868
6   1.3563342094421387
7   1.016450047492981
8   1.9121911525726318
9   1.220668911933899
10   1.3734557628631592
11   1.379164695739746
12   1.0593690872192383
13   1.3391801118850708
14   1.239762306213379
15   1.2772910594940186
16   1.636552095413208
17   1.260591745376587
18   0.9494678378105164
19   1.5202391147613525
20   1.238451361656189
1   1.6073508262634277
2   1.357296347618103
3   1.0896952152252197
4   1.3051502704620361
5   1.2269636392593384
6   1.2459040880203247
7   1.3665200471878052
8   1.2421613931655884
9   1.2133712768554688
10   1.2106940746307373
11   1.2814085483551025
12   1.265243649482727
13   1.6514548063278198
14   1.4443974494934082
15   1.4763106107711792
16   1.3899366855621338
17   1.3155155181884766
18   1.370518445968628
19   1.168351411819458
20   1.4621528387069702
21   1.4051144123077393
22   1.294714331626892
23   1.385133981704712
24   1.2990773916244507
25   1.6816734075546265
26   1.2034600973129272
27   1.1465325355529785
28   1.1910141706466675
29   1.4264843463897705
30   1.3372572660446167
31   1.54662024974823
32   1.3376368284225464
33   1.4929379224777222
34   1.3963426351547241
35   1.2009323835372925
36   1.3181147575378418
37   1.1480779647827148
38   1.3281131982803345
39   1.3368170261383057
40   1.1139861345291138
41   1.0848876237869263
42   1.1705424785614014
43   1.2983092069625854
44   1.2743420600891113
45   0.9862114191055298
46   1.298667311668396
47   0.9659289717674255
48   1.3323150873184204
49   1.0724338293075562
50   1.202087640762329
51   1.1399019956588745
52   1.3192719221115112
53   1.1367688179016113
54   1.0726869106292725
55   1.3627849817276
56   1.0486526489257813
57   1.1666748523712158
58   1.2918678522109985
59   0.8080575466156006
60   1.081297516822815
61   1.0062615871429443
62   1.4032882452011108
63   1.197250485420227
64   1.1844066381454468
65   1.4832267761230469
66   1.3468520641326904
67   1.0719561576843262
68   1.3982675075531006
69   1.3052161931991577
70   0.9315445423126221
71   1.5444022417068481
72   0.9982725381851196
73   1.3186862468719482
74   0.9776896238327026
75   1.8048001527786255
76   1.3866249322891235
77   1.107209324836731
78   1.5553611516952515
79   1.1430827379226685
80   1.2197905778884888
81   1.316904067993164
82   1.3417460918426514
83   1.3801345825195313
84   1.1788291931152344
85   1.4454636573791504
86   1.1984113454818726
87   1.2584623098373413
88   1.3341249227523804
89   1.0978171825408936
90   1.1904058456420898
91   1.2726255655288696
92   0.9960076212882996
93   1.1242148876190186
94   1.1910113096237183
95   1.1953773498535156
96   1.163226842880249
97   1.2911365032196045
98   0.8376783728599548
99   1.0004432201385498
100   0.9691314101219177
101   1.0876580476760864
102   1.2337796688079834
103   1.069861888885498
104   0.9364491701126099
105   1.1062891483306885
106   1.2604209184646606
107   1.2910997867584229
108   1.1662874221801758
109   0.9989252090454102
110   1.3098505735397339
111   1.0592342615127563
112   1.1868761777877808
113   1.0555857419967651
114   1.2439384460449219
115   1.1582794189453125
116   1.2079566717147827
117   0.8437564373016357
118   1.1520448923110962
119   1.2341179847717285
120   1.2511413097381592
121   1.0964828729629517
122   1.011325478553772
123   1.0236725807189941
124   1.221758484840393
125   1.0168430805206299
126   1.0016324520111084
127   1.4135864973068237
128   1.159643292427063
129   1.2907687425613403
130   1.3732792139053345
131   1.2783445119857788
132   1.1898326873779297
133   1.2758957147598267
134   1.2247295379638672
135   1.2165800333023071
136   0.9846792221069336
137   1.032702088356018
138   1.148560643196106
139   0.9968611598014832
140   1.1401368379592896
141   1.367775797843933
142   1.1380778551101685
143   1.1581071615219116
144   1.3115769624710083
145   1.2301082611083984
146   1.3691517114639282
147   1.2783559560775757
148   1.3548836708068848
149   1.254565954208374
150   1.3365064859390259
151   1.436187982559204
152   1.2008039951324463
153   1.3699854612350464
154   1.1127666234970093
155   1.1812349557876587
156   1.2754650115966797
157   1.1588400602340698
158   1.4465538263320923
159   1.1919727325439453
160   1.2060929536819458
1   1.6995371580123901
2   1.5818060636520386
3   1.3639070987701416
4   1.1658713817596436
5   1.0381197929382324
6   1.2838695049285889
7   1.2308279275894165
8   1.5549101829528809
9   1.347422480583191
10   1.2762222290039063
11   1.4377601146697998
12   1.1676380634307861
13   1.6338969469070435
14   0.9944524765014648
15   1.4886019229888916
16   1.6267979145050049
17   1.4472265243530273
18   1.1203758716583252
19   1.3387939929962158
20   1.2478479146957397
21   1.1742985248565674
22   1.5426806211471558
23   1.5067026615142822
24   1.427281141281128
25   1.3899095058441162
26   1.0467554330825806
27   1.3545761108398438
28   1.6961443424224854
29   1.5863131284713745
30   1.54466712474823
31   1.1525574922561646
32   1.49476957321167
33   1.1557188034057617
34   1.0037075281143188
35   1.4748883247375488
36   1.4160574674606323
37   1.930184006690979
38   1.1137083768844604
39   1.5046641826629639
40   1.1797834634780884
41   1.685509443283081
42   1.5290496349334717
43   1.4986320734024048
44   1.1976802349090576
45   1.5000332593917847
46   1.4277878999710083
47   1.8843554258346558
48   1.3773512840270996
49   1.3170926570892334
50   1.5868467092514038
51   1.556681752204895
52   1.411387324333191
53   1.934108853340149
54   1.6189968585968018
55   1.3613338470458984
56   1.5514315366744995
57   1.7091748714447021
58   1.5159844160079956
59   2.0954556465148926
60   1.507844090461731
61   0.8593841791152954
62   1.5483654737472534
63   1.4369959831237793
64   0.7276358008384705
65   1.0644440650939941
66   1.4088623523712158
67   1.3983333110809326
68   1.555579423904419
69   1.0770989656448364
70   1.0100139379501343
71   1.4449125528335571
72   0.8322637677192688
73   1.4172407388687134
74   1.4196618795394897
75   1.3750745058059692
76   1.3460453748703003
77   1.2484692335128784
78   1.6152725219726563
79   1.1649678945541382
80   1.0989540815353394
81   1.3424406051635742
82   1.347900152206421
83   1.5472971200942993
84   1.1631507873535156
85   0.9805821180343628
86   1.380252718925476
87   1.1446142196655273
88   1.1253982782363892
89   1.1531015634536743
90   1.3736600875854492
91   1.6874152421951294
92   1.8273701667785645
93   1.510773777961731
94   0.9540128707885742
95   1.290755271911621
96   1.057294249534607
97   1.429510474205017
98   1.1995166540145874
99   1.18345308303833
100   1.367926836013794
101   1.5073444843292236
102   1.5466713905334473
103   0.9589719176292419
104   1.1661410331726074
105   1.4096399545669556
106   1.1663694381713867
107   1.4302841424942017
108   1.4791221618652344
109   1.0153402090072632
110   1.6445796489715576
111   0.8840108513832092
112   1.4678051471710205
113   1.439241647720337
114   1.227170467376709
115   1.1192246675491333
116   1.4460465908050537
117   1.234874963760376
118   1.1460070610046387
119   1.2322803735733032
120   1.2885591983795166
121   1.6392759084701538
122   1.1759185791015625
123   1.0634759664535522
124   0.8395294547080994
125   0.9389708042144775
126   0.9772346615791321
127   1.061919093132019
128   1.098231554031372
129   1.7748034000396729
130   1.252156376838684
131   1.3482054471969604
132   1.3727701902389526
133   1.6154744625091553
134   1.4480433464050293
135   1.2451952695846558
136   1.2310489416122437
137   1.498009443283081
138   1.3947173357009888
139   1.2798988819122314
140   1.2097195386886597
141   1.8650323152542114
142   1.2636698484420776
143   1.891518235206604
144   1.0877357721328735
145   1.5852986574172974
146   1.2213027477264404
147   1.3862537145614624
148   1.2019864320755005
149   1.1827669143676758
150   0.9973215460777283
151   1.235200047492981
152   1.2893240451812744
153   1.1667572259902954
154   1.4028245210647583
155   1.242881178855896
156   1.2421876192092896
157   0.9025415778160095
158   1.302632451057434
159   1.417570948600769
160   1.2957267761230469
161   1.3708083629608154
162   1.2487512826919556
163   1.2217079401016235
164   1.2516459226608276
