0   0.0
1   1.8581396341323853
2   2.12813401222229
3   1.772544503211975
4   2.1368772983551025
5   1.8852859735488892
6   1.5818365812301636
7   2.0130040645599365
8   2.0163075923919678
9   2.5576581954956055
10   2.5472421646118164
11   3.2533490657806396
12   3.728344202041626
13   4.0514235496521
14   5.6725358963012695
15   5.213545799255371
16   4.637450218200684
17   5.213761329650879
18   4.869516372680664
19   4.097684860229492
20   4.419559955596924
21   5.95016622543335
22   4.26789665222168
23   4.407007694244385
24   4.964125633239746
25   4.36945104598999
26   4.330578804016113
27   4.175839424133301
28   3.566972494125366
29   4.443914890289307
30   3.3360979557037354
31   4.144307613372803
32   3.5270004272460938
33   4.562495231628418
34   4.19060754776001
35   3.213176727294922
36   3.5700998306274414
37   3.6795735359191895
38   4.733309268951416
39   3.2749717235565186
40   3.687756299972534
41   3.9078738689422607
42   3.0202555656433105
43   4.34528112411499
44   3.3265459537506104
45   4.577826023101807
46   5.157341957092285
47   4.879528999328613
48   3.1434292793273926
49   3.1206471920013428
50   3.057589054107666
51   3.563436508178711
52   3.4770328998565674
53   4.2640790939331055
54   3.3426458835601807
55   4.15779972076416
56   4.436796188354492
57   3.9152350425720215
58   3.7162845134735107
59   3.599783420562744
60   3.9907302856445313
61   4.016756057739258
62   4.662670612335205
63   4.7926225662231445
64   4.029752731323242
65   4.375678062438965
66   4.559457778930664
67   4.040400981903076
68   4.401648044586182
69   3.665011167526245
70   4.325871467590332
71   3.626267671585083
72   3.740016460418701
73   4.448012351989746
74   3.4652884006500244
75   4.100566387176514
76   3.615478992462158
77   4.015043258666992
78   3.64194393157959
79   4.4428253173828125
80   3.5548095703125
81   3.959956169128418
82   4.3174662590026855
83   4.060265064239502
84   4.0342512130737305
85   4.124327182769775
86   4.003413200378418
87   3.9531424045562744
88   3.53550124168396
89   3.376143455505371
90   3.296504020690918
91   4.138594627380371
92   3.4107179641723633
93   3.1456286907196045
94   3.508673906326294
95   3.716566562652588
96   4.5076422691345215
97   3.9766643047332764
98   4.290459156036377
99   4.201165676116943
100   4.153383731842041
101   4.224733829498291
102   3.597485065460205
103   3.9528894424438477
104   3.1717772483825684
105   3.6379432678222656
106   3.5829880237579346
107   4.3940043449401855
108   4.202432632446289
109   3.3164632320404053
110   4.0017852783203125
111   4.0105462074279785
112   4.23828125
113   3.695322036743164
114   4.822583198547363
115   4.397010803222656
116   4.546731948852539
117   3.8938026428222656
118   3.9069838523864746
119   3.698859214782715
120   3.509711980819702
121   3.8824870586395264
122   3.8042044639587402
123   3.405815601348877
124   4.104901313781738
125   3.814234972000122
126   3.7497456073760986
127   3.9862489700317383
128   3.3606879711151123
129   3.982152223587036
130   4.073781967163086
131   4.032926559448242
132   2.960167407989502
133   3.87457537651062
134   3.0644736289978027
135   3.7373709678649902
136   5.079958915710449
137   2.7790451049804688
138   3.5321433544158936
139   3.8163981437683105
140   3.464761972427368
141   4.025767803192139
142   3.5255067348480225
143   4.894923210144043
144   2.9996464252471924
145   5.017962455749512
146   4.1301703453063965
147   5.0975260734558105
148   5.46255350112915
149   4.766246318817139
150   4.398987293243408
151   4.072470664978027
152   5.383074760437012
153   5.37843656539917
154   4.981907367706299
155   4.0696539878845215
156   5.82467794418335
157   3.9284093379974365
158   5.594244003295898
159   4.7797160148620605
160   4.803869724273682
161   4.514565944671631
162   4.84212064743042
163   4.087655067443848
164   5.076168060302734
165   4.841844081878662
166   4.38985013961792
167   4.399651527404785
168   3.4715497493743896
169   4.957942008972168
170   4.481400489807129
171   3.651459217071533
172   4.329215049743652
173   4.445506572723389
174   3.9723830223083496
175   4.435912609100342
176   3.501983404159546
177   4.465603828430176
178   4.289707183837891
179   3.666736602783203
180   4.4860029220581055
181   3.865945816040039
182   4.31251335144043
183   4.88071870803833
184   4.169733047485352
185   4.161926746368408
186   4.5456767082214355
187   4.329199314117432
188   3.9289841651916504
189   3.609046459197998
190   3.6103339195251465
191   5.116191387176514
192   3.9566633701324463
193   4.895925521850586
194   5.452817916870117
195   5.8649492263793945
196   4.913683891296387
197   4.220893859863281
198   4.63489294052124
199   5.194777488708496
200   4.368814945220947
201   4.1628522872924805
202   4.910226821899414
203   4.972650527954102
204   5.351395130157471
205   5.78607702255249
206   4.461865425109863
207   4.29890251159668
208   4.640625476837158
209   4.952939033508301
210   4.352002143859863
211   4.986814975738525
212   4.756246566772461
213   5.482037544250488
1   4.712710380554199
2   4.795902729034424
3   4.838171482086182
4   4.0266923904418945
5   5.078906059265137
6   4.589268207550049
7   4.077063083648682
8   5.473938465118408
9   4.831899642944336
10   4.113426685333252
11   3.4476287364959717
12   4.386942386627197
13   4.391994476318359
14   5.98230504989624
15   4.310771465301514
16   5.017019748687744
17   4.124533653259277
18   4.469906330108643
19   3.4362752437591553
20   4.30631160736084
1   4.805201053619385
2   5.73291015625
3   4.247637748718262
4   5.342280864715576
5   5.090719223022461
6   5.755011558532715
7   5.177749156951904
8   5.874307632446289
9   5.492990016937256
10   4.903599739074707
11   4.516681671142578
12   5.306922435760498
13   4.320558071136475
14   3.803786039352417
15   2.975147008895874
16   3.351285457611084
17   4.266686916351318
18   4.5741424560546875
19   3.959923505783081
20   4.186966896057129
21   3.469731330871582
22   4.113292217254639
23   4.656492710113525
24   2.602492094039917
25   3.165874719619751
26   4.44109582901001
27   5.365437030792236
28   5.777221202850342
29   4.886788845062256
30   5.023621559143066
31   4.601705551147461
32   5.945781230926514
33   5.883265495300293
34   3.8006815910339355
35   4.526083946228027
36   5.062393665313721
37   5.844944000244141
38   5.266161918640137
39   5.785151481628418
40   6.346484661102295
41   4.766716480255127
42   5.609554767608643
43   5.859959602355957
44   5.833601951599121
45   5.6482367515563965
46   5.7968292236328125
47   5.971940040588379
48   5.529605388641357
49   6.110021591186523
50   5.761588096618652
51   3.9028215408325195
52   3.654130697250366
53   6.017587184906006
54   4.849420070648193
55   4.613176345825195
56   6.066349983215332
57   5.253500461578369
58   6.155585289001465
59   5.651671886444092
60   5.71018123626709
61   5.60507345199585
62   5.720691680908203
63   4.864376544952393
64   5.121933937072754
65   6.533831596374512
66   6.09581184387207
67   5.692468643188477
68   5.5607523918151855
69   6.322441577911377
70   4.598168849945068
71   3.233996868133545
72   6.617868900299072
73   7.046626091003418
74   6.646482467651367
75   6.402742385864258
76   6.3104753494262695
77   5.60410737991333
78   4.608689308166504
79   5.785861015319824
80   3.9254708290100098
81   4.821356296539307
82   4.789434432983398
83   3.126844882965088
84   3.9570744037628174
85   3.321221113204956
86   3.1359448432922363
87   3.826068162918091
88   4.261632442474365
89   4.463830471038818
90   4.7546305656433105
91   4.50418758392334
92   4.5546956062316895
93   4.879126071929932
94   4.7120256423950195
95   5.289572715759277
96   4.229659080505371
97   4.441767692565918
98   3.8259990215301514
99   4.365259170532227
100   4.740882873535156
101   3.5895910263061523
102   5.277958869934082
103   4.754480838775635
104   4.538599967956543
105   4.6959309577941895
106   3.353515863418579
107   2.68613338470459
108   2.2650809288024902
109   3.6942343711853027
110   3.35642147064209
111   3.23254132270813
112   3.992830514907837
113   3.9865338802337646
114   4.028534889221191
115   3.319370746612549
116   4.284152030944824
117   4.5160932540893555
118   4.039124965667725
119   4.232454776763916
120   3.684910535812378
121   4.084264278411865
122   4.07546854019165
123   3.791916608810425
124   3.1445281505584717
125   3.939301013946533
126   4.028553485870361
127   3.7970199584960938
128   3.8192739486694336
129   4.566131591796875
130   4.0087151527404785
131   3.9610512256622314
132   4.207852363586426
133   2.9449827671051025
134   3.2080934047698975
135   3.072718381881714
136   4.661048889160156
137   4.105221748352051
138   4.3711137771606445
139   4.387592792510986
140   4.428149700164795
141   4.0698018074035645
142   3.915883779525757
143   4.830965518951416
144   5.149844169616699
145   4.4820356369018555
146   4.767190456390381
147   4.639312267303467
148   4.318418979644775
149   4.787079811096191
150   5.135397434234619
151   5.150373458862305
152   4.871005535125732
153   4.611139297485352
154   4.946674823760986
155   4.302177906036377
156   4.4676594734191895
157   4.907602310180664
158   3.671081781387329
159   4.761951446533203
160   4.316744327545166
1   4.417126655578613
2   4.2596354484558105
3   5.6008477210998535
4   5.071022033691406
5   4.189210891723633
6   4.18347692489624
7   4.819665908813477
8   3.7151060104370117
9   4.193010330200195
10   4.280038356781006
11   4.874030590057373
12   5.0133819580078125
13   5.791074752807617
14   6.068578243255615
15   6.017746448516846
16   5.010856628417969
17   5.774017810821533
18   5.825906276702881
19   6.015315055847168
20   4.781291961669922
21   5.9569172859191895
22   4.202808380126953
23   5.398326873779297
24   5.057802677154541
25   5.15744686126709
26   5.778951644897461
27   5.134685039520264
28   3.929063320159912
29   3.149617910385132
30   2.6474814414978027
31   3.0196282863616943
32   2.9015486240386963
33   3.9219117164611816
34   4.0086669921875
35   3.2899065017700195
36   4.276074409484863
37   3.5644898414611816
38   4.3882060050964355
39   4.970383644104004
40   4.558624744415283
41   4.4029107093811035
42   3.041612148284912
43   4.25609016418457
44   4.933925151824951
45   5.251047611236572
46   4.905522346496582
47   5.053564071655273
48   3.9271507263183594
49   4.349126815795898
50   4.545923233032227
51   4.14218282699585
52   4.537631988525391
53   4.3778076171875
54   4.4053754806518555
55   4.1042585372924805
56   4.522727012634277
57   4.713962078094482
58   4.734818458557129
59   5.275691986083984
60   5.36970329284668
61   4.94602632522583
62   4.059225559234619
63   3.7819266319274902
64   5.588006496429443
65   4.123701572418213
66   4.181369781494141
67   4.786904811859131
68   4.350719451904297
69   4.882164478302002
70   4.59034538269043
71   3.9999868869781494
72   4.9793009757995605
73   3.7223033905029297
74   4.445585250854492
75   4.366011619567871
76   4.835798740386963
77   4.526627063751221
78   5.6385273933410645
79   4.098318099975586
80   4.367124557495117
81   4.404358863830566
82   5.2891154289245605
83   4.358356475830078
84   4.587092876434326
85   4.456133842468262
86   4.403024196624756
87   4.2270965576171875
88   4.760447025299072
89   3.7687227725982666
90   3.7109858989715576
91   4.469853401184082
92   4.340752124786377
93   4.764037609100342
94   4.794888973236084
95   4.455007076263428
96   5.156593322753906
97   6.6317267417907715
98   5.736818313598633
99   4.944051265716553
100   5.220494270324707
101   5.1161041259765625
102   4.0066237449646
103   4.951873302459717
104   5.010802268981934
105   5.312546253204346
106   4.724206924438477
107   4.879065990447998
108   3.249683141708374
109   4.904799938201904
110   4.985058784484863
111   4.040724277496338
112   3.9375247955322266
113   6.124736309051514
114   3.7989485263824463
115   3.9986634254455566
116   5.008100986480713
117   4.1707940101623535
118   4.154199123382568
119   3.8004066944122314
120   4.2873759269714355
121   3.7975988388061523
122   4.968760967254639
123   4.627344608306885
124   3.3772261142730713
125   4.190160274505615
126   3.866170883178711
127   3.123682737350464
128   3.9957573413848877
129   3.3354389667510986
130   4.081989765167236
131   3.9470200538635254
132   3.5947673320770264
133   4.373159885406494
134   4.713261127471924
135   4.415788650512695
136   3.5590038299560547
137   3.618622064590454
138   3.800414562225342
139   4.392700672149658
140   3.555692672729492
141   5.487946033477783
142   5.921605110168457
143   4.034348011016846
144   4.383727073669434
145   4.663375377655029
146   4.702672958374023
147   5.258120536804199
148   4.763715744018555
149   4.879100322723389
150   5.259201526641846
151   5.520219802856445
152   4.356119155883789
153   4.575300693511963
154   3.4510796070098877
155   4.6644816398620605
156   4.1530890464782715
157   5.072281837463379
158   4.095016002655029
159   5.310971736907959
160   4.196983337402344
161   4.867580890655518
162   4.647507667541504
163   4.7903547286987305
164   5.804399490356445
