0   0.0
1   1.4927880764007568
2   1.2774180173873901
3   1.32470703125
4   1.3694052696228027
5   1.4649953842163086
6   1.5422954559326172
7   1.2424196004867554
8   1.4914679527282715
9   1.5357229709625244
10   1.4216073751449585
11   1.6134697198867798
12   1.5878573656082153
13   1.984541893005371
14   3.807600736618042
15   2.9159581661224365
16   2.63342547416687
17   3.176117181777954
18   3.7893450260162354
19   2.9295456409454346
20   3.559361219406128
21   3.4856886863708496
22   3.5357730388641357
23   3.1180107593536377
24   3.4123611450195313
25   3.1993839740753174
26   3.8090994358062744
27   3.77524471282959
28   3.346954584121704
29   3.938170909881592
30   3.8881115913391113
31   3.0441079139709473
32   4.057913303375244
33   4.623163223266602
34   6.057320594787598
35   5.294929504394531
36   5.4766998291015625
37   5.184815406799316
38   4.2358198165893555
39   4.56295919418335
40   3.381546974182129
41   3.4053025245666504
42   3.4466748237609863
43   3.895559787750244
44   4.891600131988525
45   3.7067947387695313
46   4.546448230743408
47   3.7350282669067383
48   2.2911128997802734
49   2.141559362411499
50   0.8233843445777893
51   2.2374677658081055
52   3.145066022872925
53   3.1493561267852783
54   2.1898550987243652
55   2.7814362049102783
56   3.0878217220306396
57   5.213281154632568
58   3.111468553543091
59   3.186897039413452
60   2.997405529022217
61   3.1601603031158447
62   3.906421661376953
63   3.468601942062378
64   3.7073819637298584
65   4.258031368255615
66   4.201961994171143
67   3.1421241760253906
68   3.341242551803589
69   3.2623000144958496
70   4.922127723693848
71   3.9960362911224365
72   4.788070201873779
73   3.2206361293792725
74   3.529735565185547
75   3.382207155227661
76   4.5728654861450195
77   3.3751907348632813
78   4.173456192016602
79   3.9738962650299072
80   4.129157543182373
81   5.370121955871582
82   4.280674934387207
83   4.200608253479004
84   2.9358866214752197
85   3.9997620582580566
86   2.9835851192474365
87   4.172039031982422
88   4.504022121429443
89   3.9138333797454834
90   3.76279354095459
91   4.1001434326171875
92   4.002748966217041
93   4.448793888092041
94   3.4702048301696777
95   3.7927958965301514
96   4.198971271514893
97   3.7383573055267334
98   3.1757566928863525
99   4.383969306945801
100   3.325866460800171
101   3.620783805847168
102   3.8357975482940674
103   4.059470176696777
104   4.402063369750977
105   3.9094269275665283
106   3.4616429805755615
107   2.9759421348571777
108   4.662736415863037
109   3.136913537979126
110   4.913084506988525
111   4.325300693511963
112   4.331380367279053
113   3.6212124824523926
114   3.943568706512451
115   3.8450238704681396
116   3.4042346477508545
117   3.887946605682373
118   4.136871814727783
119   4.171819686889648
120   4.370635986328125
121   3.430192708969116
122   3.9035191535949707
123   4.5145344734191895
124   3.3413803577423096
125   3.483225107192993
126   3.8849124908447266
127   3.2866945266723633
128   4.291258811950684
129   4.584644794464111
130   3.9957778453826904
131   3.3802871704101563
132   3.3976736068725586
133   4.151913642883301
134   2.898305654525757
135   3.7713751792907715
136   2.8802406787872314
137   3.858581304550171
138   3.5884430408477783
139   3.7296793460845947
140   4.061519622802734
141   3.8300254344940186
142   5.133294105529785
143   2.966005802154541
144   3.2360498905181885
145   3.7196402549743652
146   3.3568601608276367
147   3.5473594665527344
148   4.883724689483643
149   2.563990592956543
150   4.5135884284973145
151   3.2565360069274902
152   4.1439995765686035
153   3.736140251159668
154   3.3115952014923096
155   3.8161377906799316
156   3.870486259460449
157   4.289705753326416
158   6.4622907638549805
159   3.7010862827301025
160   4.856579303741455
161   4.0428853034973145
162   4.071218967437744
163   3.8568387031555176
164   4.318380832672119
165   3.502410650253296
166   3.8770716190338135
167   4.1446123123168945
168   3.394376277923584
169   4.18157958984375
170   3.2499747276306152
171   2.8678622245788574
172   4.503061294555664
173   7.713749885559082
174   5.109699726104736
175   4.24875545501709
176   3.710613250732422
177   6.040463924407959
178   4.303084850311279
179   3.617755889892578
180   4.63418436050415
181   4.020369052886963
182   3.7108564376831055
183   4.939350128173828
184   3.756934404373169
185   4.7700042724609375
186   4.431909084320068
187   4.5361833572387695
188   3.7650351524353027
189   4.435295104980469
190   2.9828922748565674
191   4.379763603210449
192   2.880019426345825
193   4.314214706420898
194   3.527852773666382
195   3.808178663253784
196   4.174096584320068
197   3.8613414764404297
198   4.892260551452637
199   4.45689058303833
200   3.5942845344543457
201   4.4822611808776855
202   2.932828187942505
203   3.0664758682250977
204   2.3842647075653076
205   3.5393259525299072
206   3.8900434970855713
207   4.220590591430664
208   3.716808319091797
209   4.5127692222595215
210   3.306874990463257
211   3.719022035598755
212   3.4336788654327393
213   3.7962093353271484
1   3.53950572013855
2   3.11228346824646
3   4.39656925201416
4   3.579608678817749
5   4.747685432434082
6   4.700527191162109
7   3.95287823677063
8   4.808619022369385
9   3.9181532859802246
10   3.8998751640319824
11   2.63909912109375
12   3.2149412631988525
13   3.8516252040863037
14   3.9779160022735596
15   3.220365285873413
16   4.046794414520264
17   3.064579486846924
18   3.300358295440674
19   3.192303419113159
20   3.580923318862915
1   3.580881357192993
2   4.340082168579102
3   3.316744089126587
4   3.4748964309692383
5   4.589180946350098
6   4.017157554626465
7   4.215569972991943
8   3.215548276901245
9   3.3312253952026367
10   3.452826738357544
11   3.670138120651245
12   4.071718692779541
13   3.959446430206299
14   3.7331197261810303
15   3.7273476123809814
16   3.669015645980835
17   3.4542458057403564
18   3.9422805309295654
19   4.009739875793457
20   4.657090663909912
21   4.744929790496826
22   4.182049751281738
23   4.003025054931641
24   3.8109519481658936
25   3.8934383392333984
26   3.133323907852173
27   3.91170597076416
28   4.373234272003174
29   5.540543079376221
30   2.9786007404327393
31   4.619565486907959
32   3.816803455352783
33   4.5132365226745605
34   4.038046836853027
35   3.855076551437378
36   3.715797185897827
37   3.5946199893951416
38   3.8337743282318115
39   3.869691848754883
40   4.59538459777832
41   3.7078263759613037
42   4.393095016479492
43   3.181819438934326
44   4.456019401550293
45   4.735201835632324
46   5.853304386138916
47   5.444672584533691
48   7.038812160491943
49   6.555071830749512
50   5.3794660568237305
51   6.3322529792785645
52   3.6526548862457275
53   3.7918701171875
54   4.6201863288879395
55   3.6323041915893555
56   5.2275495529174805
57   3.3497183322906494
58   4.124388217926025
59   5.932839393615723
60   6.320097923278809
61   5.1646623611450195
62   5.9155354499816895
63   5.7034993171691895
64   5.503241539001465
65   5.951135158538818
66   4.682365417480469
67   5.264092922210693
68   6.144777297973633
69   4.757851600646973
70   4.3702712059021
71   3.7647621631622314
72   5.419597148895264
73   4.881558895111084
74   6.193554401397705
75   4.4429802894592285
76   4.227540493011475
77   5.251698970794678
78   4.597625255584717
79   5.908635139465332
80   6.663017749786377
81   5.338203430175781
82   5.045221328735352
83   4.508091449737549
84   5.253602027893066
85   4.5496320724487305
86   4.98053503036499
87   5.077976703643799
88   4.6762800216674805
89   4.9133076667785645
90   4.6542558670043945
91   6.830207824707031
92   5.43305778503418
93   4.994678974151611
94   6.133345603942871
95   5.64134407043457
96   5.618020057678223
97   5.242903232574463
98   4.538258075714111
99   5.286369800567627
100   6.223158836364746
101   4.962836265563965
102   4.623925685882568
103   4.775817394256592
104   5.522917747497559
105   5.1213555335998535
106   3.6886744499206543
107   3.498263359069824
108   3.436636209487915
109   4.017318248748779
110   2.228660821914673
111   3.2453246116638184
112   3.2920963764190674
113   3.6278393268585205
114   3.206109046936035
115   3.2237558364868164
116   3.5262041091918945
117   4.124998092651367
118   3.321185350418091
119   2.8500239849090576
120   2.953094959259033
121   2.7843472957611084
122   3.3796772956848145
123   3.4648842811584473
124   3.6205363273620605
125   3.533596992492676
126   3.4533398151397705
127   3.403290271759033
128   3.6012027263641357
129   3.510709047317505
130   3.5290210247039795
131   2.5370349884033203
132   3.1698248386383057
133   3.6798064708709717
134   3.6512644290924072
135   2.2339389324188232
136   3.1992287635803223
137   3.541295289993286
138   3.217593193054199
139   2.874340057373047
140   3.5634803771972656
141   3.0460736751556396
142   3.8166627883911133
143   3.3820080757141113
144   3.47055983543396
145   2.6056268215179443
146   3.250145196914673
147   3.548102855682373
148   3.94071888923645
149   3.785553455352783
150   2.8728690147399902
151   3.601409435272217
152   3.484562397003174
153   2.861513376235962
154   3.4110000133514404
155   3.2809224128723145
156   3.1700778007507324
157   3.7453441619873047
158   3.058230400085449
159   2.4973080158233643
160   3.3874411582946777
1   3.6672964096069336
2   3.078934669494629
3   3.5410890579223633
4   3.209486961364746
5   4.025411128997803
6   3.340665578842163
7   3.3260722160339355
8   4.752857208251953
9   4.9157185554504395
10   3.3376405239105225
11   3.610166311264038
12   4.838593006134033
13   4.382567882537842
14   4.174249649047852
15   3.538464069366455
16   5.126538276672363
17   4.054938316345215
18   4.939293384552002
19   5.337458610534668
20   4.259742259979248
21   3.829848527908325
22   4.138627529144287
23   3.9956486225128174
24   3.866745710372925
25   3.2200915813446045
26   4.361832618713379
27   4.197258949279785
28   4.259923934936523
29   2.6956124305725098
30   4.126519203186035
31   3.416276454925537
32   2.080028533935547
33   4.234496593475342
34   4.30094051361084
35   4.380328178405762
36   5.44959831237793
37   3.7424919605255127
38   4.168252468109131
39   4.469253063201904
40   3.4079782962799072
41   4.108321666717529
42   3.38130521774292
43   2.6748836040496826
44   3.282435417175293
45   4.263829231262207
46   4.414039611816406
47   4.010974407196045
48   2.958326578140259
49   3.4261667728424072
50   3.5332438945770264
51   3.5343713760375977
52   5.224040508270264
53   3.3859376907348633
54   3.3675551414489746
55   3.9878318309783936
56   2.771726608276367
57   3.481360673904419
58   7.309393405914307
59   7.210102558135986
60   3.7672042846679688
61   3.0054550170898438
62   3.2575840950012207
63   3.21962571144104
64   3.9683187007904053
65   3.4940741062164307
66   3.5408003330230713
67   3.9256434440612793
68   3.283308506011963
69   4.043316841125488
70   3.7978973388671875
71   3.655276298522949
72   3.358870029449463
73   3.3489041328430176
74   4.166341304779053
75   4.344970703125
76   4.7349042892456055
77   4.096684455871582
78   4.1285200119018555
79   3.7549097537994385
80   4.520992279052734
81   3.670109272003174
82   3.169093370437622
83   3.5859055519104004
84   4.009098052978516
85   3.867870807647705
86   3.6784615516662598
87   3.439737319946289
88   3.4419538974761963
89   3.779198169708252
90   3.278839588165283
91   5.4785261154174805
92   5.062324523925781
93   4.207010269165039
94   4.239105224609375
95   3.061908721923828
96   4.075257301330566
97   4.075594425201416
98   3.9078562259674072
99   3.9698476791381836
100   4.198848247528076
101   4.422231674194336
102   3.7276148796081543
103   4.666287422180176
104   5.541621208190918
105   3.58823561668396
106   4.443711757659912
107   3.106510639190674
108   3.3613741397857666
109   3.532454252243042
110   3.333118438720703
111   4.358575820922852
112   3.441559314727783
113   4.769212245941162
114   3.0946907997131348
115   3.3599355220794678
116   3.827854633331299
117   3.3830621242523193
118   3.3362112045288086
119   4.851530075073242
120   4.514389991760254
121   3.1499183177948
122   5.069031238555908
123   4.202621936798096
124   2.528452157974243
125   2.743021011352539
126   3.020465850830078
127   2.4923908710479736
128   2.9972259998321533
129   2.726196527481079
130   3.4965593814849854
131   3.3369829654693604
132   3.249502182006836
133   4.401983737945557
134   4.144907474517822
135   4.197509288787842
136   4.062653064727783
137   4.276120662689209
138   4.126162528991699
139   3.7714288234710693
140   3.4951324462890625
141   3.688211679458618
142   3.3681600093841553
143   3.8499090671539307
144   3.969362735748291
145   3.7476367950439453
146   3.1514241695404053
147   3.2709872722625732
148   3.7271921634674072
149   3.8686342239379883
150   3.6487538814544678
151   4.426052570343018
152   3.8366811275482178
153   3.477065324783325
154   2.9165830612182617
155   4.005113124847412
156   3.2210187911987305
157   4.300776958465576
158   4.627298831939697
159   4.282059669494629
160   4.283590316772461
161   4.969109535217285
162   6.391513824462891
163   5.326274871826172
164   4.0498366355896
