0   0.0
1   0.20661768317222595
2   0.20682910084724426
3   0.20737744867801666
4   0.20889750123023987
5   0.20230185985565186
6   0.21530857682228088
7   0.20451970398426056
8   0.2130601555109024
9   0.25379884243011475
10   0.3014008402824402
11   0.4228711426258087
12   0.5645380020141602
13   1.0151102542877197
14   1.8022146224975586
15   1.4455914497375488
16   1.4935616254806519
17   1.6105395555496216
18   1.7310676574707031
19   1.7629133462905884
20   1.9956412315368652
21   2.1594395637512207
22   1.9099959135055542
23   1.4387285709381104
24   1.6551166772842407
25   1.7393380403518677
26   1.7096363306045532
27   1.6159515380859375
28   2.005657434463501
29   1.650854229927063
30   2.497616767883301
31   2.451786994934082
32   2.0976431369781494
33   1.7401875257492065
34   1.8402743339538574
35   2.023135185241699
36   1.9179214239120483
37   2.1646728515625
38   1.8151378631591797
39   1.9850767850875854
40   2.046968698501587
41   2.0508124828338623
42   2.1549391746520996
43   1.7580854892730713
44   1.9215344190597534
45   1.6371591091156006
46   1.6669028997421265
47   1.3505194187164307
48   1.517791986465454
49   1.9422776699066162
50   2.3049092292785645
51   1.7001923322677612
52   1.577672004699707
53   1.7470775842666626
54   1.716913104057312
55   1.6106699705123901
56   1.9327915906906128
57   1.7832722663879395
58   2.3415093421936035
59   2.1270253658294678
60   2.1724345684051514
61   2.0247719287872314
62   2.147874355316162
63   1.9493961334228516
64   1.8972471952438354
65   1.7834219932556152
66   1.881155252456665
67   1.324558138847351
68   2.0964646339416504
69   1.6977365016937256
70   1.9720176458358765
71   1.9707667827606201
72   1.9776811599731445
73   1.6276261806488037
74   2.2668793201446533
75   2.0368852615356445
76   2.119905471801758
77   2.4444687366485596
78   2.3170690536499023
79   2.069591522216797
80   2.3500258922576904
81   1.9986571073532104
82   1.8511065244674683
83   2.477668523788452
84   2.35722017288208
85   2.052445888519287
86   1.4357905387878418
87   1.9362837076187134
88   1.9053468704223633
89   2.224809169769287
90   2.078941583633423
91   1.6410353183746338
92   1.8919072151184082
93   1.671580195426941
94   1.9552658796310425
95   2.0860979557037354
96   1.8715647459030151
97   2.3018455505371094
98   2.032094717025757
99   1.95170259475708
100   2.147616147994995
101   1.7440969944000244
102   1.7064566612243652
103   2.158484935760498
104   2.1248412132263184
105   1.6188009977340698
106   2.0984766483306885
107   2.395125389099121
108   1.6925264596939087
109   2.1640334129333496
110   2.28124737739563
111   1.999616265296936
112   2.1731081008911133
113   1.713082194328308
114   1.9449682235717773
115   2.590027093887329
116   1.3964756727218628
117   2.080660343170166
118   1.8843718767166138
119   2.0380094051361084
120   2.5270965099334717
121   1.9518284797668457
122   2.0448391437530518
123   1.9945385456085205
124   2.4538588523864746
125   1.6453295946121216
126   1.9386473894119263
127   2.0282535552978516
128   2.0612189769744873
129   1.9071885347366333
130   1.973703384399414
131   2.065643548965454
132   2.340650796890259
133   1.8655545711517334
134   1.8788597583770752
135   1.9846922159194946
136   1.6848793029785156
137   1.8991621732711792
138   2.3398220539093018
139   2.241297960281372
140   2.0643019676208496
141   2.3661892414093018
142   1.916379451751709
143   1.2470046281814575
144   1.4467284679412842
145   1.7858449220657349
146   1.9305535554885864
147   1.95124089717865
148   1.922506332397461
149   1.8883159160614014
150   1.4355441331863403
151   2.009559154510498
152   1.6126837730407715
153   1.6511366367340088
154   1.906631350517273
155   1.960062861442566
156   1.699766755104065
157   1.724250078201294
158   1.9558091163635254
159   1.9028784036636353
160   2.1785950660705566
161   1.5897340774536133
162   1.5762802362442017
163   1.9353145360946655
164   1.592468023300171
165   2.2438182830810547
166   2.4429659843444824
167   2.1293675899505615
168   2.0141866207122803
169   1.593353033065796
170   1.905958890914917
171   1.5460995435714722
172   1.4726582765579224
173   1.9131895303726196
174   1.762416124343872
175   1.5131611824035645
176   1.5408546924591064
177   2.0593581199645996
178   1.6908046007156372
179   1.6753296852111816
180   1.8220922946929932
181   1.5897465944290161
182   1.7271863222122192
183   2.0684287548065186
184   1.6903387308120728
185   1.8612629175186157
186   1.720304250717163
187   1.8614412546157837
188   1.7488399744033813
189   1.7153241634368896
190   1.517426609992981
191   2.043379783630371
192   1.60758638381958
193   1.9789154529571533
194   1.5143195390701294
195   1.6324341297149658
196   1.7007124423980713
197   1.532260537147522
198   2.3787102699279785
199   1.648274540901184
200   1.9923431873321533
201   2.3660919666290283
202   2.0167720317840576
203   1.8815503120422363
204   2.1297061443328857
205   1.797663927078247
206   1.6697455644607544
207   1.7270264625549316
208   1.5210621356964111
209   1.5822526216506958
210   1.4688174724578857
211   1.3860417604446411
212   2.0943100452423096
213   1.5678378343582153
1   1.7744039297103882
2   1.7372997999191284
3   1.7323071956634521
4   1.5182255506515503
5   1.7080270051956177
6   1.958268642425537
7   1.6709048748016357
8   2.254749059677124
9   1.5854672193527222
10   1.7555769681930542
11   2.0523321628570557
12   1.480878472328186
13   1.6752125024795532
14   1.780755877494812
15   1.625745177268982
16   2.077794075012207
17   1.7149748802185059
18   1.6523888111114502
19   2.0921669006347656
20   1.5318776369094849
1   1.946449637413025
2   1.7816901206970215
3   1.6334844827651978
4   1.7676186561584473
5   1.8434592485427856
6   1.9470727443695068
7   1.8241691589355469
8   1.5146257877349854
9   1.7371636629104614
10   1.3985508680343628
11   1.6055423021316528
12   1.5245333909988403
13   1.6937835216522217
14   1.7067511081695557
15   2.4539072513580322
16   2.100978136062622
17   1.8890897035598755
18   1.8783470392227173
19   1.9417314529418945
20   2.0762581825256348
21   2.178879976272583
22   1.7736963033676147
23   1.827536940574646
24   1.5706512928009033
25   2.035921573638916
26   1.8326048851013184
27   1.5771183967590332
28   1.778932809829712
29   2.681006908416748
30   1.8792998790740967
31   2.233865261077881
32   1.9464929103851318
33   2.2276668548583984
34   1.9945604801177979
35   1.8339927196502686
36   1.9673328399658203
37   2.0497937202453613
38   2.1650004386901855
39   2.1356096267700195
40   1.6871055364608765
41   1.9241434335708618
42   1.7242482900619507
43   1.8587332963943481
44   1.9922038316726685
45   1.9627197980880737
46   2.0301358699798584
47   2.061124324798584
48   1.8933424949645996
49   2.1185379028320313
50   2.1449074745178223
51   2.2810487747192383
52   1.827644944190979
53   1.6891244649887085
54   1.7651478052139282
55   1.9412096738815308
56   1.715024709701538
57   1.7581003904342651
58   1.916754961013794
59   1.9386316537857056
60   1.9007540941238403
61   1.7728477716445923
62   2.2299697399139404
63   2.0013890266418457
64   2.149618148803711
65   2.2124199867248535
66   1.9919623136520386
67   1.957137942314148
68   2.566119432449341
69   2.0786354541778564
70   2.1359639167785645
71   2.4554362297058105
72   2.344590902328491
73   2.1330490112304688
74   2.5607733726501465
75   1.9315094947814941
76   1.9014594554901123
77   2.211143970489502
78   1.8689180612564087
79   2.375401020050049
80   2.350141763687134
81   2.1717376708984375
82   1.692244529724121
83   1.7633678913116455
84   2.1443309783935547
85   2.1132757663726807
86   2.0320940017700195
87   2.0484354496002197
88   2.117959499359131
89   1.7128443717956543
90   2.0446994304656982
91   2.2732436656951904
92   2.2513492107391357
93   2.1195907592773438
94   2.5670273303985596
95   2.1610372066497803
96   2.140838146209717
97   2.174852132797241
98   1.9317817687988281
99   2.314894676208496
100   2.2007298469543457
101   2.1437673568725586
102   1.871241569519043
103   1.8628621101379395
104   2.0390775203704834
105   2.1467373371124268
106   1.8309564590454102
107   2.1801109313964844
108   1.9856512546539307
109   1.9359828233718872
110   1.7420856952667236
111   1.9657503366470337
112   1.9312094449996948
113   1.6810647249221802
114   1.8487497568130493
115   1.7388684749603271
116   1.74019455909729
117   1.8295985460281372
118   1.9768270254135132
119   1.91703200340271
120   1.9655323028564453
121   1.9515293836593628
122   1.736698031425476
123   1.7583340406417847
124   1.833189606666565
125   1.7187293767929077
126   1.8478507995605469
127   2.077233076095581
128   1.9347169399261475
129   1.931340217590332
130   1.8066017627716064
131   1.8482816219329834
132   1.8741750717163086
133   1.788769245147705
134   1.8873608112335205
135   2.102898120880127
136   1.8195501565933228
137   1.8200660943984985
138   1.8769630193710327
139   1.8297429084777832
140   1.959865689277649
141   1.92128324508667
142   1.6438721418380737
143   1.770769476890564
144   1.727856993675232
145   2.0843467712402344
146   1.8163506984710693
147   1.8007218837738037
148   1.9019273519515991
149   1.799778938293457
150   2.123037338256836
151   1.9364559650421143
152   1.742397427558899
153   2.0218451023101807
154   1.9069843292236328
155   1.788999319076538
156   1.86128830909729
157   1.7957191467285156
158   1.9486645460128784
159   1.74270761013031
160   1.9557150602340698
1   1.873586893081665
2   1.9352844953536987
3   1.8273730278015137
4   1.659912109375
5   1.506049633026123
6   1.7870473861694336
7   1.6929734945297241
8   2.141691207885742
9   1.883960247039795
10   1.714442491531372
11   1.8245923519134521
12   1.7360329627990723
13   2.063032627105713
14   1.775337815284729
15   1.9296070337295532
16   2.1433699131011963
17   1.6642241477966309
18   1.5611037015914917
19   1.884674072265625
20   1.861104130744934
21   1.6394730806350708
22   2.05973744392395
23   1.6244794130325317
24   1.64812433719635
25   1.551547884941101
26   1.8648252487182617
27   1.826605200767517
28   2.292393684387207
29   1.539628267288208
30   1.9091020822525024
31   1.6004866361618042
32   1.7985926866531372
33   1.6752015352249146
34   1.494556188583374
35   1.8431397676467896
36   2.0473427772521973
37   1.720915675163269
38   1.9454983472824097
39   1.8236008882522583
40   1.6520376205444336
41   1.968155860900879
42   1.6407791376113892
43   1.7195605039596558
44   1.4278275966644287
45   1.6347614526748657
46   1.8601654767990112
47   1.7894434928894043
48   1.725337028503418
49   1.5669077634811401
50   1.795565128326416
51   1.6828263998031616
52   1.9185378551483154
53   1.8416213989257813
54   1.8368436098098755
55   1.9355225563049316
56   1.6569339036941528
57   1.563854455947876
58   1.7418791055679321
59   2.169288396835327
60   1.6336314678192139
61   1.5566785335540771
62   2.1031432151794434
63   1.712958812713623
64   1.4468423128128052
65   1.9059488773345947
66   1.715407133102417
67   1.5698531866073608
68   1.6825287342071533
69   1.7094241380691528
70   1.2704006433486938
71   1.8580766916275024
72   1.7391356229782104
73   2.026033878326416
74   1.624362826347351
75   1.8769642114639282
76   1.7648745775222778
77   1.9961774349212646
78   1.8656128644943237
79   1.6075657606124878
80   1.5743765830993652
81   1.6370960474014282
82   2.1035497188568115
83   1.6693198680877686
84   1.6700778007507324
85   1.7778018712997437
86   1.7262619733810425
87   1.5840353965759277
88   1.8172434568405151
89   1.6192409992218018
90   1.708777904510498
91   1.768776297569275
92   1.7917574644088745
93   1.5790057182312012
94   1.5732474327087402
95   1.714805245399475
96   1.5201588869094849
97   1.8556889295578003
98   1.6774307489395142
99   1.6728243827819824
100   1.8093703985214233
101   1.6667864322662354
102   1.7133898735046387
103   1.7638169527053833
104   1.8214402198791504
105   1.8166309595108032
106   1.4193425178527832
107   1.6239005327224731
108   2.175330877304077
109   1.775681972503662
110   2.0380849838256836
111   1.7160848379135132
112   1.712998390197754
113   1.7350186109542847
114   1.6482012271881104
115   1.8661986589431763
116   1.585878849029541
117   1.4440128803253174
118   1.742646336555481
119   1.7400928735733032
120   1.6123422384262085
121   1.976881504058838
122   1.6988613605499268
123   1.6259562969207764
124   1.4166147708892822
125   1.451346755027771
126   1.6529027223587036
127   1.867019772529602
128   1.5174882411956787
129   2.3324127197265625
130   1.7484644651412964
131   2.041402816772461
132   2.243352174758911
133   1.902405858039856
134   1.834977388381958
135   1.9903982877731323
136   2.068509817123413
137   2.119997501373291
138   1.8028157949447632
139   1.789097785949707
140   1.6571203470230103
141   2.0440218448638916
142   1.6243888139724731
143   1.8455910682678223
144   1.6981478929519653
145   1.7890441417694092
146   1.7391847372055054
147   1.8185303211212158
148   1.6241554021835327
149   1.6510753631591797
150   1.6307744979858398
151   1.6827590465545654
152   1.5967320203781128
153   1.9332889318466187
154   1.833537220954895
155   1.6030267477035522
156   1.697840929031372
157   1.6004427671432495
158   1.8187750577926636
159   1.7970882654190063
160   1.7786837816238403
161   1.9092007875442505
162   1.8970197439193726
163   1.7798742055892944
164   1.8056141138076782
