0   0.0
1   0.19512900710105896
2   0.20151640474796295
3   0.20610804855823517
4   0.19290590286254883
5   0.19378498196601868
6   0.20699085295200348
7   0.18624979257583618
8   0.2073676437139511
9   0.23692141473293304
10   0.2728387415409088
11   0.4060164988040924
12   0.4919833242893219
13   1.0000500679016113
14   1.8799686431884766
15   1.5726279020309448
16   1.6941193342208862
17   1.803658127784729
18   1.8097317218780518
19   1.9357264041900635
20   2.116852045059204
21   2.2974581718444824
22   2.0319015979766846
23   1.5725270509719849
24   1.7704493999481201
25   1.781645655632019
26   1.808080792427063
27   1.7517374753952026
28   2.0736865997314453
29   1.7276973724365234
30   2.6618220806121826
31   2.5571093559265137
32   2.256061315536499
33   1.877530574798584
34   1.903287649154663
35   2.086202621459961
36   1.9828386306762695
37   2.2806365489959717
38   1.8881781101226807
39   2.147195816040039
40   2.1595029830932617
41   2.2458059787750244
42   2.3389639854431152
43   1.818177342414856
44   2.065769910812378
45   1.7586489915847778
46   1.7772393226623535
47   1.4451713562011719
48   1.4602512121200562
49   1.8802133798599243
50   2.37290620803833
51   1.6220952272415161
52   1.5468651056289673
53   1.9124665260314941
54   1.7369885444641113
55   1.7041242122650146
56   2.004988193511963
57   1.7693860530853271
58   2.578456401824951
59   2.188028335571289
60   2.3772354125976563
61   2.2041983604431152
62   2.2698023319244385
63   2.0433430671691895
64   1.9980494976043701
65   1.8727953433990479
66   2.0202436447143555
67   1.4557758569717407
68   2.269822597503662
69   1.8265489339828491
70   2.0402839183807373
71   2.1242051124572754
72   2.081157922744751
73   1.7736904621124268
74   2.39084529876709
75   2.1537435054779053
76   2.2500360012054443
77   2.4686696529388428
78   2.3146347999572754
79   2.050013303756714
80   2.347440004348755
81   1.9880214929580688
82   1.825218677520752
83   2.527714967727661
84   2.5416266918182373
85   2.191880226135254
86   1.531811237335205
87   2.059493064880371
88   1.9688280820846558
89   2.3491485118865967
90   2.2336158752441406
91   1.692749261856079
92   1.9667965173721313
93   1.802001714706421
94   2.0599114894866943
95   2.1871986389160156
96   2.0229218006134033
97   2.4841489791870117
98   2.0878093242645264
99   2.0592987537384033
100   2.358222484588623
101   1.8894160985946655
102   1.8506338596343994
103   2.294396162033081
104   2.234415054321289
105   1.7074761390686035
106   2.246081590652466
107   2.6116228103637695
108   1.874451994895935
109   2.36431622505188
110   2.420991897583008
111   2.163254976272583
112   2.3181912899017334
113   1.8045768737792969
114   2.0578317642211914
115   2.768850088119507
116   1.511722445487976
117   2.2554702758789063
118   1.922041416168213
119   2.1703226566314697
120   2.626230239868164
121   2.1348061561584473
122   2.1632299423217773
123   2.112917423248291
124   2.6529226303100586
125   1.7319186925888062
126   2.024315595626831
127   2.1282031536102295
128   2.2253546714782715
129   2.0725817680358887
130   2.0790107250213623
131   2.1406500339508057
132   2.5687143802642822
133   2.0208775997161865
134   2.0260250568389893
135   2.156832456588745
136   1.753377079963684
137   2.0318970680236816
138   2.5578484535217285
139   2.350451946258545
140   2.267944097518921
141   2.502026081085205
142   1.8696144819259644
143   1.3888615369796753
144   1.532230019569397
145   1.9323053359985352
146   2.129880428314209
147   2.1859939098358154
148   2.0682103633880615
149   1.9495166540145874
150   1.5499478578567505
151   2.0971531867980957
152   1.6646156311035156
153   1.8060486316680908
154   1.983062505722046
155   2.1030421257019043
156   1.8780993223190308
157   1.822376012802124
158   2.09495210647583
159   2.061448812484741
160   2.2547788619995117
161   1.8049207925796509
162   1.745324730873108
163   2.0826528072357178
164   1.6250327825546265
165   2.3565118312835693
166   2.5875391960144043
167   2.277021646499634
168   2.2668752670288086
169   1.726930856704712
170   2.0351150035858154
171   1.623154878616333
172   1.5960021018981934
173   2.018085479736328
174   1.8653392791748047
175   1.651448369026184
176   1.5748846530914307
177   2.199784755706787
178   1.8331973552703857
179   1.8451507091522217
180   2.0409154891967773
181   1.738458275794983
182   1.947961449623108
183   2.287595748901367
184   1.8495171070098877
185   2.037680149078369
186   1.9443681240081787
187   2.025712728500366
188   1.8686949014663696
189   1.793518304824829
190   1.6696585416793823
191   2.337475061416626
192   1.7820255756378174
193   2.0436861515045166
194   1.7049652338027954
195   1.7097586393356323
196   1.847155213356018
197   1.68618643283844
198   2.4531238079071045
199   1.8036184310913086
200   2.1031365394592285
201   2.5277798175811768
202   2.1920440196990967
203   2.0452725887298584
204   2.2433693408966064
205   1.9010035991668701
206   1.7691216468811035
207   1.9383766651153564
208   1.6639389991760254
209   1.704725980758667
210   1.5996583700180054
211   1.4604406356811523
212   2.212252378463745
213   1.6866365671157837
1   1.8786870241165161
2   1.8532363176345825
3   1.8469173908233643
4   1.7335269451141357
5   1.801989197731018
6   2.1599607467651367
7   1.7601821422576904
8   2.3709304332733154
9   1.726012110710144
10   1.9580787420272827
11   2.208266258239746
12   1.5992467403411865
13   1.8498039245605469
14   2.011643886566162
15   1.7579721212387085
16   2.19596004486084
17   1.8040193319320679
18   1.759766697883606
19   2.2271835803985596
20   1.6581649780273438
1   2.124789237976074
2   1.9996755123138428
3   1.7986050844192505
4   1.9405676126480103
5   2.0256683826446533
6   2.184117317199707
7   2.001786708831787
8   1.6515631675720215
9   1.930790901184082
10   1.513445258140564
11   1.7041494846343994
12   1.6923774480819702
13   1.7510312795639038
14   1.8121486902236938
15   2.7546653747558594
16   2.306821584701538
17   2.042729377746582
18   2.068392753601074
19   2.167658567428589
20   2.26487398147583
21   2.3466439247131348
22   1.967374324798584
23   1.9074811935424805
24   1.6536837816238403
25   2.207298517227173
26   1.9755969047546387
27   1.6673914194107056
28   1.8306959867477417
29   2.481706380844116
30   1.6959445476531982
31   2.1328511238098145
32   1.7749085426330566
33   2.0149552822113037
34   2.0043845176696777
35   1.7953648567199707
36   1.9269424676895142
37   1.936427354812622
38   2.2277889251708984
39   2.2045984268188477
40   1.5454143285751343
41   1.9704548120498657
42   1.814612627029419
43   1.941910743713379
44   1.931364893913269
45   1.8644421100616455
46   1.9566142559051514
47   2.0565707683563232
48   1.953633189201355
49   2.01880145072937
50   2.171621561050415
51   2.1838746070861816
52   1.971816897392273
53   1.7386491298675537
54   1.7770600318908691
55   1.993680477142334
56   1.9391716718673706
57   1.806938886642456
58   1.954581379890442
59   1.9295843839645386
60   1.956235408782959
61   1.6823534965515137
62   2.28122878074646
63   2.0303211212158203
64   2.056384563446045
65   2.2597994804382324
66   2.1703073978424072
67   1.944749355316162
68   2.3024990558624268
69   1.9966416358947754
70   1.9290448427200317
71   2.362656831741333
72   2.4507620334625244
73   2.2699549198150635
74   2.7109384536743164
75   2.1482815742492676
76   2.1096391677856445
77   2.2937026023864746
78   2.036242961883545
79   2.560041666030884
80   2.413713216781616
81   2.2800071239471436
82   1.7295016050338745
83   1.8706575632095337
84   2.303581476211548
85   2.2404403686523438
86   2.103464126586914
87   2.1438605785369873
88   2.3434829711914063
89   1.6747792959213257
90   2.0773065090179443
91   2.0657405853271484
92   2.2514050006866455
93   2.116611957550049
94   2.6388843059539795
95   2.1487672328948975
96   2.1162490844726563
97   1.9630454778671265
98   1.8473327159881592
99   2.2591018676757813
100   2.1282968521118164
101   2.124650239944458
102   1.8605798482894897
103   1.9237581491470337
104   1.9315513372421265
105   2.0882301330566406
106   1.6915862560272217
107   2.0380115509033203
108   1.9595563411712646
109   1.886543869972229
110   1.6214133501052856
111   1.8772414922714233
112   1.8824657201766968
113   1.691175937652588
114   1.874125599861145
115   1.6355541944503784
116   1.6049244403839111
117   1.7459933757781982
118   1.8112040758132935
119   1.843045949935913
120   1.853677749633789
121   1.9012362957000732
122   1.640283226966858
123   1.5935896635055542
124   1.7732994556427002
125   1.6806268692016602
126   1.7176153659820557
127   1.9539830684661865
128   1.8913158178329468
129   1.7897546291351318
130   1.6241719722747803
131   1.8073829412460327
132   1.724413514137268
133   1.7143256664276123
134   1.823622703552246
135   2.0968964099884033
136   1.6446864604949951
137   1.718117117881775
138   1.8406615257263184
139   1.786794900894165
140   2.0188698768615723
141   1.8116806745529175
142   1.6102404594421387
143   1.6248095035552979
144   1.4404512643814087
145   1.9211534261703491
146   1.7140874862670898
147   1.6988043785095215
148   1.913978934288025
149   1.6590274572372437
150   2.054823398590088
151   1.8272355794906616
152   1.6070259809494019
153   1.9937587976455688
154   1.7929515838623047
155   1.6045867204666138
156   1.7366011142730713
157   1.5534675121307373
158   1.8542110919952393
159   1.7174359560012817
160   1.9364104270935059
1   2.013664722442627
2   1.9996941089630127
3   1.9527539014816284
4   1.80424964427948
5   1.624243140220642
6   1.94095778465271
7   1.7916841506958008
8   2.277068853378296
9   1.9925616979599
10   1.7806442975997925
11   1.8515580892562866
12   1.841243028640747
13   2.15171480178833
14   1.8865519762039185
15   2.0592689514160156
16   2.1810402870178223
17   1.761763095855713
18   1.6523553133010864
19   1.9028784036636353
20   1.9517673254013062
21   1.702521800994873
22   2.140394926071167
23   1.6920115947723389
24   1.700737476348877
25   1.698115587234497
26   1.934773564338684
27   1.9994869232177734
28   2.377688407897949
29   1.5827319622039795
30   1.9107286930084229
31   1.4629863500595093
32   1.914947271347046
33   1.7490053176879883
34   1.6286414861679077
35   1.9536499977111816
36   2.0972201824188232
37   1.8000082969665527
38   2.0644643306732178
39   1.9317808151245117
40   1.8558412790298462
41   2.0676636695861816
42   1.740837812423706
43   1.8378424644470215
44   1.5473871231079102
45   1.692695140838623
46   1.9443986415863037
47   1.8154114484786987
48   1.862944483757019
49   1.637824535369873
50   1.9288434982299805
51   1.8257067203521729
52   1.8591619729995728
53   1.9511072635650635
54   1.9779412746429443
55   2.1430063247680664
56   1.8016302585601807
57   1.624293565750122
58   1.8547074794769287
59   2.2232565879821777
60   1.7833703756332397
61   1.7231593132019043
62   2.293813467025757
63   1.8034908771514893
64   1.6386690139770508
65   2.0880115032196045
66   1.884727954864502
67   1.6856722831726074
68   1.8573768138885498
69   1.9395124912261963
70   1.3943688869476318
71   1.9418668746948242
72   1.909305214881897
73   2.1549248695373535
74   1.7445508241653442
75   2.0534048080444336
76   1.8830558061599731
77   2.091107130050659
78   1.9886099100112915
79   1.7796835899353027
80   1.636818766593933
81   1.7213866710662842
82   2.241107702255249
83   1.8544585704803467
84   1.7974425554275513
85   1.8215982913970947
86   1.9108407497406006
87   1.712260127067566
88   2.03564715385437
89   1.719299554824829
90   1.875654697418213
91   1.8090835809707642
92   1.8591951131820679
93   1.6833771467208862
94   1.7007876634597778
95   1.7440640926361084
96   1.5917952060699463
97   1.9496349096298218
98   1.8270924091339111
99   1.739432454109192
100   1.9241527318954468
101   1.722886323928833
102   1.7545124292373657
103   1.888904333114624
104   1.8771954774856567
105   1.9973846673965454
106   1.533011555671692
107   1.7338664531707764
108   2.291667938232422
109   1.8619956970214844
110   2.194376230239868
111   1.7277867794036865
112   1.795593500137329
113   1.884253978729248
114   1.7353579998016357
115   2.0016961097717285
116   1.6111302375793457
117   1.516260027885437
118   1.7996492385864258
119   1.7790030241012573
120   1.7897422313690186
121   2.077474355697632
122   1.7583649158477783
123   1.7279177904129028
124   1.4673491716384888
125   1.5287314653396606
126   1.8569148778915405
127   1.9609928131103516
128   1.5196361541748047
129   2.414530038833618
130   1.8462543487548828
131   2.1861729621887207
132   2.3796565532684326
133   1.881950855255127
134   1.9712793827056885
135   2.109334945678711
136   2.2653934955596924
137   2.3004093170166016
138   1.9368840456008911
139   1.9941447973251343
140   1.789322853088379
141   2.153303384780884
142   1.789059042930603
143   1.9849032163619995
144   1.859089732170105
145   1.9272127151489258
146   1.9014002084732056
147   2.0210628509521484
148   1.8048256635665894
149   1.823639988899231
150   1.8017909526824951
151   1.8311161994934082
152   1.6966710090637207
153   2.061356544494629
154   1.9217978715896606
155   1.7323837280273438
156   1.8181521892547607
157   1.6347259283065796
158   1.8000373840332031
159   1.9450877904891968
160   1.9224919080734253
161   2.090620756149292
162   1.8803461790084839
163   1.928062081336975
164   1.9196195602416992
