0   15.79811954498291
1   15.79820728302002
2   15.828938484191895
3   15.801665306091309
4   15.817670822143555
5   15.820782661437988
6   15.804956436157227
7   15.79320240020752
8   15.788540840148926
9   15.779987335205078
10   15.784647941589355
11   15.845382690429688
12   15.858939170837402
13   15.793567657470703
14   15.818402290344238
15   15.90223503112793
16   15.77101993560791
17   15.88031005859375
18   15.767745018005371
19   16.000825881958008
20   15.510393142700195
21   15.763246536254883
22   15.670716285705566
23   15.800597190856934
24   15.618041038513184
25   15.712166786193848
26   15.428486824035645
27   15.870121955871582
28   15.803817749023438
29   15.738262176513672
30   15.60610294342041
31   15.77475643157959
32   15.9979248046875
33   16.060047149658203
34   16.540882110595703
35   15.757615089416504
36   15.522823333740234
37   15.682425498962402
38   15.944208145141602
39   15.767239570617676
40   15.745072364807129
41   15.646196365356445
42   15.573880195617676
43   15.561162948608398
44   16.20195960998535
45   15.798674583435059
46   15.687055587768555
47   15.828593254089355
48   15.644615173339844
49   15.744415283203125
50   15.555845260620117
51   15.676552772521973
52   15.736725807189941
53   15.815766334533691
54   15.550941467285156
55   15.540918350219727
56   15.518811225891113
57   15.780065536499023
58   16.050687789916992
59   15.62520980834961
60   15.476719856262207
61   15.411425590515137
62   15.7716703414917
63   15.489703178405762
64   15.358407020568848
65   15.676372528076172
66   15.833041191101074
67   15.555154800415039
68   15.477246284484863
69   15.600769996643066
70   15.708967208862305
71   15.639493942260742
72   15.31417179107666
73   15.644572257995605
74   15.449883460998535
75   15.413068771362305
76   15.695366859436035
77   15.71796703338623
78   15.539750099182129
79   15.656822204589844
80   15.874982833862305
81   15.868501663208008
82   15.900412559509277
83   16.065505981445313
84   16.015552520751953
85   15.795665740966797
86   15.862970352172852
87   15.534924507141113
88   16.103017807006836
89   16.173931121826172
90   15.911856651306152
91   15.969625473022461
92   16.03717803955078
93   15.665009498596191
94   15.768367767333984
95   15.644862174987793
96   15.794645309448242
97   15.695877075195313
98   15.906307220458984
99   15.844670295715332
100   15.560184478759766
101   15.300219535827637
102   15.838736534118652
103   16.123855590820313
104   15.916080474853516
105   15.751303672790527
106   15.552546501159668
107   15.606536865234375
108   15.58574104309082
109   15.57697868347168
110   15.396486282348633
111   15.557493209838867
112   15.524011611938477
113   15.458663940429688
114   15.397222518920898
115   15.715728759765625
116   15.81077766418457
117   15.795982360839844
118   16.053892135620117
119   15.736522674560547
120   15.496906280517578
121   15.702899932861328
122   16.031248092651367
123   15.93794059753418
124   15.909140586853027
125   15.620696067810059
126   15.584158897399902
127   15.529861450195313
128   15.538191795349121
129   15.455809593200684
130   15.527647018432617
131   15.564469337463379
132   15.54731273651123
133   15.655393600463867
134   15.977089881896973
135   15.527883529663086
136   15.670230865478516
137   15.795066833496094
138   15.76146411895752
139   15.644477844238281
140   15.468300819396973
141   15.660977363586426
142   15.698586463928223
143   15.598130226135254
144   15.94123649597168
145   15.609469413757324
146   15.662359237670898
147   15.736578941345215
148   15.879109382629395
149   15.450389862060547
150   15.773407936096191
151   15.630203247070313
152   15.678706169128418
153   15.630499839782715
154   15.315882682800293
155   15.460070610046387
156   15.811759948730469
157   16.196853637695313
158   15.76609992980957
159   15.860502243041992
160   15.843942642211914
161   15.834383964538574
162   15.607316017150879
163   15.865723609924316
164   15.829075813293457
165   15.61526870727539
166   15.59179973602295
167   15.51928997039795
168   15.663732528686523
169   16.179035186767578
170   15.516499519348145
171   15.525677680969238
172   15.34505558013916
173   15.482735633850098
174   15.605086326599121
175   15.649261474609375
176   15.63209056854248
177   15.472285270690918
178   15.847284317016602
179   16.046762466430664
180   15.61779499053955
181   15.445191383361816
182   15.643387794494629
183   15.381914138793945
184   15.693453788757324
185   16.0133056640625
186   15.607227325439453
187   15.577569961547852
188   15.745140075683594
189   15.639871597290039
190   15.491525650024414
191   15.512889862060547
192   15.586848258972168
193   15.535202026367188
194   15.657792091369629
195   15.77708911895752
196   15.698698997497559
197   15.584216117858887
198   15.570443153381348
199   15.488031387329102
200   15.723172187805176
201   15.379854202270508
202   15.550667762756348
203   15.99354076385498
204   16.02946662902832
205   15.56106185913086
206   15.648292541503906
207   15.771737098693848
208   15.439827919006348
209   15.440145492553711
210   15.339692115783691
211   15.4559907913208
212   15.347164154052734
213   15.478877067565918
