1   15.735240936279297
2   15.769768714904785
3   16.096595764160156
4   15.982344627380371
5   15.706818580627441
6   15.685309410095215
7   15.802815437316895
8   16.565088272094727
9   15.837782859802246
10   15.786384582519531
11   15.745979309082031
12   15.883390426635742
13   16.244266510009766
14   15.909549713134766
15   15.7479829788208
16   15.922901153564453
17   15.77933120727539
18   16.015695571899414
19   15.967611312866211
20   15.516740798950195
21   15.716753005981445
22   15.687065124511719
23   15.676734924316406
24   15.4480562210083
25   15.701610565185547
26   15.7913818359375
27   15.553677558898926
28   15.930530548095703
29   15.730744361877441
30   15.561492919921875
31   15.829215049743652
32   15.569490432739258
33   15.563401222229004
34   15.438066482543945
35   15.585742950439453
36   15.423656463623047
37   15.470757484436035
38   15.431742668151855
39   15.42369556427002
40   15.786381721496582
41   15.592408180236816
42   15.517003059387207
43   15.334035873413086
44   15.298883438110352
45   15.443572044372559
46   15.482645034790039
47   15.810941696166992
48   15.756014823913574
49   15.710715293884277
50   15.72518253326416
51   15.519392013549805
52   15.602605819702148
53   15.500022888183594
54   15.5794095993042
55   15.573966026306152
56   15.834497451782227
57   16.258790969848633
58   15.870804786682129
59   15.979554176330566
60   15.92932415008545
61   15.795877456665039
62   15.633493423461914
63   15.795146942138672
64   15.614570617675781
65   15.737703323364258
66   15.985308647155762
67   15.867122650146484
68   16.200069427490234
69   16.163606643676758
70   15.872407913208008
71   15.801459312438965
72   16.107940673828125
73   15.87590217590332
74   15.672344207763672
75   15.467698097229004
76   15.708763122558594
77   15.431381225585938
78   15.588820457458496
79   16.030973434448242
80   15.521108627319336
81   15.75915813446045
82   15.83950138092041
83   15.656755447387695
84   15.34311294555664
85   15.723926544189453
86   15.695347785949707
87   15.912768363952637
88   15.782392501831055
89   15.820137023925781
90   15.905853271484375
91   16.12601089477539
92   16.034860610961914
93   16.356889724731445
94   15.874208450317383
95   15.686098098754883
96   16.034423828125
97   16.073486328125
98   15.834247589111328
99   15.450874328613281
100   15.70326042175293
101   16.055959701538086
102   15.767512321472168
103   16.096986770629883
104   15.781052589416504
105   15.7608642578125
106   15.59674072265625
107   16.021686553955078
108   15.499228477478027
109   15.800021171569824
110   15.853180885314941
111   15.774846076965332
112   15.745331764221191
113   15.681625366210938
114   15.650222778320313
115   16.038694381713867
116   15.446076393127441
117   15.566568374633789
118   16.021137237548828
119   15.800420761108398
120   15.582925796508789
121   15.519125938415527
122   15.767423629760742
123   15.572559356689453
124   15.789166450500488
125   15.80282974243164
126   15.297830581665039
127   15.369939804077148
128   15.365738868713379
129   15.62075138092041
130   15.685866355895996
131   15.561605453491211
132   15.554664611816406
133   15.548147201538086
134   15.999687194824219
135   15.7870512008667
136   15.590888023376465
137   15.610640525817871
138   15.472098350524902
139   15.643572807312012
140   15.866822242736816
141   15.59727668762207
142   15.353434562683105
143   16.074851989746094
144   15.92436408996582
145   15.910873413085938
146   15.775010108947754
147   15.717362403869629
148   15.688665390014648
149   15.737617492675781
150   15.82509708404541
151   15.780542373657227
152   15.975704193115234
153   15.784151077270508
154   15.587719917297363
155   15.24621868133545
156   15.628676414489746
157   15.900147438049316
158   15.762550354003906
159   16.082040786743164
160   15.832122802734375
161   15.66970443725586
162   15.480415344238281
163   15.658183097839355
164   15.704062461853027
