0   0.0
1   0.12187565118074417
2   0.2553878426551819
3   0.1707467883825302
4   0.2375243753194809
5   0.1964012235403061
6   0.11785992980003357
7   0.22368818521499634
8   0.17771589756011963
9   0.28787410259246826
10   0.1816287338733673
11   0.7770780920982361
12   0.6724435687065125
13   0.9798108339309692
14   1.2761030197143555
15   0.7904942631721497
16   1.2560073137283325
17   1.491848349571228
18   1.1961665153503418
19   1.0179544687271118
20   1.4964841604232788
21   1.3770307302474976
22   0.7914048433303833
23   0.9923420548439026
24   2.082394599914551
25   1.0938674211502075
26   0.9328451752662659
27   1.3815854787826538
28   0.7627442479133606
29   1.1138614416122437
30   1.0094279050827026
31   1.3841453790664673
32   1.2696857452392578
33   1.3105818033218384
34   0.9597925543785095
35   1.2467408180236816
36   1.4107822179794312
37   1.4791676998138428
38   1.4340060949325562
39   0.7647373676300049
40   1.9530164003372192
41   1.3113508224487305
42   1.253995418548584
43   1.5039137601852417
44   1.567667841911316
45   1.590358853340149
46   1.076042890548706
47   1.9229406118392944
48   1.0380207300186157
49   1.607586145401001
50   1.6848806142807007
51   1.344469428062439
52   1.4840950965881348
53   1.1513278484344482
54   1.0707883834838867
55   1.3505785465240479
56   1.579142451286316
57   2.017378091812134
58   2.6816155910491943
59   1.4568408727645874
60   1.9562216997146606
61   1.5519933700561523
62   1.6330169439315796
63   1.0142205953598022
64   2.353487968444824
65   2.4801042079925537
66   1.6901637315750122
67   1.513327956199646
68   1.4610346555709839
69   2.5629420280456543
70   1.3732507228851318
71   1.5747231245040894
72   1.736751914024353
73   1.8949426412582397
74   2.571357250213623
75   3.0259718894958496
76   1.2801463603973389
77   2.265070676803589
78   1.9948731660842896
79   1.781019926071167
80   1.1399919986724854
81   1.2298429012298584
82   1.359087347984314
83   0.9525306820869446
84   1.3254469633102417
85   1.3794176578521729
86   1.6861521005630493
87   1.6151944398880005
88   1.1930729150772095
89   1.6412299871444702
90   1.4773341417312622
91   1.1349772214889526
92   1.2664285898208618
93   1.2224024534225464
94   1.403235673904419
95   1.541684865951538
96   0.9426018595695496
97   1.822859764099121
98   1.2940888404846191
99   1.3493770360946655
100   1.275510311126709
101   1.4307705163955688
102   1.5611357688903809
103   1.393295407295227
104   1.0158302783966064
105   2.0049941539764404
106   1.1813619136810303
107   1.3195178508758545
108   1.0058013200759888
109   1.0615438222885132
110   0.8934010863304138
111   1.0644307136535645
112   1.3303099870681763
113   1.2727054357528687
114   1.1709773540496826
115   0.8060302734375
116   1.6061882972717285
117   1.5910494327545166
118   1.8107495307922363
119   1.3636958599090576
120   1.627174735069275
121   1.5622859001159668
122   1.5449512004852295
123   1.4209047555923462
124   2.3326311111450195
125   2.5833077430725098
126   1.3609813451766968
127   1.4483402967453003
128   1.2558332681655884
129   1.5037670135498047
130   2.4292726516723633
131   1.4810081720352173
132   1.6355664730072021
133   1.8191813230514526
134   1.772890329360962
135   1.9024816751480103
136   2.0702271461486816
137   2.0322930812835693
138   1.3685213327407837
139   2.047929048538208
140   1.4169656038284302
141   2.0247228145599365
142   1.4306859970092773
143   1.3595088720321655
144   1.7103060483932495
145   1.8088476657867432
146   1.3436357975006104
147   1.8478059768676758
148   2.523576259613037
149   1.3028110265731812
150   1.6125483512878418
151   1.63113534450531
152   1.4579041004180908
153   2.036229372024536
154   1.5038155317306519
155   2.0393924713134766
156   1.904826045036316
157   2.2976927757263184
158   2.122556209564209
159   2.1018776893615723
160   2.176791191101074
161   1.7139859199523926
162   1.8666280508041382
163   1.4682941436767578
164   1.8592640161514282
165   1.5202187299728394
166   1.746139407157898
167   1.5166864395141602
168   1.4183465242385864
169   1.587263822555542
170   1.9458597898483276
171   1.4501813650131226
172   1.9111251831054688
173   1.5979949235916138
174   1.454680323600769
175   2.386587619781494
176   1.6175793409347534
177   2.0783557891845703
178   1.6877425909042358
179   1.5604276657104492
180   1.4277273416519165
181   2.0912892818450928
182   1.5705779790878296
183   1.8889174461364746
184   1.9750372171401978
185   2.0175135135650635
186   1.352387547492981
187   1.7315446138381958
188   1.9499212503433228
189   1.3658002614974976
190   2.0820834636688232
191   1.9296752214431763
192   1.3399910926818848
193   1.5246074199676514
194   1.4460190534591675
195   1.4462814331054688
196   1.5708134174346924
197   1.1315991878509521
198   1.7849276065826416
199   1.876836895942688
200   2.3140640258789063
201   2.32369327545166
202   2.1147491931915283
203   1.851524829864502
204   1.4381611347198486
205   2.227216958999634
206   1.6097261905670166
207   2.463876247406006
208   1.6270273923873901
209   2.20121693611145
210   1.55414879322052
211   1.78184974193573
212   1.44735586643219
213   1.5166447162628174
1   1.323610544204712
2   1.868775725364685
3   1.4868971109390259
4   1.4888620376586914
5   1.4418442249298096
6   2.0568432807922363
7   1.9923877716064453
8   1.5668299198150635
9   1.8020896911621094
10   1.6375231742858887
11   2.2096500396728516
12   1.7150921821594238
13   1.6432806253433228
14   2.550917625427246
15   1.2651665210723877
16   1.8045397996902466
17   1.457934856414795
18   1.5827059745788574
19   1.8865123987197876
20   1.474333643913269
1   1.6453361511230469
2   1.5293327569961548
3   1.6097146272659302
4   1.77449631690979
5   1.8068901300430298
6   1.6056976318359375
7   1.7811177968978882
8   1.4193737506866455
9   1.9786940813064575
10   1.649958848953247
11   1.7766708135604858
12   1.8582429885864258
13   1.6741077899932861
14   1.6328747272491455
15   1.7383859157562256
16   1.7305458784103394
17   1.7713837623596191
18   1.5350894927978516
19   2.006803035736084
20   1.7216639518737793
21   1.7606197595596313
22   1.698125958442688
23   1.905959963798523
24   1.865454077720642
25   1.5816006660461426
26   1.8343865871429443
27   1.9218635559082031
28   1.7662900686264038
29   1.7250028848648071
30   1.9538624286651611
31   1.740499496459961
32   1.614561915397644
33   1.7041726112365723
34   1.8021724224090576
35   1.6382660865783691
36   1.6808584928512573
37   1.6108477115631104
38   2.2201461791992188
39   1.7993000745773315
40   1.404117226600647
41   2.013957977294922
42   1.9612785577774048
43   2.109994649887085
44   1.6458178758621216
45   1.9173415899276733
46   1.702026128768921
47   1.5430610179901123
48   1.6637704372406006
49   1.7580804824829102
50   1.8406256437301636
51   1.7990726232528687
52   1.4671558141708374
53   1.8471885919570923
54   1.7101486921310425
55   1.8333251476287842
56   1.976466417312622
57   1.8869268894195557
58   1.9814060926437378
59   1.7180782556533813
60   1.8583441972732544
61   1.864417552947998
62   1.9784151315689087
63   1.6256818771362305
64   1.75212562084198
65   1.914722204208374
66   1.843101143836975
67   1.660908579826355
68   1.8428581953048706
69   1.9883607625961304
70   1.9392409324645996
71   1.882655382156372
72   1.8582618236541748
73   1.7844719886779785
74   1.9015017747879028
75   1.9428397417068481
76   1.6065481901168823
77   1.7862290143966675
78   1.7677099704742432
79   1.7603989839553833
80   1.8133145570755005
81   1.634810209274292
82   1.6882492303848267
83   1.692793607711792
84   2.071528911590576
85   1.6328370571136475
86   2.0674386024475098
87   1.611281394958496
88   1.681654453277588
89   1.6867510080337524
90   1.883172869682312
91   1.7223459482192993
92   1.8427660465240479
93   1.8531237840652466
94   1.841041922569275
95   1.6628142595291138
96   1.7795037031173706
97   1.6487128734588623
98   1.6857693195343018
99   1.7981674671173096
100   1.661280870437622
101   1.7808153629302979
102   1.7550432682037354
103   1.7777010202407837
104   1.6965293884277344
105   1.6718169450759888
106   1.726857304573059
107   1.779214859008789
108   1.5069518089294434
109   1.653498649597168
110   1.737593173980713
111   1.7383676767349243
112   1.5455269813537598
113   1.754713535308838
114   1.8058140277862549
115   1.967039704322815
116   1.8674330711364746
117   1.7055389881134033
118   1.7608730792999268
119   1.8282376527786255
120   1.9840354919433594
121   1.6425421237945557
122   1.7273986339569092
123   1.907692790031433
124   1.678205132484436
125   1.8036856651306152
126   1.7027323246002197
127   1.560884952545166
128   1.8595736026763916
129   1.7124378681182861
130   1.9979791641235352
131   1.9625258445739746
132   1.645872950553894
133   1.8349719047546387
134   1.7294691801071167
135   1.6393086910247803
136   1.5793570280075073
137   1.7541800737380981
138   1.8647316694259644
139   1.9068535566329956
140   1.8403923511505127
141   2.022883653640747
142   1.8031270503997803
143   1.753614068031311
144   1.6138916015625
145   1.413104772567749
146   1.7528045177459717
147   1.9151244163513184
148   2.0322701930999756
149   1.7098265886306763
150   1.8335217237472534
151   1.7314770221710205
152   1.4804277420043945
153   1.7191672325134277
154   1.899339199066162
155   1.6766908168792725
156   1.6600309610366821
157   1.756640911102295
158   1.588534951210022
159   1.6774710416793823
160   1.78987717628479
1   1.4589507579803467
2   1.594163179397583
3   1.8958932161331177
4   1.7669730186462402
5   1.6379852294921875
6   1.5520117282867432
7   1.7838850021362305
8   1.7075148820877075
9   1.6450833082199097
10   1.6617238521575928
11   1.7537957429885864
12   1.6555651426315308
13   1.5734913349151611
14   1.603803038597107
15   1.8579888343811035
16   1.563198208808899
17   1.752555012702942
18   1.8214690685272217
19   1.703131079673767
20   1.610538125038147
21   1.841976284980774
22   1.9699879884719849
23   1.550758957862854
24   1.8617331981658936
25   1.7187018394470215
26   1.4471439123153687
27   1.6905288696289063
28   1.865308165550232
29   1.5891315937042236
30   1.6638282537460327
31   1.7210818529129028
32   1.7638245820999146
33   1.4188683032989502
34   1.644624948501587
35   1.6752359867095947
36   1.650912880897522
37   1.7358102798461914
38   1.4578511714935303
39   2.039022207260132
40   1.9241822957992554
41   1.5936965942382813
42   1.6218838691711426
43   1.7372387647628784
44   1.3498362302780151
45   1.407321572303772
46   1.6485427618026733
47   1.413719892501831
48   1.3885257244110107
49   1.7541961669921875
50   1.810578465461731
51   1.469822645187378
52   1.712334156036377
53   1.62842857837677
54   1.8650068044662476
55   1.7067118883132935
56   1.669642686843872
57   1.2249425649642944
58   1.622257947921753
59   1.9190609455108643
60   1.7971996068954468
61   1.6973090171813965
62   1.7708196640014648
63   1.70158052444458
64   1.5827991962432861
65   1.7393252849578857
66   1.7139919996261597
67   2.1090312004089355
68   2.1238622665405273
69   1.8591798543930054
70   1.4445654153823853
71   1.4834059476852417
72   1.7642369270324707
73   1.2990528345108032
74   1.9208290576934814
75   1.9734265804290771
76   1.8288880586624146
77   1.5871095657348633
78   1.4611436128616333
79   1.3671183586120605
80   2.134470224380493
81   1.2390758991241455
82   1.7122024297714233
83   1.4735313653945923
84   1.8911064863204956
85   2.1299214363098145
86   1.3176813125610352
87   1.7866427898406982
88   1.703587532043457
89   2.539975881576538
90   1.683863639831543
91   1.3760265111923218
92   1.46266508102417
93   1.456505537033081
94   1.4233875274658203
95   1.69081449508667
96   1.5479933023452759
97   1.4912503957748413
98   1.4432748556137085
99   2.440826416015625
100   1.9281187057495117
101   1.6586592197418213
102   2.2059946060180664
103   1.6672526597976685
104   1.4094336032867432
105   1.6893988847732544
106   1.507896065711975
107   2.284970760345459
108   1.5826419591903687
109   1.3412319421768188
110   1.4404525756835938
111   1.4592952728271484
112   1.5099095106124878
113   1.398664951324463
114   1.7415013313293457
115   2.1003212928771973
116   1.4910815954208374
117   1.7230242490768433
118   1.3499482870101929
119   1.8696305751800537
120   1.8476983308792114
121   1.3616589307785034
122   1.2507922649383545
123   1.604843258857727
124   1.3437597751617432
125   1.6775104999542236
126   2.1174583435058594
127   1.757475733757019
128   1.548171043395996
129   1.496407389640808
130   1.5529415607452393
131   1.8635956048965454
132   1.6047402620315552
133   1.5901538133621216
134   1.7046948671340942
135   1.5193523168563843
136   1.66720712184906
137   1.61571204662323
138   1.904522180557251
139   1.8852134943008423
140   1.7584385871887207
141   1.5467846393585205
142   1.681623935699463
143   1.5483201742172241
144   2.031816244125366
145   1.676725149154663
146   1.839600920677185
147   1.5154833793640137
148   1.8508492708206177
149   1.5651938915252686
150   1.6289156675338745
151   1.8461048603057861
152   1.6520568132400513
153   1.5314370393753052
154   2.0059149265289307
155   1.671220302581787
156   1.6563345193862915
157   1.858813762664795
158   1.6089942455291748
159   1.4866315126419067
160   1.6393823623657227
161   1.8637685775756836
162   1.7765700817108154
163   1.879540205001831
164   1.8198727369308472
