0   0.0
1   2.4119644165039063
2   2.259561061859131
3   1.9388155937194824
4   1.8044848442077637
5   2.208721160888672
6   1.9435248374938965
7   2.0972461700439453
8   1.9575036764144897
9   2.1611926555633545
10   2.8470985889434814
11   3.1590778827667236
12   3.2712254524230957
13   4.2536163330078125
14   4.82205057144165
15   5.053103923797607
16   3.730288505554199
17   3.0515658855438232
18   3.713392496109009
19   3.8193604946136475
20   3.085974931716919
21   4.576122760772705
22   4.489981174468994
23   5.284574508666992
24   4.0723443031311035
25   4.342375755310059
26   4.5458664894104
27   4.471004009246826
28   4.267880916595459
29   3.865649461746216
30   4.246524810791016
31   2.8282556533813477
32   4.994384288787842
33   4.106686592102051
34   3.6372199058532715
35   5.474006652832031
36   5.222811698913574
37   4.879855632781982
38   3.8506102561950684
39   6.128021240234375
40   5.6822614669799805
41   4.292196750640869
42   6.064492225646973
43   5.518749713897705
44   3.965109348297119
45   3.7869131565093994
46   4.438144683837891
47   3.695692777633667
48   4.1410298347473145
49   4.104377269744873
50   4.200509071350098
51   5.196573257446289
52   4.920269966125488
53   4.157133102416992
54   4.227645397186279
55   3.622591972351074
56   3.8252720832824707
57   3.2401845455169678
58   3.924025058746338
59   4.904475212097168
60   4.78101110458374
61   3.9030299186706543
62   5.588893413543701
63   5.406022548675537
64   3.729713201522827
65   4.208813667297363
66   4.132362365722656
67   4.528635025024414
68   3.997159481048584
69   3.5464675426483154
70   4.206270694732666
71   4.529987812042236
72   3.7155344486236572
73   4.278331756591797
74   3.654874801635742
75   4.128188133239746
76   4.459634780883789
77   3.8025968074798584
78   5.206236362457275
79   3.955096960067749
80   4.503983497619629
81   4.572185039520264
82   4.430739879608154
83   4.665966033935547
84   5.210951805114746
85   4.606446743011475
86   3.2633726596832275
87   3.763866662979126
88   4.193918228149414
89   4.128402233123779
90   4.439794540405273
91   4.673366069793701
92   4.386863708496094
93   4.524515628814697
94   3.967646360397339
95   3.354121685028076
96   2.905034065246582
97   3.7637648582458496
98   3.366079568862915
99   3.529433012008667
100   4.278250217437744
101   4.322030544281006
102   4.722365379333496
103   4.2552690505981445
104   4.360784530639648
105   4.011733531951904
106   4.117286205291748
107   3.7305686473846436
108   4.819253444671631
109   5.365433216094971
110   5.79331636428833
111   6.305377960205078
112   3.831404685974121
113   4.193676948547363
114   5.384108543395996
115   5.421575546264648
116   4.99977970123291
117   6.789379596710205
118   6.028594017028809
119   6.851393222808838
120   6.636504173278809
121   6.6041579246521
122   6.697141647338867
123   6.285926818847656
124   6.8550496101379395
125   5.542171001434326
126   5.060727596282959
127   6.465758800506592
128   5.59203577041626
129   4.858705520629883
130   4.867978096008301
131   5.827574729919434
132   5.065940856933594
133   4.93499755859375
134   5.454893589019775
135   5.091024875640869
136   5.329931259155273
137   5.062024116516113
138   4.523062705993652
139   5.024951934814453
140   5.227259159088135
141   5.304049491882324
142   4.940132141113281
143   4.2065253257751465
144   3.703810453414917
145   4.331371784210205
146   4.596334934234619
147   4.202141284942627
148   5.452712535858154
149   3.705857038497925
150   4.995522975921631
151   5.63670539855957
152   6.685615539550781
153   5.938662052154541
154   5.176805019378662
155   5.156281471252441
156   5.941894054412842
157   5.966825008392334
158   4.39931583404541
159   6.106834888458252
160   6.47176456451416
161   5.245744705200195
162   6.243847370147705
163   5.595821857452393
164   5.141883373260498
165   4.391205310821533
166   4.853257656097412
167   4.85668420791626
168   4.964365005493164
169   5.428525924682617
170   5.834694862365723
171   4.85214376449585
172   4.97447395324707
173   4.575282573699951
174   5.45616340637207
175   4.516427993774414
176   5.520129680633545
177   3.4649946689605713
178   4.708879470825195
179   4.560441017150879
180   4.613024711608887
181   5.889498233795166
182   5.698732852935791
183   5.711538314819336
184   5.382693767547607
185   5.346098899841309
186   4.730999946594238
187   5.203731060028076
188   6.3962836265563965
189   6.419559478759766
190   5.795326232910156
191   6.200128078460693
192   5.246891975402832
193   6.170827865600586
194   6.854892730712891
195   4.720432281494141
196   6.490031719207764
197   5.663372039794922
198   4.881641387939453
199   5.155366897583008
200   5.681828022003174
201   5.847146511077881
202   6.086160182952881
203   6.540343284606934
204   5.831417560577393
205   3.697690725326538
206   4.585719585418701
207   5.046008110046387
208   5.178043365478516
209   4.335877895355225
210   5.8716607093811035
211   5.1010661125183105
212   4.930001258850098
213   5.236086845397949
1   5.165074825286865
2   4.317160606384277
3   5.1408538818359375
4   5.602024078369141
5   4.693553447723389
6   5.283468723297119
7   5.27231502532959
8   4.560035228729248
9   6.356658458709717
10   5.695485591888428
11   5.229859828948975
12   4.741607189178467
13   5.976794719696045
14   4.382413864135742
15   5.312755107879639
16   5.261821746826172
17   6.483280658721924
18   5.310085773468018
19   5.458998203277588
20   5.294802665710449
1   5.960484027862549
2   5.980012893676758
3   5.420483112335205
4   4.468405246734619
5   4.657532691955566
6   4.961095809936523
7   4.680042743682861
8   5.616635799407959
9   4.990747451782227
10   5.311636924743652
11   4.967565059661865
12   5.226987361907959
13   6.386240482330322
14   5.050190448760986
15   5.0589799880981445
16   4.681751251220703
17   4.611196994781494
18   5.277370452880859
19   5.0351152420043945
20   5.056239604949951
21   4.49610710144043
22   6.971829414367676
23   6.062798500061035
24   6.43693208694458
25   4.648678779602051
26   4.523828029632568
27   6.397782802581787
28   5.249931812286377
29   5.442864894866943
30   5.232645034790039
31   6.273603916168213
32   5.173437118530273
33   5.2890625
34   6.383020877838135
35   5.263504981994629
36   5.858282566070557
37   5.2266011238098145
38   6.321944236755371
39   5.193356513977051
40   6.121667861938477
41   5.228220462799072
42   4.917411804199219
43   5.333090305328369
44   4.880586624145508
45   6.077279567718506
46   5.519964218139648
47   4.986024856567383
48   4.895028114318848
49   4.667798042297363
50   4.760445594787598
51   5.043791770935059
52   5.8712992668151855
53   4.998483657836914
54   4.863412857055664
55   5.2078423500061035
56   5.1777167320251465
57   5.161779403686523
58   5.954631328582764
59   5.396759033203125
60   4.720986843109131
61   5.573971748352051
62   4.903861045837402
63   5.614451885223389
64   4.7033538818359375
65   4.612145900726318
66   5.675200462341309
67   5.718531131744385
68   5.2846760749816895
69   4.418981552124023
70   5.25217866897583
71   5.501189708709717
72   4.575154781341553
73   4.725061893463135
74   4.704553127288818
75   5.95395565032959
76   5.686356544494629
77   6.668331146240234
78   6.615281581878662
79   5.542221546173096
80   6.642775058746338
81   4.570239067077637
82   5.142747402191162
83   4.686219692230225
84   5.528287410736084
85   5.752809047698975
86   4.786228179931641
87   6.84818696975708
88   6.752799034118652
89   6.332046985626221
90   6.672386646270752
91   6.282991409301758
92   5.799367904663086
93   5.947568416595459
94   5.949775218963623
95   4.315258979797363
96   4.4355316162109375
97   4.559403896331787
98   4.443451881408691
99   5.014341354370117
100   5.194812297821045
101   4.873289585113525
102   3.9726624488830566
103   4.4740447998046875
104   3.308436870574951
105   4.691492080688477
106   4.278120517730713
107   4.525246620178223
108   4.203283786773682
109   4.540356159210205
110   4.176830291748047
111   4.814988613128662
112   5.100678443908691
113   4.535277843475342
114   3.8347437381744385
115   3.6371281147003174
116   3.237710475921631
117   4.356409549713135
118   4.40215539932251
119   5.302741050720215
120   4.878886699676514
121   5.645700931549072
122   5.880178451538086
123   5.3726420402526855
124   5.039505481719971
125   4.99463415145874
126   4.0496954917907715
127   5.51609992980957
128   5.168931007385254
129   4.550198554992676
130   4.186179161071777
131   4.205357551574707
132   4.910600662231445
133   4.752113342285156
134   4.350554466247559
135   5.135132789611816
136   5.730413436889648
137   5.732946872711182
138   4.67744255065918
139   5.071483612060547
140   5.361945629119873
141   5.765871524810791
142   5.600901126861572
143   4.963375091552734
144   5.100289821624756
145   4.393623352050781
146   5.459989547729492
147   5.2442426681518555
148   4.850772380828857
149   4.700543403625488
150   4.012033462524414
151   4.92769193649292
152   5.916877269744873
153   5.531083106994629
154   4.815686225891113
155   4.523033142089844
156   4.740531921386719
157   5.394815444946289
158   4.989177703857422
159   5.460178375244141
160   5.4591145515441895
1   5.332837104797363
2   5.285942554473877
3   5.246974945068359
4   5.725860118865967
5   4.833202362060547
6   5.288320064544678
7   5.6388936042785645
8   4.947837829589844
9   5.074273109436035
10   5.217213153839111
11   4.822490692138672
12   5.4670796394348145
13   5.096825122833252
14   6.5120720863342285
15   4.548874855041504
16   6.025100231170654
17   5.734512805938721
18   5.239075183868408
19   6.61654806137085
20   5.237087249755859
21   4.679068088531494
22   4.859649181365967
23   5.04624605178833
24   4.915931224822998
25   5.490032196044922
26   5.549886226654053
27   5.124822616577148
28   4.953096389770508
29   5.116689682006836
30   5.1285719871521
31   4.551962375640869
32   4.811949253082275
33   5.190627098083496
34   5.156988620758057
35   5.1132025718688965
36   4.890275478363037
37   5.258101463317871
38   4.700911045074463
39   5.191619873046875
40   5.027916431427002
41   5.125143051147461
42   5.261826038360596
43   5.737678050994873
44   5.21712589263916
45   4.753232955932617
46   6.583624839782715
47   5.960381984710693
48   4.676673889160156
49   6.1651201248168945
50   5.621445178985596
51   5.301233768463135
52   5.395142555236816
53   5.573461055755615
54   4.846914291381836
55   5.670266151428223
56   4.893869876861572
57   5.384993076324463
58   5.382299900054932
59   5.138220310211182
60   4.964505672454834
61   4.672265529632568
62   5.328427791595459
63   5.51235818862915
64   6.249352931976318
65   5.382668972015381
66   5.101673603057861
67   4.581514835357666
68   4.796694278717041
69   6.409745216369629
70   6.6165361404418945
71   5.805202484130859
72   6.283408164978027
73   5.765053749084473
74   4.654990196228027
75   4.650467395782471
76   4.313115119934082
77   5.012074947357178
78   4.798065185546875
79   5.059081077575684
80   5.67943811416626
81   5.177225112915039
82   6.2680182456970215
83   5.843083381652832
84   6.662755966186523
85   5.367398262023926
86   6.378537654876709
87   4.722893238067627
88   4.923399925231934
89   5.1427130699157715
90   5.32853889465332
91   5.549121856689453
92   5.288296699523926
93   5.203487396240234
94   6.33671236038208
95   4.904192924499512
96   5.784836292266846
97   6.872227668762207
98   5.37143087387085
99   4.312282085418701
100   4.786850929260254
101   4.6486992835998535
102   6.3444719314575195
103   5.31906270980835
104   4.58406400680542
105   4.27577543258667
106   4.866822719573975
107   5.753550052642822
108   6.462086200714111
109   5.307065963745117
110   6.7496747970581055
111   4.285437107086182
112   5.048831939697266
113   5.595170021057129
114   5.334769248962402
115   4.804032802581787
116   6.310094833374023
117   4.819793701171875
118   5.285737037658691
119   6.1667351722717285
120   5.309240818023682
121   5.382350921630859
122   5.8050642013549805
123   5.395849704742432
124   4.7392096519470215
125   5.419034957885742
126   4.9337992668151855
127   4.468134880065918
128   5.146657466888428
129   5.157735824584961
130   4.650717258453369
131   5.1112775802612305
132   4.574969291687012
133   5.517882823944092
134   5.184955596923828
135   5.275487422943115
136   5.764204978942871
137   5.625190258026123
138   4.29798698425293
139   4.777602195739746
140   5.144293308258057
141   5.022806167602539
142   4.797208786010742
143   5.412149429321289
144   4.798072814941406
145   5.317210674285889
146   5.118004322052002
147   5.0394511222839355
148   5.165426254272461
149   4.954064846038818
150   4.810959815979004
151   6.138489723205566
152   5.2853827476501465
153   4.752094268798828
154   5.566944122314453
155   4.901040554046631
156   4.626473903656006
157   4.719293594360352
158   5.301130771636963
159   5.536596775054932
160   6.368777275085449
161   4.9176836013793945
162   4.929013729095459
163   5.003780364990234
164   5.611653804779053
