0   0.0
1   1.3770520687103271
2   1.5018494129180908
3   1.4613680839538574
4   1.5205519199371338
5   1.3440215587615967
6   1.2397159337997437
7   1.2277140617370605
8   1.2845038175582886
9   1.400511622428894
10   2.198810338973999
11   2.425546407699585
12   2.0587940216064453
13   2.603891134262085
14   3.0705134868621826
15   3.3464295864105225
16   3.369751453399658
17   2.9458701610565186
18   3.393876552581787
19   3.6416234970092773
20   3.8839030265808105
21   3.1124768257141113
22   3.1125285625457764
23   2.713620901107788
24   3.1168949604034424
25   4.031675815582275
26   3.940798044204712
27   3.6169180870056152
28   3.6465299129486084
29   3.718559503555298
30   3.510500192642212
31   3.4755747318267822
32   4.582355499267578
33   3.8871841430664063
34   3.181558609008789
35   4.268777370452881
36   4.317893981933594
37   3.3978772163391113
38   3.7892134189605713
39   4.412991046905518
40   3.533269166946411
41   3.627793550491333
42   3.5350992679595947
43   3.626314878463745
44   3.689678430557251
45   3.8122735023498535
46   3.20308256149292
47   3.0351357460021973
48   4.005856037139893
49   3.090324640274048
50   3.8222262859344482
51   3.9962024688720703
52   3.4883151054382324
53   4.56588888168335
54   4.552713871002197
55   3.248891830444336
56   4.488589763641357
57   3.4459404945373535
58   3.8819515705108643
59   4.147190093994141
60   3.6917073726654053
61   2.921788454055786
62   3.536660671234131
63   4.260711193084717
64   4.811868190765381
65   5.105833530426025
66   3.850320339202881
67   4.375029563903809
68   5.187359809875488
69   3.8374903202056885
70   4.740884780883789
71   4.2462639808654785
72   4.4467597007751465
73   3.3262345790863037
74   3.7387688159942627
75   3.8176708221435547
76   4.733776569366455
77   2.9514622688293457
78   3.62408185005188
79   3.484490156173706
80   4.806244850158691
81   3.6394596099853516
82   5.645650386810303
83   4.003259181976318
84   4.418161392211914
85   3.8833489418029785
86   4.046507358551025
87   6.137598991394043
88   3.880157947540283
89   5.105525493621826
90   6.141461372375488
91   5.067718982696533
92   4.654125690460205
93   4.726812362670898
94   3.264740228652954
95   3.5244264602661133
96   3.6204278469085693
97   3.540656328201294
98   3.455900192260742
99   3.6558454036712646
100   4.8811163902282715
101   4.066257953643799
102   3.422884464263916
103   4.1940107345581055
104   4.178826332092285
105   3.643059492111206
106   5.143666744232178
107   4.965673446655273
108   3.8012380599975586
109   3.7707388401031494
110   3.8981871604919434
111   3.8432605266571045
112   3.895019769668579
113   4.044397354125977
114   3.927199125289917
115   4.3408708572387695
116   4.147797584533691
117   4.401256561279297
118   4.749146938323975
119   5.4557576179504395
120   3.5750176906585693
121   4.750024795532227
122   5.141547203063965
123   5.060888767242432
124   5.292261123657227
125   3.5119946002960205
126   4.040834903717041
127   5.232211589813232
128   4.388729095458984
129   4.5603156089782715
130   3.8143694400787354
131   3.4950435161590576
132   3.5159354209899902
133   3.1598575115203857
134   3.5510270595550537
135   4.581149101257324
136   3.7876758575439453
137   4.535902500152588
138   4.2231221199035645
139   3.363811492919922
140   4.8074846267700195
141   3.7261393070220947
142   4.330908298492432
143   4.048156261444092
144   2.800567865371704
145   3.6291656494140625
146   5.881214618682861
147   4.82120418548584
148   4.661933422088623
149   4.111787796020508
150   4.516719341278076
151   4.1378021240234375
152   4.635259628295898
153   5.264162063598633
154   4.367226600646973
155   4.98397159576416
156   3.7422547340393066
157   4.360171794891357
158   4.60804557800293
159   4.257051467895508
160   3.8230483531951904
161   4.210877418518066
162   3.5228655338287354
163   5.513230800628662
164   4.314084529876709
165   3.8568975925445557
166   3.0404293537139893
167   3.279433012008667
168   3.139523983001709
169   4.782149314880371
170   3.1701979637145996
171   3.71488618850708
172   4.308152675628662
173   3.5600528717041016
174   3.7429773807525635
175   4.5060529708862305
176   4.151634216308594
177   4.02462911605835
178   4.3579630851745605
179   3.9401116371154785
180   4.88335657119751
181   4.336953639984131
182   4.465621471405029
183   4.572326183319092
184   4.185272216796875
185   4.480034828186035
186   6.878809452056885
187   5.758617401123047
188   4.714982509613037
189   5.609340667724609
190   4.676205635070801
191   3.907438039779663
192   5.274285793304443
193   5.7538065910339355
194   5.324384689331055
195   5.002355575561523
196   5.288437366485596
197   5.387812614440918
198   4.508066654205322
199   4.287436008453369
200   3.728487253189087
201   3.4911019802093506
202   4.52297830581665
203   6.218301773071289
204   5.962958335876465
205   2.2689130306243896
206   4.267815113067627
207   4.007177352905273
208   3.423532247543335
209   4.088993072509766
210   3.9211089611053467
211   4.436328411102295
212   3.6819844245910645
213   4.75420618057251
1   3.1340761184692383
2   3.563368082046509
3   3.2596049308776855
4   5.474616050720215
5   4.283527374267578
6   5.556113243103027
7   4.478036880493164
8   4.257291793823242
9   4.640313148498535
10   6.070935249328613
11   5.872581481933594
12   4.438472747802734
13   4.719873905181885
14   3.953096628189087
15   6.211506366729736
16   4.3652873039245605
17   4.01793909072876
18   4.819941520690918
19   4.822120666503906
20   4.005082607269287
1   5.778482913970947
2   4.228729248046875
3   5.777715682983398
4   4.27606725692749
5   4.556224346160889
6   3.48781681060791
7   4.065553665161133
8   4.061350345611572
9   3.8168842792510986
10   4.597376346588135
11   3.8232510089874268
12   3.7986299991607666
13   3.8816421031951904
14   3.657210111618042
15   3.053502082824707
16   4.7377705574035645
17   3.853379249572754
18   4.722249507904053
19   3.483370065689087
20   3.8506081104278564
21   4.083642959594727
22   5.986020088195801
23   4.653774738311768
24   4.6602702140808105
25   4.405693531036377
26   4.244121074676514
27   5.052212715148926
28   4.530802249908447
29   4.330093860626221
30   4.571720123291016
31   3.625969886779785
32   4.206831932067871
33   4.516207218170166
34   3.9720797538757324
35   4.948339939117432
36   3.957528591156006
37   4.398982048034668
38   4.162234306335449
39   5.1271820068359375
40   4.162839412689209
41   4.41884708404541
42   4.480922698974609
43   5.220217704772949
44   5.139585971832275
45   4.333590507507324
46   3.795833110809326
47   4.272668361663818
48   3.9777939319610596
49   4.079059600830078
50   4.376801490783691
51   4.194967269897461
52   4.252640724182129
53   4.037464618682861
54   3.8129770755767822
55   5.335546493530273
56   3.6991450786590576
57   4.987035751342773
58   4.402221202850342
59   4.199141025543213
60   4.2106547355651855
61   4.406908988952637
62   5.173768520355225
63   6.343732833862305
64   6.05972146987915
65   5.8378753662109375
66   6.0802507400512695
67   6.0503621101379395
68   6.658976078033447
69   5.989645004272461
70   6.346789836883545
71   5.220398902893066
72   3.6702160835266113
73   4.130399703979492
74   3.678154230117798
75   4.775925636291504
76   5.911042213439941
77   4.541354179382324
78   5.170446872711182
79   4.492319107055664
80   4.086908340454102
81   4.312987804412842
82   4.924365520477295
83   4.047359466552734
84   4.140835285186768
85   5.774155139923096
86   5.6090545654296875
87   6.002538681030273
88   6.182231903076172
89   4.068715572357178
90   5.016594409942627
91   4.399145603179932
92   4.913626194000244
93   4.619134426116943
94   6.177338123321533
95   4.162182331085205
96   5.28127908706665
97   6.29901123046875
98   5.775229454040527
99   4.696157932281494
100   4.873872756958008
101   4.2997026443481445
102   4.341099262237549
103   3.690288782119751
104   4.075342178344727
105   4.489284515380859
106   4.139434337615967
107   4.6758952140808105
108   5.320188999176025
109   4.964107036590576
110   5.001608371734619
111   5.043660640716553
112   4.681972026824951
113   4.305167198181152
114   2.737119197845459
115   3.0402653217315674
116   3.662780523300171
117   4.11942195892334
118   4.142889022827148
119   5.549052715301514
120   4.266425132751465
121   4.2451910972595215
122   4.621038913726807
123   3.9802935123443604
124   4.3788981437683105
125   3.9330861568450928
126   4.911972522735596
127   4.820862293243408
128   4.823968887329102
129   3.9400177001953125
130   4.51881742477417
131   4.480387210845947
132   4.627809524536133
133   4.9378886222839355
134   4.169260025024414
135   5.807666778564453
136   5.137723445892334
137   4.417270183563232
138   3.896601915359497
139   4.400625705718994
140   4.879263401031494
141   5.238306522369385
142   5.9484663009643555
143   4.262177467346191
144   4.44960880279541
145   3.919203042984009
146   4.594233989715576
147   3.3797106742858887
148   3.233029842376709
149   4.228305816650391
150   3.4425647258758545
151   4.136484146118164
152   5.326610088348389
153   5.48176908493042
154   6.2482757568359375
155   5.8952956199646
156   5.698949337005615
157   3.8137571811676025
158   5.088949203491211
159   3.56406831741333
160   3.86505126953125
1   5.392690181732178
2   4.963799476623535
3   3.7146151065826416
4   3.4035608768463135
5   4.225851535797119
6   4.884886264801025
7   4.361365795135498
8   4.65677547454834
9   3.528085231781006
10   4.129120826721191
11   3.830925703048706
12   4.441709041595459
13   4.440799236297607
14   4.611135959625244
15   5.781112194061279
16   5.001923561096191
17   3.7441420555114746
18   4.058176040649414
19   4.564539432525635
20   4.306728839874268
21   4.700880527496338
22   3.813358783721924
23   3.115778684616089
24   3.8437626361846924
25   3.9084455966949463
26   4.501928329467773
27   5.100798606872559
28   3.3677926063537598
29   3.4151041507720947
30   3.6342482566833496
31   3.7811546325683594
32   4.0404052734375
33   3.7418386936187744
34   4.649023056030273
35   5.39935827255249
36   4.64624547958374
37   3.1568620204925537
38   3.3163602352142334
39   4.404752254486084
40   4.744275093078613
41   3.655740976333618
42   4.3286638259887695
43   3.155632734298706
44   3.742642879486084
45   4.3094916343688965
46   4.266881942749023
47   4.818384647369385
48   3.556152582168579
49   3.7372026443481445
50   5.115462779998779
51   3.2633554935455322
52   4.669001579284668
53   5.801422595977783
54   4.951820373535156
55   4.1940813064575195
56   4.580089569091797
57   4.837337970733643
58   4.891598701477051
59   3.532274007797241
60   4.460702896118164
61   4.193301200866699
62   3.509885787963867
63   4.327485084533691
64   4.749519348144531
65   4.77070426940918
66   4.264697551727295
67   3.4842536449432373
68   4.695019245147705
69   3.762035369873047
70   4.9418134689331055
71   4.377697944641113
72   4.113458633422852
73   4.432493686676025
74   3.073103666305542
75   3.3227553367614746
76   2.807950496673584
77   4.124248027801514
78   4.773897171020508
79   3.86850643157959
80   3.7574141025543213
81   4.473987579345703
82   3.4620769023895264
83   3.7814972400665283
84   3.9389827251434326
85   5.314950466156006
86   5.190888404846191
87   6.026360988616943
88   4.82797384262085
89   4.51289176940918
90   2.8314359188079834
91   6.0260162353515625
92   4.2625627517700195
93   4.4496636390686035
94   4.179985046386719
95   4.653706073760986
96   4.8430495262146
97   4.355790138244629
98   4.9306159019470215
99   4.626143455505371
100   3.617324113845825
101   4.80325984954834
102   3.9817402362823486
103   3.6909146308898926
104   3.6624090671539307
105   3.617936372756958
106   3.999220609664917
107   6.271474361419678
108   6.852095603942871
109   6.02126407623291
110   6.077138900756836
111   5.920316219329834
112   5.6911492347717285
113   6.546483993530273
114   5.69218111038208
115   6.473346710205078
116   6.3428802490234375
117   4.900611877441406
118   5.545220851898193
119   3.507993459701538
120   5.8295392990112305
121   4.639493465423584
122   5.381681442260742
123   3.834622621536255
124   4.1933794021606445
125   3.8703184127807617
126   5.330077648162842
127   3.3963332176208496
128   4.028386116027832
129   4.422924995422363
130   3.300973415374756
131   4.422366142272949
132   5.790346145629883
133   4.678674697875977
134   3.7639331817626953
135   4.000607013702393
136   3.769327402114868
137   3.5035672187805176
138   3.2869176864624023
139   4.804259300231934
140   4.317306041717529
141   3.6828701496124268
142   6.148232936859131
143   3.720383644104004
144   3.855008840560913
145   4.36270809173584
146   4.061176776885986
147   3.91848087310791
148   3.4504129886627197
149   2.870911121368408
150   4.031988620758057
151   3.3779032230377197
152   4.206414699554443
153   4.138187408447266
154   5.0043768882751465
155   3.7286133766174316
156   4.076839447021484
157   3.787978410720825
158   4.057556629180908
159   4.427955150604248
160   4.7558722496032715
161   3.9290969371795654
162   3.201890468597412
163   4.519941806793213
164   3.8555688858032227
