0   0.0
1   0.18399851024150848
2   0.18044409155845642
3   0.1819448173046112
4   0.1825251579284668
5   0.18991537392139435
6   0.1951172649860382
7   0.19453631341457367
8   0.19673097133636475
9   0.23666703701019287
10   0.28311070799827576
11   0.4107668697834015
12   0.4464036226272583
13   1.0953009128570557
14   1.7319648265838623
15   1.7870097160339355
16   2.0419423580169678
17   2.0208208560943604
18   1.7754689455032349
19   1.6580551862716675
20   2.2468526363372803
21   1.6382083892822266
22   1.9396306276321411
23   1.6253705024719238
24   2.5549376010894775
25   1.9932794570922852
26   2.125657558441162
27   2.078672170639038
28   1.8874961137771606
29   1.7040938138961792
30   1.7183445692062378
31   1.8047865629196167
32   1.8737623691558838
33   2.1119771003723145
34   1.6141719818115234
35   2.393643617630005
36   1.8450721502304077
37   1.632010817527771
38   2.0197408199310303
39   1.914534330368042
40   1.9423940181732178
41   1.872706651687622
42   1.6122727394104004
43   1.7061619758605957
44   2.4094345569610596
45   2.3014883995056152
46   1.9932113885879517
47   2.5431597232818604
48   1.6814525127410889
49   2.2140417098999023
50   2.147803783416748
51   1.7807759046554565
52   2.4042744636535645
53   2.1199228763580322
54   1.9721848964691162
55   2.2738194465637207
56   2.3191962242126465
57   2.36175799369812
58   2.0829858779907227
59   1.968320608139038
60   1.5320088863372803
61   1.9942543506622314
62   1.5640431642532349
63   1.7118772268295288
64   2.0779216289520264
65   1.7120305299758911
66   1.7228583097457886
67   1.7491796016693115
68   2.214527130126953
69   1.9255422353744507
70   1.8229997158050537
71   2.1540679931640625
72   1.7182040214538574
73   1.5806142091751099
74   1.664131760597229
75   2.316993474960327
76   1.6965008974075317
77   1.7118054628372192
78   1.5763554573059082
79   1.92324697971344
80   2.0129940509796143
81   1.8041863441467285
82   2.4351658821105957
83   1.5757501125335693
84   1.7158881425857544
85   1.7038484811782837
86   1.9858342409133911
87   2.3145532608032227
88   1.8534742593765259
89   2.3327760696411133
90   2.1766445636749268
91   2.1195414066314697
92   1.7824350595474243
93   1.7731719017028809
94   2.3879361152648926
95   2.1411349773406982
96   2.211516857147217
97   2.3423445224761963
98   1.6388063430786133
99   1.9260265827178955
100   1.9723153114318848
101   1.989106297492981
102   2.1261141300201416
103   2.081615686416626
104   1.5985652208328247
105   1.9269503355026245
106   1.8582346439361572
107   2.02186918258667
108   1.59209144115448
109   1.5240283012390137
110   1.9598677158355713
111   1.8911375999450684
112   1.7286767959594727
113   1.8170608282089233
114   1.957345724105835
115   1.8467321395874023
116   1.7838420867919922
117   1.9426614046096802
118   2.2053382396698
119   1.9955787658691406
120   2.0710339546203613
121   1.7719208002090454
122   1.8435468673706055
123   1.64079749584198
124   2.11132550239563
125   1.8210780620574951
126   1.6065179109573364
127   2.0234477519989014
128   1.5494418144226074
129   1.6602193117141724
130   1.6536651849746704
131   1.6557519435882568
132   1.812514066696167
133   1.5645774602890015
134   1.9355634450912476
135   1.8503270149230957
136   2.013521432876587
137   1.660844326019287
138   1.602632999420166
139   1.3802822828292847
140   1.7203049659729004
141   1.5582644939422607
142   1.9863673448562622
143   1.797921061515808
144   1.7000576257705688
145   1.8048087358474731
146   2.078347682952881
147   1.789820909500122
148   2.3198978900909424
149   1.5673242807388306
150   1.8379720449447632
151   1.9062674045562744
152   1.9285838603973389
153   2.000253677368164
154   1.9622423648834229
155   2.1813552379608154
156   1.786428689956665
157   1.9128730297088623
158   1.9155806303024292
159   1.70159912109375
160   2.3155367374420166
161   1.788030982017517
162   1.515291452407837
163   2.1561129093170166
164   1.8963454961776733
165   1.4534833431243896
166   1.2875884771347046
167   1.5143330097198486
168   1.6196454763412476
169   1.6951426267623901
170   1.8297114372253418
171   1.3796309232711792
172   1.6318250894546509
173   1.3209354877471924
174   1.6658985614776611
175   1.688762903213501
176   1.8230485916137695
177   1.5352160930633545
178   1.5211763381958008
179   1.4655135869979858
180   1.5254892110824585
181   1.9528769254684448
182   1.6808104515075684
183   1.8389066457748413
184   1.7104796171188354
185   1.6281156539916992
186   1.7251591682434082
187   1.6359728574752808
188   1.9399439096450806
189   1.743869423866272
190   1.9380543231964111
191   1.5744762420654297
192   1.6612298488616943
193   1.8758106231689453
194   1.8100847005844116
195   1.9092884063720703
196   2.1768720149993896
197   1.7478930950164795
198   2.2909321784973145
199   1.6444987058639526
200   1.6199783086776733
201   1.8683600425720215
202   1.7554413080215454
203   2.0497419834136963
204   1.5945419073104858
205   1.6958249807357788
206   1.7912073135375977
207   1.6975001096725464
208   1.4156838655471802
209   2.029209613800049
210   1.7450342178344727
211   1.9158796072006226
212   1.5226426124572754
213   1.6641868352890015
1   1.5804355144500732
2   1.3462187051773071
3   1.516047477722168
4   2.1801340579986572
5   1.7926428318023682
6   1.769438624382019
7   1.659921646118164
8   1.7469545602798462
9   1.7741588354110718
10   1.7997334003448486
11   1.727915644645691
12   1.748489260673523
13   1.7063989639282227
14   1.9011142253875732
15   1.8910924196243286
16   1.6730732917785645
17   1.626120924949646
18   1.764822006225586
19   2.1684482097625732
20   1.7611421346664429
1   1.9795552492141724
2   1.5538769960403442
3   1.8091692924499512
4   1.5514649152755737
5   1.6625999212265015
6   1.6326451301574707
7   1.691488265991211
8   1.5713363885879517
9   1.779778003692627
10   1.9263954162597656
11   1.3721356391906738
12   1.832085132598877
13   1.9087684154510498
14   1.4757472276687622
15   1.4082952737808228
16   1.564393401145935
17   1.7151503562927246
18   1.9153739213943481
19   1.915797233581543
20   1.6695225238800049
21   1.5087645053863525
22   1.8750622272491455
23   1.526199221611023
24   1.4997055530548096
25   1.539520502090454
26   1.5650678873062134
27   1.8358774185180664
28   1.8744696378707886
29   1.4321821928024292
30   1.5850468873977661
31   1.4971275329589844
32   1.4854265451431274
33   1.743479609489441
34   1.794877290725708
35   2.034148931503296
36   1.6873120069503784
37   1.6039886474609375
38   1.6108099222183228
39   1.5010411739349365
40   1.8407113552093506
41   1.6137545108795166
42   1.422914981842041
43   1.6587164402008057
44   1.5260045528411865
45   1.8500720262527466
46   1.8327291011810303
47   1.5645204782485962
48   1.6955883502960205
49   2.1478326320648193
50   1.9542176723480225
51   1.4271190166473389
52   1.9728198051452637
53   1.6105438470840454
54   1.8036302328109741
55   1.7181053161621094
56   1.5059497356414795
57   1.9131697416305542
58   2.0180153846740723
59   1.9085094928741455
60   1.6542065143585205
61   1.3638705015182495
62   2.001852512359619
63   2.1271250247955322
64   1.7558361291885376
65   1.5412758588790894
66   1.6940081119537354
67   1.8187859058380127
68   1.737157940864563
69   1.8800791501998901
70   2.059514284133911
71   2.0951924324035645
72   1.2537586688995361
73   1.587864637374878
74   1.5072801113128662
75   1.8951246738433838
76   2.085461139678955
77   1.83295476436615
78   1.608279824256897
79   1.7130279541015625
80   1.652958631515503
81   1.6532074213027954
82   2.0081710815429688
83   1.8626972436904907
84   2.0856738090515137
85   2.0984396934509277
86   1.6651593446731567
87   1.8299471139907837
88   1.8383395671844482
89   1.6514394283294678
90   1.8899505138397217
91   1.6056464910507202
92   1.8956233263015747
93   2.076192855834961
94   1.8607393503189087
95   1.7953840494155884
96   2.145272970199585
97   2.025872230529785
98   2.5848283767700195
99   1.8347147703170776
100   1.6911439895629883
101   1.8158875703811646
102   2.121795654296875
103   1.727721929550171
104   1.3403066396713257
105   2.0710525512695313
106   1.994918942451477
107   1.8621323108673096
108   1.7540454864501953
109   1.6195703744888306
110   1.727156400680542
111   1.7843034267425537
112   2.1508164405822754
113   1.7265427112579346
114   2.218905448913574
115   2.297133207321167
116   1.60714852809906
117   1.6208690404891968
118   2.0102126598358154
119   1.9499256610870361
120   1.8215174674987793
121   1.8578741550445557
122   1.9227941036224365
123   1.7748239040374756
124   1.6180174350738525
125   1.4988293647766113
126   1.886256217956543
127   1.8594458103179932
128   1.4930135011672974
129   1.7007142305374146
130   1.8435336351394653
131   1.9077386856079102
132   1.6524449586868286
133   1.798724889755249
134   1.5540907382965088
135   1.9719297885894775
136   1.6799064874649048
137   1.8555819988250732
138   1.6643773317337036
139   1.3851327896118164
140   1.5737040042877197
141   1.723176121711731
142   1.8726279735565186
143   1.6995841264724731
144   1.4532124996185303
145   1.6410092115402222
146   1.5900980234146118
147   1.5989607572555542
148   1.5530085563659668
149   1.635054349899292
150   1.4727140665054321
151   1.813272476196289
152   2.054304361343384
153   1.73378586769104
154   1.7916585206985474
155   1.7289897203445435
156   1.633018136024475
157   1.4847170114517212
158   1.7778244018554688
159   1.4662641286849976
160   1.6083853244781494
1   1.7835627794265747
2   1.5470106601715088
3   1.6505087614059448
4   1.7866188287734985
5   1.4037755727767944
6   1.4335603713989258
7   1.5618400573730469
8   1.7817884683609009
9   1.6713223457336426
10   1.6160508394241333
11   1.5147862434387207
12   1.6813474893569946
13   1.7946739196777344
14   1.8894646167755127
15   1.5227872133255005
16   1.6954532861709595
17   1.8289350271224976
18   1.627772569656372
19   1.8713637590408325
20   1.4766753911972046
21   1.721696138381958
22   1.5451596975326538
23   1.5631905794143677
24   2.0299854278564453
25   1.5826821327209473
26   1.4623016119003296
27   2.0521481037139893
28   1.5755343437194824
29   1.7891801595687866
30   1.608901023864746
31   1.6004225015640259
32   1.615431547164917
33   1.5788987874984741
34   1.7873941659927368
35   1.4984239339828491
36   1.669341802597046
37   1.6570382118225098
38   1.583664894104004
39   1.8906030654907227
40   1.778144121170044
41   1.517879843711853
42   1.5747498273849487
43   1.4799927473068237
44   1.4621338844299316
45   1.4746606349945068
46   1.7319403886795044
47   1.6761491298675537
48   1.6464201211929321
49   1.7431665658950806
50   1.699726939201355
51   1.916176438331604
52   1.6661163568496704
53   1.7420439720153809
54   1.6473453044891357
55   1.7303415536880493
56   1.7009249925613403
57   1.5470951795578003
58   1.6312094926834106
59   1.5184671878814697
60   1.705808401107788
61   1.700881004333496
62   1.6308293342590332
63   1.5980043411254883
64   1.7329972982406616
65   1.8265324831008911
66   1.5981168746948242
67   2.129762887954712
68   1.7812304496765137
69   1.6078135967254639
70   1.6071068048477173
71   1.941727876663208
72   1.6335742473602295
73   1.702061653137207
74   2.1123249530792236
75   1.701058268547058
76   1.4142926931381226
77   1.3557729721069336
78   1.6870898008346558
79   1.5681989192962646
80   1.6484713554382324
81   1.644547939300537
82   1.9374380111694336
83   1.8172694444656372
84   1.8578652143478394
85   1.6933141946792603
86   1.8061017990112305
87   1.8987154960632324
88   1.6539818048477173
89   1.6635740995407104
90   1.5493675470352173
91   1.4702479839324951
92   1.9480777978897095
93   1.5823506116867065
94   1.849769949913025
95   1.58779776096344
96   1.9212111234664917
97   2.104696750640869
98   1.5583031177520752
99   1.7962654829025269
100   2.042064905166626
101   1.7180241346359253
102   2.1552555561065674
103   2.0553479194641113
104   1.308828353881836
105   1.9579733610153198
106   1.4520574808120728
107   1.9164481163024902
108   1.8318138122558594
109   1.7181531190872192
110   1.807426929473877
111   1.6236217021942139
112   2.027740716934204
113   2.2953553199768066
114   1.925206184387207
115   2.1035571098327637
116   1.7668607234954834
117   1.4974288940429688
118   1.5216858386993408
119   2.279228687286377
120   2.0242419242858887
121   1.4843344688415527
122   1.6970584392547607
123   1.7493019104003906
124   1.5001121759414673
125   1.7664542198181152
126   1.6996588706970215
127   1.5803296566009521
128   1.8437843322753906
129   1.6965208053588867
130   1.40964674949646
131   1.5080078840255737
132   1.7239168882369995
133   1.6288866996765137
134   1.6163427829742432
135   1.5313005447387695
136   1.818788766860962
137   1.5589306354522705
138   1.818292260169983
139   1.568863868713379
140   1.530896782875061
141   1.69857919216156
142   1.6433616876602173
143   1.8216290473937988
144   1.7345906496047974
145   1.5479804277420044
146   1.591535210609436
147   1.5404865741729736
148   1.5534650087356567
149   1.4135178327560425
150   1.3065091371536255
151   1.7022067308425903
152   1.6065154075622559
153   1.458939552307129
154   1.9281901121139526
155   1.6143337488174438
156   1.8120367527008057
157   1.8374592065811157
158   1.7688543796539307
159   1.6189963817596436
160   2.0109329223632813
161   1.5658769607543945
162   1.6074615716934204
163   1.8178130388259888
164   1.8804724216461182
