0   0.0
1   0.201132670044899
2   0.209574893116951
3   0.19874955713748932
4   0.20282386243343353
5   0.21451644599437714
6   0.20813173055648804
7   0.21104945242404938
8   0.20527352392673492
9   0.2541632056236267
10   0.30725327134132385
11   0.42785993218421936
12   0.5168222188949585
13   1.053877353668213
14   1.6225738525390625
15   1.8169615268707275
16   2.0479042530059814
17   1.934454321861267
18   1.7656209468841553
19   1.6558345556259155
20   2.11592960357666
21   1.533982276916504
22   1.8574379682540894
23   1.678786277770996
24   2.3618998527526855
25   1.9361443519592285
26   1.8908616304397583
27   1.9032645225524902
28   1.76747465133667
29   1.6826163530349731
30   1.5729931592941284
31   1.7223870754241943
32   1.7028138637542725
33   1.9115108251571655
34   1.5320298671722412
35   2.1601476669311523
36   1.6821404695510864
37   1.4436070919036865
38   1.910664677619934
39   1.7269960641860962
40   1.815441370010376
41   1.7293901443481445
42   1.4963027238845825
43   1.5746170282363892
44   2.2790474891662598
45   2.124269962310791
46   1.8270623683929443
47   2.3852760791778564
48   1.5782909393310547
49   2.0612409114837646
50   2.0024948120117188
51   1.735587477684021
52   2.1946892738342285
53   2.0141408443450928
54   1.8851268291473389
55   2.1860499382019043
56   2.1785640716552734
57   2.1925253868103027
58   2.0372376441955566
59   1.8419742584228516
60   1.478330373764038
61   1.8555314540863037
62   1.459902048110962
63   1.6343544721603394
64   2.1151340007781982
65   1.6799482107162476
66   1.6454201936721802
67   1.7515311241149902
68   2.1585752964019775
69   1.8199352025985718
70   1.7229950428009033
71   1.9200917482376099
72   1.621313452720642
73   1.4794656038284302
74   1.7026606798171997
75   2.296138048171997
76   1.58773672580719
77   1.6490527391433716
78   1.4578815698623657
79   1.7857128381729126
80   1.8409734964370728
81   1.6390570402145386
82   2.364382266998291
83   1.5247950553894043
84   1.6463079452514648
85   1.6616615056991577
86   1.9296234846115112
87   2.234318256378174
88   1.8080527782440186
89   2.271512746810913
90   2.084320068359375
91   2.018765926361084
92   1.7121191024780273
93   1.8092617988586426
94   2.195995330810547
95   2.0018460750579834
96   2.0804595947265625
97   2.17193865776062
98   1.5768520832061768
99   1.8001580238342285
100   2.0188229084014893
101   1.8943631649017334
102   1.9943290948867798
103   2.007094144821167
104   1.6097086668014526
105   1.862108588218689
106   1.8573687076568604
107   1.9730960130691528
108   1.5619624853134155
109   1.51665198802948
110   1.776668667793274
111   1.864380121231079
112   1.7059332132339478
113   1.7492375373840332
114   1.8160431385040283
115   1.7472927570343018
116   1.6536788940429688
117   1.8189395666122437
118   2.0476362705230713
119   1.8265235424041748
120   1.9217534065246582
121   1.6676552295684814
122   1.7108362913131714
123   1.4818130731582642
124   1.9318071603775024
125   1.6065183877944946
126   1.4862593412399292
127   1.8546961545944214
128   1.5290756225585938
129   1.4984130859375
130   1.5688352584838867
131   1.4903374910354614
132   1.6905969381332397
133   1.492363691329956
134   1.818996548652649
135   1.567927598953247
136   1.7955068349838257
137   1.6149035692214966
138   1.5078351497650146
139   1.3267459869384766
140   1.6473503112792969
141   1.4597536325454712
142   1.8696318864822388
143   1.656821608543396
144   1.5125263929367065
145   1.701310157775879
146   1.9880149364471436
147   1.6828124523162842
148   2.1204638481140137
149   1.4703387022018433
150   1.7612018585205078
151   1.7898235321044922
152   1.7761695384979248
153   1.9758192300796509
154   1.8078712224960327
155   2.0870354175567627
156   1.7552703619003296
157   1.786677360534668
158   1.862074375152588
159   1.5443239212036133
160   2.1590828895568848
161   1.653260588645935
162   1.4362375736236572
163   2.047382354736328
164   1.672007441520691
165   1.4052127599716187
166   1.2172043323516846
167   1.4121170043945313
168   1.471686601638794
169   1.6244994401931763
170   1.6710913181304932
171   1.2528170347213745
172   1.5291827917099
173   1.3242671489715576
174   1.5251679420471191
175   1.523665189743042
176   1.6376290321350098
177   1.5001481771469116
178   1.4644615650177002
179   1.3434667587280273
180   1.4830514192581177
181   1.8449335098266602
182   1.49076509475708
183   1.7071703672409058
184   1.5818963050842285
185   1.487116813659668
186   1.7613542079925537
187   1.729638695716858
188   1.7773925065994263
189   1.678170084953308
190   1.7509721517562866
191   1.4938710927963257
192   1.5475889444351196
193   1.789721131324768
194   1.814656138420105
195   1.8407373428344727
196   1.9661656618118286
197   1.681183934211731
198   2.1854326725006104
199   1.582798719406128
200   1.7147990465164185
201   1.6517457962036133
202   1.6937525272369385
203   2.085114002227783
204   1.6135660409927368
205   1.5692936182022095
206   1.616611123085022
207   1.5338555574417114
208   1.3447059392929077
209   1.9585226774215698
210   1.717724323272705
211   1.820339322090149
212   1.4473772048950195
213   1.5809234380722046
1   1.4775819778442383
2   1.3112661838531494
3   1.4329639673233032
4   1.932254672050476
5   1.7010163068771362
6   1.748949408531189
7   1.5840378999710083
8   1.6777608394622803
9   1.6245577335357666
10   1.725481390953064
11   1.6643015146255493
12   1.7458686828613281
13   1.5821999311447144
14   1.7949042320251465
15   1.9456592798233032
16   1.6355751752853394
17   1.5639971494674683
18   1.6736609935760498
19   2.0155179500579834
20   1.714467167854309
1   1.8185468912124634
2   1.4079402685165405
3   1.8272432088851929
4   1.4802438020706177
5   1.5378987789154053
6   1.5152149200439453
7   1.6525007486343384
8   1.4393315315246582
9   1.7194842100143433
10   1.8719345331192017
11   1.2070069313049316
12   1.7651938199996948
13   1.7232955694198608
14   1.405093789100647
15   1.4127256870269775
16   1.4428242444992065
17   1.6793261766433716
18   1.7584631443023682
19   1.7728708982467651
20   1.5371651649475098
21   1.448398470878601
22   1.8203716278076172
23   1.4115232229232788
24   1.374631643295288
25   1.4288907051086426
26   1.4977654218673706
27   1.713118314743042
28   1.7762335538864136
29   1.3879733085632324
30   1.4959290027618408
31   1.3956172466278076
32   1.447389006614685
33   1.6082472801208496
34   1.663802981376648
35   1.9704766273498535
36   1.528168797492981
37   1.5073063373565674
38   1.5333434343338013
39   1.4761987924575806
40   1.6753897666931152
41   1.5130609273910522
42   1.3179901838302612
43   1.522320032119751
44   1.4779119491577148
45   1.7581591606140137
46   1.6964154243469238
47   1.4308522939682007
48   1.5556330680847168
49   2.0312154293060303
50   1.8346294164657593
51   1.4143115282058716
52   1.8968822956085205
53   1.5168105363845825
54   1.8055309057235718
55   1.5983279943466187
56   1.4309070110321045
57   1.745726466178894
58   1.7847198247909546
59   1.8870106935501099
60   1.6583040952682495
61   1.4391570091247559
62   2.0955007076263428
63   2.0621275901794434
64   1.8686851263046265
65   1.7446315288543701
66   1.7709819078445435
67   1.8731979131698608
68   1.9614109992980957
69   2.000627279281616
70   2.1156303882598877
71   2.0440773963928223
72   1.3236472606658936
73   1.7157357931137085
74   1.629848599433899
75   1.8780145645141602
76   2.0125157833099365
77   1.8629591464996338
78   1.5790152549743652
79   1.8086135387420654
80   1.6574633121490479
81   1.761022686958313
82   2.0314176082611084
83   1.7995909452438354
84   1.9276678562164307
85   2.0909361839294434
86   1.797774076461792
87   1.9671944379806519
88   1.9579359292984009
89   1.6178489923477173
90   1.7532603740692139
91   1.591204047203064
92   1.8604296445846558
93   2.1600828170776367
94   1.8981772661209106
95   1.7002977132797241
96   2.096895694732666
97   2.0948081016540527
98   2.4519283771514893
99   1.754464030265808
100   1.628519058227539
101   1.759165644645691
102   1.9988373517990112
103   1.63142991065979
104   1.2952046394348145
105   1.9798717498779297
106   1.8998603820800781
107   1.802098035812378
108   1.688928246498108
109   1.5432666540145874
110   1.673885703086853
111   1.6793063879013062
112   1.951738953590393
113   1.6606296300888062
114   2.0632736682891846
115   2.171217203140259
116   1.531753659248352
117   1.5744746923446655
118   1.8870060443878174
119   1.875960350036621
120   1.7699403762817383
121   1.6754505634307861
122   1.7933125495910645
123   1.651867389678955
124   1.6279164552688599
125   1.4981262683868408
126   1.848833441734314
127   1.8975465297698975
128   1.496484398841858
129   1.6398178339004517
130   1.8610905408859253
131   1.8204715251922607
132   1.590897560119629
133   1.697784185409546
134   1.5167198181152344
135   1.893891453742981
136   1.7300465106964111
137   1.8207736015319824
138   1.6789934635162354
139   1.410593032836914
140   1.6622731685638428
141   1.7785420417785645
142   1.8546546697616577
143   1.788036584854126
144   1.4081182479858398
145   1.470786690711975
146   1.690089464187622
147   1.569119930267334
148   1.5723873376846313
149   1.5598700046539307
150   1.5322158336639404
151   1.8446749448776245
152   2.0214061737060547
153   1.7794893980026245
154   1.9365202188491821
155   1.7043921947479248
156   1.7108641862869263
157   1.5329042673110962
158   1.7158616781234741
159   1.5258362293243408
160   1.5871073007583618
1   1.6247076988220215
2   1.4238438606262207
3   1.5970261096954346
4   1.7251255512237549
5   1.331870675086975
6   1.4618093967437744
7   1.4380074739456177
8   1.7137411832809448
9   1.558109998703003
10   1.4825223684310913
11   1.4296194314956665
12   1.6752408742904663
13   1.7352861166000366
14   1.6520824432373047
15   1.465142846107483
16   1.6220121383666992
17   1.6952821016311646
18   1.561418056488037
19   1.7481293678283691
20   1.4079575538635254
21   1.6080690622329712
22   1.5013231039047241
23   1.4398506879806519
24   1.8654110431671143
25   1.4913957118988037
26   1.3166475296020508
27   1.8891884088516235
28   1.4733797311782837
29   1.6074949502944946
30   1.4473772048950195
31   1.4984749555587769
32   1.5245933532714844
33   1.4827371835708618
34   1.847612977027893
35   1.4215246438980103
36   1.5879933834075928
37   1.5849112272262573
38   1.4476206302642822
39   1.934940218925476
40   1.9493420124053955
41   1.4689669609069824
42   1.4191946983337402
43   1.4052211046218872
44   1.3146896362304688
45   1.3300420045852661
46   1.6484849452972412
47   1.5599066019058228
48   1.5331755876541138
49   1.6178852319717407
50   1.5602688789367676
51   1.6930235624313354
52   1.6124852895736694
53   1.719093680381775
54   1.5590823888778687
55   1.616239309310913
56   1.6348658800125122
57   1.4559688568115234
58   1.6152236461639404
59   1.4439793825149536
60   1.6163079738616943
61   1.566652536392212
62   1.5528734922409058
63   1.5347281694412231
64   1.5263469219207764
65   1.6781295537948608
66   1.5357109308242798
67   2.0815367698669434
68   1.7401583194732666
69   1.497812032699585
70   1.4572060108184814
71   1.8149125576019287
72   1.518465280532837
73   1.5027035474777222
74   1.9631422758102417
75   1.591839075088501
76   1.353029727935791
77   1.2608309984207153
78   1.6150652170181274
79   1.3942651748657227
80   1.6031819581985474
81   1.5215719938278198
82   1.875848650932312
83   1.706272006034851
84   1.7232004404067993
85   1.6531709432601929
86   1.6425902843475342
87   1.8798468112945557
88   1.5511659383773804
89   1.5796282291412354
90   1.4347995519638062
91   1.420649528503418
92   1.8634394407272339
93   1.4614617824554443
94   1.7373501062393188
95   1.5533555746078491
96   1.7239675521850586
97   1.8970818519592285
98   1.4397093057632446
99   1.7366398572921753
100   1.9085747003555298
101   1.6041109561920166
102   1.995964527130127
103   1.8620718717575073
104   1.2493771314620972
105   1.890028476715088
106   1.3328090906143188
107   1.9832940101623535
108   1.8547277450561523
109   1.7063837051391602
110   1.7371525764465332
111   1.5758744478225708
112   2.037221908569336
113   2.378206491470337
114   1.9080983400344849
115   2.1656274795532227
116   1.7878804206848145
117   1.4836997985839844
118   1.4892475605010986
119   1.9439085721969604
120   1.9743010997772217
121   1.3431425094604492
122   1.6497409343719482
123   1.7058942317962646
124   1.4124735593795776
125   1.5185054540634155
126   1.7538166046142578
127   1.4389935731887817
128   1.6584256887435913
129   1.5949469804763794
130   1.3643741607666016
131   1.4989081621170044
132   1.6896861791610718
133   1.5247868299484253
134   1.5024430751800537
135   1.4552661180496216
136   1.6940943002700806
137   1.391444444656372
138   1.7575657367706299
139   1.5038917064666748
140   1.4532312154769897
141   1.5976108312606812
142   1.59723699092865
143   1.6868162155151367
144   1.605309247970581
145   1.5314849615097046
146   1.5078386068344116
147   1.370044469833374
148   1.5060701370239258
149   1.3653875589370728
150   1.2391433715820313
151   1.5462913513183594
152   1.459932565689087
153   1.3495146036148071
154   1.8707131147384644
155   1.521966814994812
156   1.7876724004745483
157   1.7748372554779053
158   1.733944058418274
159   1.5045005083084106
160   1.7980103492736816
161   1.5017520189285278
162   1.5830844640731812
163   1.7235517501831055
164   1.7409725189208984
